0	0.0	
1	0.0	
2	0.0	
3	0.0	
4	0.0	
5	0.0	
6	0.0	
7	0.0	
8	0.0	
9	0.0	
10	0.0	
11	0.0	
12	0.0	
13	0.0	
14	0.0	
15	0.0	
16	0.0	
17	0.0	
18	0.0	
19	0.0	
20	0.0	
21	0.0	
22	0.0	
23	0.0	
24	0.0	
25	0.0	
26	0.0	
27	0.0	
28	0.0	
29	0.0	
30	0.0	
31	0.0	
32	0.0	
33	0.0	
34	0.0223878333148	
35	0.0223878333148	
36	0.0223878333148	
37	0.0223878333148	
38	0.0226878783215	
39	0.0226878783215	
40	0.0226878783215	
41	0.0226878783215	
42	0.0226878783215	
43	0.0226878783215	
44	0.0226878783215	
45	0.0226878783215	
46	0.0226878783215	
47	0.0226878783215	
48	0.0226878783215	
49	0.0226878783215	
50	0.0226878783215	
51	0.0226878783215	
52	0.0226878783215	
53	0.0228379008249	
54	0.0228379008249	
55	0.0228379008249	
56	0.0340318174823	
57	0.0340318174823	
58	0.0340318174823	
59	0.0340318174823	
60	0.0340318174823	
61	0.0340318174823	
62	0.0340318174823	
63	0.0340318174823	
64	0.0340318174823	
65	0.0340318174823	
66	0.0340318174823	
67	0.0340318174823	
68	0.0341818399857	
69	0.0341818399857	
70	0.0341818399857	
71	0.0341818399857	
72	0.0341818399857	
73	0.0341818399857	
74	0.0341818399857	
75	0.0341818399857	
76	0.0341818399857	
77	0.0341818399857	
78	0.0453757566431	
79	0.0453757566431	
80	0.0453757566431	
81	0.0453757566431	
82	0.0453757566431	
83	0.0455257791465	
84	0.0455257791465	
85	0.0455257791465	
86	0.0455257791465	
87	0.0455257791465	
88	0.0455257791465	
89	0.0455257791465	
90	0.0455257791465	
91	0.0455257791465	
92	0.0455257791465	
93	0.0455257791465	
94	0.0455257791465	
95	0.0455257791465	
96	0.0455257791465	
97	0.0455257791465	
98	0.0456758016498	
99	0.0456758016498	
100	0.0568697183072	
101	0.0568697183072	
102	0.0568697183072	
103	0.0568697183072	
104	0.0568697183072	
105	0.0568697183072	
106	0.0568697183072	
107	0.0568697183072	
108	0.0568697183072	
109	0.0568697183072	
110	0.0568697183072	
111	0.0568697183072	
112	0.0568697183072	
113	0.0570197408106	
114	0.0570197408106	
115	0.0570197408106	
116	0.0570197408106	
117	0.0570197408106	
118	0.0570197408106	
119	0.0570197408106	
120	0.0570197408106	
121	0.0570197408106	
122	0.0570197408106	
123	0.068213657468	
124	0.068213657468	
125	0.068213657468	
126	0.068213657468	
127	0.068213657468	
128	0.0683636799714	
129	0.0683636799714	
130	0.0683636799714	
131	0.0683636799714	
132	0.0683636799714	
133	0.0683636799714	
134	0.0683636799714	
135	0.0683636799714	
136	0.0683636799714	
137	0.0683636799714	
138	0.0683636799714	
139	0.0683636799714	
140	0.0683636799714	
141	0.0683636799714	
142	0.0683636799714	
143	0.0685137024748	
144	0.0685137024748	
145	0.0797076191322	
146	0.0797076191322	
147	0.0797076191322	
148	0.0797076191322	
149	0.0797076191322	
150	0.0797076191322	
151	0.0797076191322	
152	0.0797076191322	
153	0.0797076191322	
154	0.0797076191322	
155	0.0797076191322	
156	0.0797076191322	
157	0.0797076191322	
158	0.0798576416355	
159	0.0798576416355	
160	0.0798576416355	
161	0.0798576416355	
162	0.0798576416355	
163	0.0798576416355	
164	0.0798576416355	
165	0.0798576416355	
166	0.0798576416355	
167	0.0984044920894	
168	0.0984044920894	
169	0.0984044920894	
170	0.0984044920894	
171	0.0984044920894	
172	0.0984044920894	
173	0.0985545145928	
174	0.0985545145928	
175	0.0985545145928	
176	0.0985545145928	
177	0.0985545145928	
178	0.0985545145928	
179	0.0985545145928	
180	0.0985545145928	
181	0.0985545145928	
182	0.0985545145928	
183	0.0985545145928	
184	0.0985545145928	
185	0.0985545145928	
186	0.0985545145928	
187	0.0985545145928	
188	0.0987045370962	
189	0.109898453754	
190	0.109898453754	
191	0.109898453754	
192	0.109898453754	
193	0.109898453754	
194	0.109898453754	
195	0.109898453754	
196	0.109898453754	
197	0.109898453754	
198	0.109898453754	
199	0.109898453754	
200	0.109898453754	
201	0.109898453754	
202	0.109898453754	
203	0.110048476257	
204	0.110048476257	
205	0.110048476257	
206	0.110048476257	
207	0.110048476257	
208	0.110048476257	
209	0.110048476257	
210	0.110048476257	
211	0.110048476257	
212	0.121242392914	
213	0.121242392914	
214	0.121242392914	
215	0.121242392914	
216	0.121242392914	
217	0.121242392914	
218	0.121392415418	
219	0.121392415418	
220	0.121392415418	
221	0.121392415418	
222	0.121392415418	
223	0.121392415418	
224	0.121392415418	
225	0.121392415418	
226	0.121392415418	
227	0.121392415418	
228	0.121392415418	
229	0.121392415418	
230	0.121392415418	
231	0.121392415418	
232	0.121392415418	
233	0.121542437921	
234	0.132736354579	
235	0.132736354579	
236	0.132736354579	
237	0.132736354579	
238	0.132736354579	
239	0.132736354579	
240	0.132736354579	
241	0.132736354579	
242	0.132736354579	
243	0.132736354579	
244	0.132736354579	
245	0.132736354579	
246	0.132736354579	
247	0.132736354579	
248	0.132886377082	
249	0.13656284398	
250	0.13656284398	
251	0.13656284398	
252	0.13656284398	
253	0.13656284398	
254	0.13656284398	
255	0.13656284398	
256	0.147756760638	
257	0.147756760638	
258	0.147756760638	
259	0.147756760638	
260	0.147756760638	
261	0.147756760638	
262	0.147756760638	
263	0.147906783141	
264	0.147906783141	
265	0.147906783141	
266	0.147906783141	
267	0.147906783141	
268	0.147906783141	
269	0.147906783141	
270	0.147906783141	
271	0.147906783141	
272	0.147906783141	
273	0.147906783141	
274	0.147906783141	
275	0.147906783141	
276	0.147906783141	
277	0.147906783141	
278	0.159250722302	
279	0.159250722302	
280	0.159250722302	
281	0.159250722302	
282	0.159250722302	
283	0.159250722302	
284	0.159250722302	
285	0.159250722302	
286	0.159250722302	
287	0.159250722302	
288	0.159250722302	
289	0.159250722302	
290	0.159250722302	
291	0.159250722302	
292	0.159250722302	
293	0.159400744805	
294	0.159400744805	
295	0.159400744805	
296	0.159400744805	
297	0.159400744805	
298	0.159400744805	
299	0.159400744805	
300	0.170594661462	
301	0.170594661462	
302	0.170594661462	
303	0.170594661462	
304	0.170594661462	
305	0.170594661462	
306	0.170594661462	
307	0.170594661462	
308	0.170744683966	
309	0.170744683966	
310	0.170744683966	
311	0.170744683966	
312	0.170744683966	
313	0.170744683966	
314	0.170744683966	
315	0.170744683966	
316	0.170744683966	
317	0.170744683966	
318	0.170744683966	
319	0.170744683966	
320	0.170744683966	
321	0.170744683966	
322	0.170744683966	
323	0.182088623127	
324	0.182088623127	
325	0.182088623127	
326	0.182088623127	
327	0.182088623127	
328	0.182088623127	
329	0.182088623127	
330	0.182088623127	
331	0.185765090025	
332	0.185765090025	
333	0.185765090025	
334	0.185765090025	
335	0.185765090025	
336	0.185765090025	
337	0.185765090025	
338	0.185915112528	
339	0.185915112528	
340	0.185915112528	
341	0.185915112528	
342	0.185915112528	
343	0.185915112528	
344	0.185915112528	
345	0.197109029186	
346	0.197109029186	
347	0.197109029186	
348	0.197109029186	
349	0.197109029186	
350	0.197109029186	
351	0.197109029186	
352	0.197109029186	
353	0.197259051689	
354	0.197259051689	
355	0.197259051689	
356	0.197259051689	
357	0.197259051689	
358	0.197259051689	
359	0.197259051689	
360	0.197259051689	
361	0.197259051689	
362	0.197259051689	
363	0.197259051689	
364	0.197259051689	
365	0.197259051689	
366	0.197259051689	
367	0.208452968346	
368	0.20860299085	
369	0.20860299085	
370	0.20860299085	
371	0.20860299085	
372	0.20860299085	
373	0.20860299085	
374	0.20860299085	
375	0.20860299085	
376	0.20860299085	
377	0.20860299085	
378	0.20860299085	
379	0.20860299085	
380	0.20860299085	
381	0.20860299085	
382	0.20860299085	
383	0.208753013353	
384	0.208753013353	
385	0.208753013353	
386	0.208753013353	
387	0.208753013353	
388	0.208753013353	
389	0.219946930011	
390	0.219946930011	
391	0.219946930011	
392	0.219946930011	
393	0.219946930011	
394	0.219946930011	
395	0.219946930011	
396	0.219946930011	
397	0.219946930011	
398	0.220096952514	
399	0.220096952514	
400	0.220096952514	
401	0.220096952514	
402	0.220096952514	
403	0.220096952514	
404	0.220096952514	
405	0.220096952514	
406	0.220096952514	
407	0.220096952514	
408	0.220096952514	
409	0.220096952514	
410	0.220096952514	
411	0.220096952514	
412	0.231290869171	
413	0.235117358573	
414	0.235117358573	
415	0.235117358573	
416	0.235117358573	
417	0.235117358573	
418	0.235117358573	
419	0.235117358573	
420	0.235117358573	
421	0.235117358573	
422	0.235117358573	
423	0.235117358573	
424	0.235117358573	
425	0.235117358573	
426	0.235117358573	
427	0.235117358573	
428	0.235267381076	
429	0.235267381076	
430	0.235267381076	
431	0.235267381076	
432	0.235267381076	
433	0.235267381076	
434	0.246461297734	
435	0.246461297734	
436	0.246461297734	
437	0.246461297734	
438	0.246461297734	
439	0.246461297734	
440	0.246461297734	
441	0.246461297734	
442	0.246461297734	
443	0.246611320237	
444	0.246611320237	
445	0.246611320237	
446	0.246611320237	
447	0.246611320237	
448	0.246611320237	
449	0.246611320237	
450	0.246611320237	
451	0.246611320237	
452	0.246611320237	
453	0.246611320237	
454	0.246611320237	
455	0.246611320237	
456	0.257805236894	
457	0.257805236894	
458	0.257955259398	
459	0.257955259398	
460	0.257955259398	
461	0.257955259398	
462	0.257955259398	
463	0.257955259398	
464	0.257955259398	
465	0.257955259398	
466	0.257955259398	
467	0.257955259398	
468	0.257955259398	
469	0.257955259398	
470	0.257955259398	
471	0.257955259398	
472	0.257955259398	
473	0.258105281901	
474	0.258105281901	
475	0.258105281901	
476	0.258105281901	
477	0.258105281901	
478	0.269299198559	
479	0.269299198559	
480	0.269299198559	
481	0.269299198559	
482	0.269299198559	
483	0.269299198559	
484	0.269299198559	
485	0.269299198559	
486	0.269299198559	
487	0.269299198559	
488	0.269449221062	
489	0.269449221062	
490	0.269449221062	
491	0.269449221062	
492	0.269449221062	
493	0.269449221062	
494	0.269449221062	
495	0.27312568796	
496	0.27312568796	
497	0.27312568796	
498	0.27312568796	
499	0.27312568796	
500	0.284319604618	
501	0.284319604618	
502	0.284319604618	
503	0.284319604618	
504	0.284469627121	
505	0.284469627121	
506	0.284469627121	
507	0.284469627121	
508	0.284469627121	
509	0.284469627121	
510	0.284469627121	
511	0.284469627121	
512	0.284469627121	
513	0.284469627121	
514	0.284469627121	
515	0.284469627121	
516	0.284469627121	
517	0.284469627121	
518	0.284469627121	
519	0.284619649624	
520	0.284619649624	
521	0.284619649624	
522	0.284619649624	
523	0.295813566282	
524	0.295813566282	
525	0.295813566282	
526	0.295813566282	
527	0.295813566282	
528	0.295813566282	
529	0.295813566282	
530	0.295813566282	
531	0.295813566282	
532	0.295813566282	
533	0.295813566282	
534	0.295963588785	
535	0.295963588785	
536	0.295963588785	
537	0.295963588785	
538	0.295963588785	
539	0.295963588785	
540	0.295963588785	
541	0.295963588785	
542	0.295963588785	
543	0.295963588785	
544	0.295963588785	
545	0.307157505443	
546	0.307157505443	
547	0.307157505443	
548	0.307157505443	
549	0.307307527946	
550	0.307307527946	
551	0.307307527946	
552	0.307307527946	
553	0.307307527946	
554	0.307307527946	
555	0.307307527946	
556	0.307307527946	
557	0.307307527946	
558	0.307307527946	
559	0.307307527946	
560	0.307307527946	
561	0.307307527946	
562	0.307307527946	
563	0.307307527946	
564	0.307457550449	
565	0.307457550449	
566	0.307457550449	
567	0.318651467107	
568	0.318651467107	
569	0.318651467107	
570	0.318651467107	
571	0.318651467107	
572	0.318651467107	
573	0.318651467107	
574	0.318651467107	
575	0.318651467107	
576	0.318651467107	
577	0.322327934005	
578	0.322327934005	
579	0.322477956508	
580	0.322477956508	
581	0.322477956508	
582	0.322477956508	
583	0.322477956508	
584	0.322477956508	
585	0.322477956508	
586	0.322477956508	
587	0.322477956508	
588	0.322477956508	
589	0.333671873166	
590	0.333671873166	
591	0.333671873166	
592	0.333671873166	
593	0.333671873166	
594	0.333821895669	
595	0.333821895669	
596	0.333821895669	
597	0.333821895669	
598	0.333821895669	
599	0.333821895669	
600	0.333821895669	
601	0.333821895669	
602	0.333821895669	
603	0.333821895669	
604	0.333821895669	
605	0.333821895669	
606	0.333821895669	
607	0.333821895669	
608	0.333821895669	
609	0.333971918172	
610	0.333971918172	
611	0.333971918172	
612	0.34516583483	
613	0.34516583483	
614	0.34516583483	
615	0.34516583483	
616	0.34516583483	
617	0.34516583483	
618	0.34516583483	
619	0.34516583483	
620	0.34516583483	
621	0.34516583483	
622	0.34516583483	
623	0.34516583483	
624	0.345315857333	
625	0.345315857333	
626	0.345315857333	
627	0.345315857333	
628	0.345315857333	
629	0.345315857333	
630	0.345315857333	
631	0.345315857333	
632	0.345315857333	
633	0.345315857333	
634	0.356509773991	
635	0.356509773991	
636	0.356509773991	
637	0.356509773991	
638	0.356509773991	
639	0.356659796494	
640	0.356659796494	
641	0.356659796494	
642	0.356659796494	
643	0.356659796494	
644	0.356659796494	
645	0.356659796494	
646	0.356659796494	
647	0.356659796494	
648	0.356659796494	
649	0.356659796494	
650	0.356659796494	
651	0.356659796494	
652	0.356659796494	
653	0.356659796494	
654	0.356809818997	
655	0.356809818997	
656	0.368003735655	
657	0.368003735655	
658	0.368003735655	
659	0.371680202553	
660	0.371680202553	
661	0.371680202553	
662	0.371680202553	
663	0.371680202553	
664	0.371680202553	
665	0.371680202553	
666	0.371680202553	
667	0.371680202553	
668	0.371680202553	
669	0.371830225056	
670	0.371830225056	
671	0.371830225056	
672	0.371830225056	
673	0.371830225056	
674	0.371830225056	
675	0.371830225056	
676	0.371830225056	
677	0.371830225056	
678	0.383024141714	
679	0.383024141714	
680	0.383024141714	
681	0.383024141714	
682	0.383024141714	
683	0.383024141714	
684	0.383174164217	
685	0.383174164217	
686	0.383174164217	
687	0.383174164217	
688	0.383174164217	
689	0.383174164217	
690	0.383174164217	
691	0.383174164217	
692	0.383174164217	
693	0.383174164217	
694	0.383174164217	
695	0.383174164217	
696	0.383174164217	
697	0.383174164217	
698	0.383174164217	
699	0.383324186721	
700	0.394518103378	
701	0.394518103378	
702	0.394518103378	
703	0.394518103378	
704	0.394518103378	
705	0.394518103378	
706	0.394518103378	
707	0.394518103378	
708	0.394518103378	
709	0.394518103378	
710	0.394518103378	
711	0.394518103378	
712	0.394518103378	
713	0.394518103378	
714	0.394668125881	
715	0.394668125881	
716	0.394668125881	
717	0.394668125881	
718	0.394668125881	
719	0.394668125881	
720	0.394668125881	
721	0.394668125881	
722	0.394668125881	
723	0.405862042539	
724	0.405862042539	
725	0.405862042539	
726	0.405862042539	
727	0.405862042539	
728	0.405862042539	
729	0.406012065042	
730	0.406012065042	
731	0.406012065042	
732	0.406012065042	
733	0.406012065042	
734	0.406012065042	
735	0.406012065042	
736	0.406012065042	
737	0.406012065042	
738	0.406012065042	
739	0.406012065042	
740	0.406012065042	
741	0.40968853194	
742	0.40968853194	
743	0.40968853194	
744	0.409838554444	
745	0.421032471101	
746	0.421032471101	
747	0.421032471101	
748	0.421032471101	
749	0.421032471101	
750	0.421032471101	
751	0.421032471101	
752	0.421032471101	
753	0.421032471101	
754	0.421032471101	
755	0.421032471101	
756	0.421032471101	
757	0.421032471101	
758	0.421032471101	
759	0.421182493605	
760	0.421182493605	
761	0.421182493605	
762	0.421182493605	
763	0.421182493605	
764	0.421182493605	
765	0.421182493605	
766	0.421182493605	
767	0.432376410262	
768	0.432376410262	
769	0.432376410262	
770	0.432376410262	
771	0.432376410262	
772	0.432376410262	
773	0.432376410262	
774	0.432526432765	
775	0.432526432765	
776	0.432526432765	
777	0.432526432765	
778	0.432526432765	
779	0.432526432765	
780	0.432526432765	
781	0.432526432765	
782	0.432526432765	
783	0.432526432765	
784	0.432526432765	
785	0.432526432765	
786	0.432526432765	
787	0.432526432765	
788	0.432526432765	
789	0.443870371926	
790	0.443870371926	
791	0.443870371926	
792	0.443870371926	
793	0.443870371926	
794	0.443870371926	
795	0.443870371926	
796	0.443870371926	
797	0.443870371926	
798	0.443870371926	
799	0.443870371926	
800	0.443870371926	
801	0.443870371926	
802	0.443870371926	
803	0.443870371926	
804	0.444020394429	
805	0.444020394429	
806	0.444020394429	
807	0.444020394429	
808	0.444020394429	
809	0.444020394429	
810	0.444020394429	
811	0.444020394429	
812	0.455214311087	
813	0.455214311087	
814	0.455214311087	
815	0.455214311087	
816	0.455214311087	
817	0.455214311087	
818	0.455214311087	
819	0.45536433359	
820	0.45536433359	
821	0.45536433359	
822	0.45536433359	
823	0.459040800488	
824	0.459040800488	
825	0.459040800488	
826	0.459040800488	
827	0.459040800488	
828	0.459040800488	
829	0.459040800488	
830	0.459040800488	
831	0.459040800488	
832	0.459040800488	
833	0.459040800488	
834	0.470384739649	
835	0.470384739649	
836	0.470384739649	
837	0.470384739649	
838	0.470384739649	
839	0.470384739649	
840	0.470384739649	
841	0.470384739649	
842	0.470384739649	
843	0.470384739649	
844	0.470384739649	
845	0.470384739649	
846	0.470384739649	
847	0.470384739649	
848	0.470384739649	
849	0.470534762153	
850	0.470534762153	
851	0.470534762153	
852	0.470534762153	
853	0.470534762153	
854	0.470534762153	
855	0.470534762153	
856	0.48172867881	
857	0.48172867881	
858	0.48172867881	
859	0.48172867881	
860	0.48172867881	
861	0.48172867881	
862	0.48172867881	
863	0.48172867881	
864	0.481878701313	
865	0.481878701313	
866	0.481878701313	
867	0.481878701313	
868	0.481878701313	
869	0.481878701313	
870	0.481878701313	
871	0.481878701313	
872	0.481878701313	
873	0.481878701313	
874	0.481878701313	
875	0.481878701313	
876	0.481878701313	
877	0.481878701313	
878	0.493072617971	
879	0.493222640474	
880	0.493222640474	
881	0.493222640474	
882	0.493222640474	
883	0.493222640474	
884	0.493222640474	
885	0.493222640474	
886	0.493222640474	
887	0.493222640474	
888	0.493222640474	
889	0.493222640474	
890	0.493222640474	
891	0.493222640474	
892	0.493222640474	
893	0.493222640474	
894	0.493372662978	
895	0.493372662978	
896	0.493372662978	
897	0.493372662978	
898	0.493372662978	
899	0.493372662978	
900	0.504566579635	
901	0.504566579635	
902	0.504566579635	
903	0.504566579635	
904	0.504566579635	
905	0.508243046533	
906	0.508243046533	
907	0.508243046533	
908	0.508243046533	
909	0.508393069037	
910	0.508393069037	
911	0.508393069037	
912	0.508393069037	
913	0.508393069037	
914	0.508393069037	
915	0.508393069037	
916	0.508393069037	
917	0.508393069037	
918	0.508393069037	
919	0.508393069037	
920	0.508393069037	
921	0.508393069037	
922	0.508393069037	
923	0.519586985694	
924	0.519737008197	
925	0.519737008197	
926	0.519737008197	
927	0.519737008197	
928	0.519737008197	
929	0.519737008197	
930	0.519737008197	
931	0.519737008197	
932	0.519737008197	
933	0.519737008197	
934	0.519737008197	
935	0.519737008197	
936	0.519737008197	
937	0.519737008197	
938	0.519737008197	
939	0.519887030701	
940	0.519887030701	
941	0.519887030701	
942	0.519887030701	
943	0.519887030701	
944	0.519887030701	
945	0.531080947358	
946	0.531080947358	
947	0.531080947358	
948	0.531080947358	
949	0.531080947358	
950	0.531080947358	
951	0.531080947358	
952	0.531080947358	
953	0.531080947358	
954	0.531230969861	
955	0.531230969861	
956	0.531230969861	
957	0.531230969861	
958	0.531230969861	
959	0.531230969861	
960	0.531230969861	
961	0.531230969861	
962	0.531230969861	
963	0.531230969861	
964	0.531230969861	
965	0.531230969861	
966	0.531230969861	
967	0.542424886519	
968	0.542424886519	
969	0.542574909022	
970	0.542574909022	
971	0.542574909022	
972	0.542574909022	
973	0.542574909022	
974	0.542574909022	
975	0.542574909022	
976	0.542574909022	
977	0.542574909022	
978	0.542574909022	
979	0.542574909022	
980	0.542574909022	
981	0.542574909022	
982	0.542574909022	
983	0.542574909022	
984	0.542724931526	
985	0.542724931526	
986	0.546401398424	
987	0.546401398424	
988	0.546401398424	
989	0.557595315081	
990	0.557595315081	
991	0.557595315081	
992	0.557595315081	
993	0.557595315081	
994	0.557595315081	
995	0.557595315081	
996	0.557595315081	
997	0.557595315081	
998	0.557595315081	
999	0.557745337585	
1000	0.557745337585	
1001	0.557745337585	
1002	0.557745337585	
1003	0.557745337585	
1004	0.557745337585	
1005	0.557745337585	
1006	0.557745337585	
1007	0.557745337585	
1008	0.557745337585	
1009	0.557745337585	
1010	0.557745337585	
1011	0.557745337585	
1012	0.568939254242	
1013	0.568939254242	
1014	0.569089276745	
1015	0.569089276745	
1016	0.569089276745	
1017	0.569089276745	
1018	0.569089276745	
1019	0.569089276745	
1020	0.569089276745	
1021	0.569089276745	
1022	0.569089276745	
1023	0.569089276745	
1024	0.569089276745	
1025	0.569089276745	
1026	0.569089276745	
1027	0.569089276745	
1028	0.569089276745	
1029	0.569239299249	
1030	0.569239299249	
1031	0.569239299249	
1032	0.569239299249	
1033	0.569239299249	
1034	0.580433215906	
1035	0.580433215906	
1036	0.580433215906	
1037	0.580433215906	
1038	0.580433215906	
1039	0.580433215906	
1040	0.580433215906	
1041	0.580433215906	
1042	0.580433215906	
1043	0.580433215906	
1044	0.58058323841	
1045	0.58058323841	
1046	0.58058323841	
1047	0.58058323841	
1048	0.58058323841	
1049	0.58058323841	
1050	0.58058323841	
1051	0.58058323841	
1052	0.58058323841	
1053	0.58058323841	
1054	0.58058323841	
1055	0.58058323841	
1056	0.591777155067	
1057	0.591777155067	
1058	0.591777155067	
1059	0.59192717757	
1060	0.59192717757	
1061	0.59192717757	
1062	0.59192717757	
1063	0.59192717757	
1064	0.59192717757	
1065	0.59192717757	
1066	0.59192717757	
1067	0.59192717757	
1068	0.595603644469	
1069	0.595603644469	
1070	0.595603644469	
1071	0.595603644469	
1072	0.595603644469	
1073	0.595603644469	
1074	0.595753666972	
1075	0.595753666972	
1076	0.595753666972	
1077	0.595753666972	
1078	0.606947583629	
1079	0.606947583629	
1080	0.606947583629	
1081	0.606947583629	
1082	0.606947583629	
1083	0.606947583629	
1084	0.606947583629	
1085	0.606947583629	
1086	0.606947583629	
1087	0.606947583629	
1088	0.606947583629	
1089	0.607097606133	
1090	0.607097606133	
1091	0.607097606133	
1092	0.607097606133	
1093	0.607097606133	
1094	0.607097606133	
1095	0.607097606133	
1096	0.607097606133	
1097	0.607097606133	
1098	0.607097606133	
1099	0.607097606133	
1100	0.61829152279	
1101	0.61829152279	
1102	0.61829152279	
1103	0.61829152279	
1104	0.618441545294	
1105	0.618441545294	
1106	0.618441545294	
1107	0.618441545294	
1108	0.618441545294	
1109	0.618441545294	
1110	0.618441545294	
1111	0.618441545294	
1112	0.618441545294	
1113	0.618441545294	
1114	0.618441545294	
1115	0.618441545294	
1116	0.618441545294	
1117	0.618441545294	
1118	0.618441545294	
1119	0.618591567797	
1120	0.618591567797	
1121	0.618591567797	
1122	0.618591567797	
1123	0.629785484454	
1124	0.629785484454	
1125	0.629785484454	
1126	0.629785484454	
1127	0.629785484454	
1128	0.629785484454	
1129	0.629785484454	
1130	0.629785484454	
1131	0.629785484454	
1132	0.629785484454	
1133	0.629785484454	
1134	0.629935506958	
1135	0.629935506958	
1136	0.629935506958	
1137	0.629935506958	
1138	0.629935506958	
1139	0.629935506958	
1140	0.629935506958	
1141	0.629935506958	
1142	0.629935506958	
1143	0.629935506958	
1144	0.629935506958	
1145	0.641129423615	
1146	0.641129423615	
1147	0.641129423615	
1148	0.641129423615	
1149	0.641279446118	
1150	0.644955913017	
1151	0.644955913017	
1152	0.644955913017	
1153	0.644955913017	
1154	0.644955913017	
1155	0.644955913017	
1156	0.644955913017	
1157	0.644955913017	
1158	0.644955913017	
1159	0.644955913017	
1160	0.644955913017	
1161	0.644955913017	
1162	0.644955913017	
1163	0.644955913017	
1164	0.64510593552	
1165	0.64510593552	
1166	0.64510593552	
1167	0.656299852177	
1168	0.656299852177	
1169	0.656299852177	
1170	0.656299852177	
1171	0.656299852177	
1172	0.656299852177	
1173	0.656299852177	
1174	0.656299852177	
1175	0.656299852177	
1176	0.656299852177	
1177	0.656299852177	
1178	0.656299852177	
1179	0.656449874681	
1180	0.656449874681	
1181	0.656449874681	
1182	0.656449874681	
1183	0.656449874681	
1184	0.656449874681	
1185	0.656449874681	
1186	0.656449874681	
1187	0.656449874681	
1188	0.656449874681	
1189	0.667643791338	
1190	0.667643791338	
1191	0.667643791338	
1192	0.667643791338	
1193	0.667643791338	
1194	0.667793813842	
1195	0.667793813842	
1196	0.667793813842	
1197	0.667793813842	
1198	0.667793813842	
1199	0.667793813842	
1200	0.667793813842	
1201	0.667793813842	
1202	0.667793813842	
1203	0.667793813842	
1204	0.667793813842	
1205	0.667793813842	
1206	0.667793813842	
1207	0.667793813842	
1208	0.667793813842	
1209	0.667943836345	
1210	0.667943836345	
1211	0.667943836345	
1212	0.679137753002	
1213	0.679137753002	
1214	0.679137753002	
1215	0.679137753002	
1216	0.679137753002	
1217	0.679137753002	
1218	0.679137753002	
1219	0.679137753002	
1220	0.679137753002	
1221	0.679137753002	
1222	0.679137753002	
1223	0.679137753002	
1224	0.679287775506	
1225	0.679287775506	
1226	0.679287775506	
1227	0.679287775506	
1228	0.679287775506	
1229	0.679287775506	
1230	0.679287775506	
1231	0.679287775506	
1232	0.682964242404	
1233	0.682964242404	
1234	0.694158159061	
1235	0.694158159061	
1236	0.694158159061	
1237	0.694158159061	
1238	0.694158159061	
1239	0.694308181565	
1240	0.694308181565	
1241	0.694308181565	
1242	0.694308181565	
1243	0.694308181565	
1244	0.694308181565	
1245	0.694308181565	
1246	0.694308181565	
1247	0.694308181565	
1248	0.694308181565	
1249	0.694308181565	
1250	0.694308181565	
1251	0.694308181565	
1252	0.694308181565	
1253	0.694308181565	
1254	0.694458204068	
1255	0.694458204068	
1256	0.705652120726	
1257	0.705652120726	
1258	0.705652120726	
1259	0.705652120726	
1260	0.705652120726	
1261	0.705652120726	
1262	0.705652120726	
1263	0.705652120726	
1264	0.705652120726	
1265	0.705652120726	
1266	0.705652120726	
1267	0.705652120726	
1268	0.705652120726	
1269	0.705802143229	
1270	0.705802143229	
1271	0.705802143229	
1272	0.705802143229	
1273	0.705802143229	
1274	0.705802143229	
1275	0.705802143229	
1276	0.705802143229	
1277	0.705802143229	
1278	0.716996059886	
1279	0.716996059886	
1280	0.716996059886	
1281	0.716996059886	
1282	0.716996059886	
1283	0.716996059886	
1284	0.71714608239	
1285	0.71714608239	
1286	0.71714608239	
1287	0.71714608239	
1288	0.71714608239	
1289	0.71714608239	
1290	0.71714608239	
1291	0.71714608239	
1292	0.71714608239	
1293	0.71714608239	
1294	0.71714608239	
1295	0.71714608239	
1296	0.71714608239	
1297	0.71714608239	
1298	0.71714608239	
1299	0.717296104893	
1300	0.72849002155	
1301	0.72849002155	
1302	0.72849002155	
1303	0.72849002155	
1304	0.72849002155	
1305	0.72849002155	
1306	0.72849002155	
1307	0.72849002155	
1308	0.72849002155	
1309	0.72849002155	
1310	0.72849002155	
1311	0.72849002155	
1312	0.72849002155	
1313	0.72849002155	
1314	0.732316510952	
1315	0.732316510952	
1316	0.732316510952	
1317	0.732316510952	
1318	0.732316510952	
1319	0.732316510952	
1320	0.732316510952	
1321	0.732316510952	
1322	0.732316510952	
1323	0.743510427609	
1324	0.743510427609	
1325	0.743510427609	
1326	0.743510427609	
1327	0.743510427609	
1328	0.743510427609	
1329	0.743660450113	
1330	0.743660450113	
1331	0.743660450113	
1332	0.743660450113	
1333	0.743660450113	
1334	0.743660450113	
1335	0.743660450113	
1336	0.743660450113	
1337	0.743660450113	
1338	0.743660450113	
1339	0.743660450113	
1340	0.743660450113	
1341	0.743660450113	
1342	0.743660450113	
1343	0.743660450113	
1344	0.743810472616	
1345	0.755004389274	
1346	0.755004389274	
1347	0.755004389274	
1348	0.755004389274	
1349	0.755004389274	
1350	0.755004389274	
1351	0.755004389274	
1352	0.755004389274	
1353	0.755004389274	
1354	0.755004389274	
1355	0.755004389274	
1356	0.755004389274	
1357	0.755004389274	
1358	0.755004389274	
1359	0.755154411777	
1360	0.755154411777	
1361	0.755154411777	
1362	0.755154411777	
1363	0.755154411777	
1364	0.755154411777	
1365	0.755154411777	
1366	0.755154411777	
1367	0.766348328434	
1368	0.766348328434	
1369	0.766348328434	
1370	0.766348328434	
1371	0.766348328434	
1372	0.766348328434	
1373	0.766348328434	
1374	0.766498350938	
1375	0.766498350938	
1376	0.766498350938	
1377	0.766498350938	
1378	0.766498350938	
1379	0.766498350938	
1380	0.766498350938	
1381	0.766498350938	
1382	0.766498350938	
1383	0.766498350938	
1384	0.766498350938	
1385	0.766498350938	
1386	0.766498350938	
1387	0.766498350938	
1388	0.766498350938	
1389	0.777842290099	
1390	0.777842290099	
1391	0.777842290099	
1392	0.777842290099	
1393	0.777842290099	
1394	0.777842290099	
1395	0.777842290099	
1396	0.781518756997	
1397	0.781518756997	
1398	0.781518756997	
1399	0.781518756997	
1400	0.781518756997	
1401	0.781518756997	
1402	0.781518756997	
1403	0.781518756997	
1404	0.7816687795	
1405	0.7816687795	
1406	0.7816687795	
1407	0.7816687795	
1408	0.7816687795	
1409	0.7816687795	
1410	0.7816687795	
1411	0.7816687795	
1412	0.792862696158	
1413	0.792862696158	
1414	0.792862696158	
1415	0.792862696158	
1416	0.792862696158	
1417	0.792862696158	
1418	0.792862696158	
1419	0.793012718661	
1420	0.793012718661	
1421	0.793012718661	
1422	0.793012718661	
1423	0.793012718661	
1424	0.793012718661	
1425	0.793012718661	
1426	0.793012718661	
1427	0.793012718661	
1428	0.793012718661	
1429	0.793012718661	
1430	0.793012718661	
1431	0.793012718661	
1432	0.793012718661	
1433	0.793012718661	
1434	0.804356657822	
1435	0.804356657822	
1436	0.804356657822	
1437	0.804356657822	
1438	0.804356657822	
1439	0.804356657822	
1440	0.804356657822	
1441	0.804356657822	
1442	0.804356657822	
1443	0.804356657822	
1444	0.804356657822	
1445	0.804356657822	
1446	0.804356657822	
1447	0.804356657822	
1448	0.804356657822	
1449	0.804506680325	
1450	0.804506680325	
1451	0.804506680325	
1452	0.804506680325	
1453	0.804506680325	
1454	0.804506680325	
1455	0.804506680325	
1456	0.815700596982	
1457	0.815700596982	
1458	0.815700596982	
1459	0.815700596982	
1460	0.815700596982	
1461	0.815700596982	
1462	0.815700596982	
1463	0.815700596982	
1464	0.815850619486	
1465	0.815850619486	
1466	0.815850619486	
1467	0.815850619486	
1468	0.815850619486	
1469	0.815850619486	
1470	0.815850619486	
1471	0.815850619486	
1472	0.815850619486	
1473	0.815850619486	
1474	0.815850619486	
1475	0.815850619486	
1476	0.815850619486	
1477	0.815850619486	
1478	0.830721003042	
1479	0.830871025545	
1480	0.830871025545	
1481	0.830871025545	
1482	0.830871025545	
1483	0.830871025545	
1484	0.830871025545	
1485	0.830871025545	
1486	0.830871025545	
1487	0.830871025545	
1488	0.830871025545	
1489	0.830871025545	
1490	0.830871025545	
1491	0.830871025545	
1492	0.830871025545	
1493	0.830871025545	
1494	0.831021048048	
1495	0.831021048048	
1496	0.831021048048	
1497	0.831021048048	
1498	0.831021048048	
1499	0.831021048048	
1500	0.842214964706	
1501	0.842214964706	
1502	0.842214964706	
1503	0.842214964706	
1504	0.842214964706	
1505	0.842214964706	
1506	0.842214964706	
1507	0.842214964706	
1508	0.842214964706	
1509	0.842214964706	
1510	0.842364987209	
1511	0.842364987209	
1512	0.842364987209	
1513	0.842364987209	
1514	0.842364987209	
1515	0.842364987209	
1516	0.842364987209	
1517	0.842364987209	
1518	0.842364987209	
1519	0.842364987209	
1520	0.842364987209	
1521	0.842364987209	
1522	0.842364987209	
1523	0.853558903866	
1524	0.853558903866	
1525	0.85370892637	
1526	0.85370892637	
1527	0.85370892637	
1528	0.85370892637	
1529	0.85370892637	
1530	0.85370892637	
1531	0.85370892637	
1532	0.85370892637	
1533	0.85370892637	
1534	0.85370892637	
1535	0.85370892637	
1536	0.85370892637	
1537	0.85370892637	
1538	0.85370892637	
1539	0.85370892637	
1540	0.853858948873	
1541	0.853858948873	
1542	0.853858948873	
1543	0.853858948873	
1544	0.853858948873	
1545	0.865052865531	
1546	0.865052865531	
1547	0.865052865531	
1548	0.865052865531	
1549	0.865052865531	
1550	0.865052865531	
1551	0.865052865531	
1552	0.865052865531	
1553	0.865052865531	
1554	0.865052865531	
1555	0.865202888034	
1556	0.865202888034	
1557	0.865202888034	
1558	0.865202888034	
1559	0.865202888034	
1560	0.868879354932	
1561	0.868879354932	
1562	0.868879354932	
1563	0.868879354932	
1564	0.868879354932	
1565	0.868879354932	
1566	0.868879354932	
1567	0.88007327159	
1568	0.88007327159	
1569	0.88007327159	
1570	0.880223294093	
1571	0.880223294093	
1572	0.880223294093	
1573	0.880223294093	
1574	0.880223294093	
1575	0.880223294093	
1576	0.880223294093	
1577	0.880223294093	
1578	0.880223294093	
1579	0.880223294093	
1580	0.880223294093	
1581	0.880223294093	
1582	0.880223294093	
1583	0.880223294093	
1584	0.880223294093	
1585	0.880373316596	
1586	0.880373316596	
1587	0.880373316596	
1588	0.880373316596	
1589	0.891567233254	
1590	0.891567233254	
1591	0.891567233254	
1592	0.891567233254	
1593	0.891567233254	
1594	0.891567233254	
1595	0.891567233254	
1596	0.891567233254	
1597	0.891567233254	
1598	0.891567233254	
1599	0.891567233254	
1600	0.891717255757	
1601	0.891717255757	
1602	0.891717255757	
1603	0.891717255757	
1604	0.891717255757	
1605	0.891717255757	
1606	0.891717255757	
1607	0.891717255757	
1608	0.891717255757	
1609	0.891717255757	
1610	0.891717255757	
1611	0.891717255757	
1612	0.902911172415	
1613	0.902911172415	
1614	0.902911172415	
1615	0.903061194918	
1616	0.903061194918	
1617	0.903061194918	
1618	0.903061194918	
1619	0.903061194918	
1620	0.903061194918	
1621	0.903061194918	
1622	0.903061194918	
1623	0.903061194918	
1624	0.903061194918	
1625	0.903061194918	
1626	0.903061194918	
1627	0.903061194918	
1628	0.903061194918	
1629	0.903061194918	
1630	0.903211217421	
1631	0.903211217421	
1632	0.903211217421	
1633	0.903211217421	
1634	0.914405134079	
1635	0.914405134079	
1636	0.914405134079	
1637	0.914405134079	
1638	0.914405134079	
1639	0.914405134079	
1640	0.914405134079	
1641	0.914405134079	
1642	0.918081600977	
1643	0.918081600977	
1644	0.918081600977	
1645	0.91823162348	
1646	0.91823162348	
1647	0.91823162348	
1648	0.91823162348	
1649	0.91823162348	
1650	0.91823162348	
1651	0.91823162348	
1652	0.91823162348	
1653	0.91823162348	
1654	0.91823162348	
1655	0.91823162348	
1656	0.929425540138	
1657	0.929425540138	
1658	0.929425540138	
1659	0.929425540138	
1660	0.929575562641	
1661	0.929575562641	
1662	0.929575562641	
1663	0.929575562641	
1664	0.929575562641	
1665	0.929575562641	
1666	0.929575562641	
1667	0.929575562641	
1668	0.929575562641	
1669	0.929575562641	
1670	0.929575562641	
1671	0.929575562641	
1672	0.929575562641	
1673	0.929575562641	
1674	0.929575562641	
1675	0.929725585144	
1676	0.929725585144	
1677	0.929725585144	
1678	0.940919501802	
1679	0.940919501802	
1680	0.940919501802	
1681	0.940919501802	
1682	0.940919501802	
1683	0.940919501802	
1684	0.940919501802	
1685	0.940919501802	
1686	0.940919501802	
1687	0.940919501802	
1688	0.940919501802	
1689	0.940919501802	
1690	0.941069524305	
1691	0.941069524305	
1692	0.941069524305	
1693	0.941069524305	
1694	0.941069524305	
1695	0.941069524305	
1696	0.941069524305	
1697	0.941069524305	
1698	0.941069524305	
1699	0.941069524305	
1700	0.952263440963	
1701	0.952263440963	
1702	0.952263440963	
1703	0.952263440963	
1704	0.952263440963	
1705	0.952413463466	
1706	0.952413463466	
1707	0.952413463466	
1708	0.952413463466	
1709	0.952413463466	
1710	0.952413463466	
1711	0.952413463466	
1712	0.952413463466	
1713	0.952413463466	
1714	0.952413463466	
1715	0.952413463466	
1716	0.952413463466	
1717	0.952413463466	
1718	0.952413463466	
1719	0.952413463466	
1720	0.952563485969	
1721	0.952563485969	
1722	0.952563485969	
1723	0.963757402627	
1724	0.967433869525	
1725	0.967433869525	
1726	0.967433869525	
1727	0.967433869525	
1728	0.967433869525	
1729	0.967433869525	
1730	0.967433869525	
1731	0.967433869525	
1732	0.967433869525	
1733	0.967433869525	
1734	0.967433869525	
1735	0.967583892028	
1736	0.967583892028	
1737	0.967583892028	
1738	0.967583892028	
1739	0.967583892028	
1740	0.967583892028	
1741	0.967583892028	
1742	0.967583892028	
1743	0.967583892028	
1744	0.967583892028	
1745	0.978777808686	
1746	0.978777808686	
1747	0.978777808686	
1748	0.978777808686	
1749	0.978777808686	
