2.31	5190
2.31	5191
2.31	5192
2.31	5193
2.31	5194
2.31	5195
2.31	5196
2.31	5197
2.31	5198
2.31	5199
2.31	5200
2.31	5201
2.31	5202
2.31	5203
2.31	5204
2.31	5205
2.31	5206
2.31	5207
2.31	5208
2.31	5209
2.31	5210
2.31	5211
2.31	5212
2.31	5213
2.31	5214
2.31	5215
2.31	5216
2.31	5217
2.31	5218
2.31	5219
2.31	5220
2.31	5221
2.31	5222
2.31	5223
2.31	5224
2.31	5225
2.31	5226
2.31	5227
2.31	5228
2.31	5229
2.31	5230
2.31	5231
2.31	5232
2.31	5233
2.31	5234
2.31	5235
2.31	5236
2.31	5237
2.31	5238
2.31	5239
2.31	5240
2.31	5241
2.31	5242
2.31	5243
2.31	5244
2.31	5245
2.31	5246
2.31	5247
2.31	5248
2.31	5249
2.31	5250
2.31	5251
2.31	5252
2.31	5253
2.31	5254
2.31	5255
2.31	5256
2.31	5257
2.31	5258
2.31	5259
2.31	5260
2.31	5261
2.31	5262
2.31	5263
2.31	5264
2.31	5265
2.31	5266
2.31	5267
2.31	5268
2.31	5269
2.31	5270
2.31	5271
2.31	5272
2.31	5273
2.31	5274
2.31	5275
2.31	5276
2.31	5277
2.31	5278
2.31	5279
2.31	5280
2.31	5281
2.31	5282
2.31	5283
2.31	5284
2.31	5285
2.31	5286
2.31	5287
2.31	5288
2.31	5289
2.31	5290
2.31	5291
2.31	5292
2.31	5293
2.31	5294
2.31	5295
2.31	5296
2.31	5297
2.31	5298
2.31	5299
2.31	5300
2.31	5301
2.31	5302
2.31	5303
2.31	5304
2.31	5305
2.31	5306
2.31	5307
2.31	5308
2.31	5309
2.31	5310
2.31	5311
2.31	5312
2.31	5313
2.31	5314
2.31	5315
2.31	5316
2.31	5317
2.31	5318
2.31	5319
2.31	5320
2.31	5321
2.31	5322
2.31	5323
2.31	5324
2.31	5325
2.31	5326
2.31	5327
2.31	5328
2.31	5329
2.31	5330
2.31	5331
2.31	5332
2.31	5333
2.31	5334
2.31	5335
2.31	5336
2.31	5337
2.31	5338
2.31	5339
2.31	5340
2.31	5341
2.31	5342
2.31	5343
2.31	5344
2.31	5345
2.31	5346
2.31	5347
2.31	5348
2.31	5349
2.31	5350
2.31	5351
2.31	5352
2.31	5353
2.31	5354
2.31	5355
2.31	5356
2.31	5357
2.31	5358
2.31	5359
2.31	5360
2.31	5361
2.31	5362
2.31	5363
2.31	5364
2.31	5365
2.31	5366
2.31	5367
2.31	5368
2.31	5369
2.31	5370
2.31	5371
2.31	5372
2.31	5373
2.31	5374
2.31	5375
2.31	5376
2.31	5377
2.31	5378
2.31	5379
2.31	5380
2.31	5381
2.31	5382
2.31	5383
2.31	5384
2.31	5385
2.31	5386
2.31	5387
2.31	5388
2.31	5389
2.31	5390
2.31	5391
2.31	5392
2.31	5393
2.31	5394
2.31	5395
2.31	5396
2.31	5397
2.31	5398
2.31	5399
2.31	5400
2.31	5401
2.31	5402
2.31	5403
2.31	5404
2.31	5405
2.31	5406
2.31	5407
2.31	5408
2.31	5409
2.31	5410
2.31	5411
2.31	5412
2.31	5413
2.31	5414
2.31	5415
2.31	5416
2.31	5417
2.31	5418
2.31	5419
2.31	5420
2.31	5421
2.31	5422
2.31	5423
2.31	5424
2.31	5425
2.31	5426
2.31	5427
2.31	5428
2.31	5429
2.31	5430
2.31	5431
2.31	5432
2.31	5433
2.31	5434
2.31	5435
2.31	5436
2.31	5437
2.31	5438
2.31	5439
2.31	5440
2.31	5441
2.31	5442
2.31	5443
2.31	5444
2.31	5445
2.31	5446
2.31	5447
2.31	5448
2.31	5449
2.31	5450
2.31	5451
2.31	5452
2.31	5453
2.31	5454
2.31	5455
2.31	5456
2.31	5457
2.31	5458
2.31	5459
2.31	5460
2.31	5461
2.31	5462
2.31	5463
2.31	5464
2.31	5465
2.31	5466
2.31	5467
2.31	5468
2.31	5469
2.31	5470
2.31	5471
2.31	5472
2.31	5473
2.31	5474
2.31	5475
2.31	5476
2.31	5477
2.31	5478
2.31	5479
2.31	5480
2.31	5481
2.31	5482
2.31	5483
2.31	5484
2.31	5485
2.31	5486
2.31	5487
2.31	5488
2.31	5489
2.31	5490
2.31	5491
2.31	5492
2.31	5493
2.31	5494
2.31	5495
2.31	5496
2.31	5497
2.31	5498
2.31	5499
2.31	5500
2.31	5501
2.31	5502
2.31	5503
2.31	5504
2.31	5505
2.31	5506
2.31	5507
2.31	5508
2.31	5509
2.31	5510
2.31	5511
2.31	5512
2.31	5513
2.31	5514
2.31	5515
2.31	5516
2.31	5517
2.31	5518
2.31	5519
2.31	5520
2.31	5521
2.31	5522
2.31	5523
2.31	5524
2.31	5525
2.31	5526
2.31	5527
2.31	5528
2.31	5529
2.31	5530
2.31	5531
2.31	5532
2.31	5533
2.31	5534
2.31	5535
2.31	5536
2.31	5537
2.31	5538
2.31	5539
2.31	5540
2.31	5541
2.31	5542
2.31	5543
2.31	5544
2.31	5545
2.31	5546
2.31	5547
2.31	5548
2.31	5549
2.31	5550
2.31	5551
2.31	5552
2.31	5553
2.31	5554
2.31	5555
2.31	5556
2.31	5557
2.31	5558
2.31	5559
2.31	5560
2.31	5561
2.31	5562
2.31	5563
2.31	5564
2.31	5565
2.31	5566
2.31	5567
2.31	5568
2.31	5569
2.31	5570
2.31	5571
2.31	5572
2.31	5573
2.31	5574
2.31	5575
2.31	5576
2.31	5577
2.31	5578
2.31	5579
2.31	5580
2.31	5581
2.31	5582
2.31	5583
2.31	5584
2.31	5585
2.31	5586
2.31	5587
2.31	5588
2.31	5589
2.31	5590
2.31	5591
2.31	5592
2.31	5593
2.31	5594
2.31	5595
2.31	5596
2.31	5597
2.31	5598
2.31	5599
2.31	5600
2.31	5601
2.31	5602
2.31	5603
2.31	5604
2.31	5605
2.31	5606
2.31	5607
2.31	5608
2.31	5609
2.31	5610
2.31	5611
2.31	5612
2.31	5613
2.31	5614
2.31	5615
2.31	5616
2.31	5617
2.31	5618
2.31	5619
2.31	5620
2.31	5621
2.31	5622
2.31	5623
2.31	5624
2.31	5625
2.31	5626
2.31	5627
2.31	5628
2.31	5629
2.31	5630
2.31	5631
2.31	5632
2.31	5633
2.31	5634
2.31	5635
2.31	5636
2.31	5637
2.31	5638
2.31	5639
2.31	5640
2.31	5641
2.31	5642
2.31	5643
2.31	5644
2.31	5645
2.31	5646
2.31	5647
2.31	5648
2.31	5649
2.31	5650
2.31	5651
2.31	5652
2.31	5653
2.31	5654
2.31	5655
2.31	5656
2.31	5657
2.31	5658
2.31	5659
2.31	5660
2.31	5661
2.31	5662
2.31	5663
2.31	5664
2.31	5665
2.31	5666
2.31	5667
2.31	5668
2.31	5669
2.31	5670
2.31	5671
2.31	5672
2.31	5673
2.31	5674
2.31	5675
2.31	5676
2.31	5677
2.31	5678
2.31	5679
2.31	5680
2.31	5681
2.31	5682
2.31	5683
2.31	5684
2.31	5685
2.31	5686
2.31	5687
2.31	5688
2.31	5689
2.31	5690
2.31	5691
2.31	5692
2.31	5693
2.31	5694
2.31	5695
2.31	5696
2.31	5697
2.31	5698
2.31	5699
2.31	5700
2.31	5701
2.31	5702
2.31	5703
2.31	5704
2.31	5705
2.31	5706
2.31	5707
2.31	5708
2.31	5709
2.31	5710
2.31	5711
2.31	5712
2.31	5713
2.31	5714
2.31	5715
2.31	5716
2.31	5717
2.31	5718
2.31	5719
2.31	5720
2.31	5721
2.31	5722
2.31	5723
2.31	5724
2.31	5725
2.31	5726
2.31	5727
2.31	5728
2.31	5729
2.31	5730
2.31	5731
2.31	5732
2.31	5733
2.31	5734
2.31	5735
2.31	5736
2.31	5737
2.31	5738
2.31	5739
2.31	5740
2.31	5741
2.31	5742
2.31	5743
2.31	5744
2.31	5745
2.31	5746
2.31	5747
2.31	5748
2.31	5749
2.31	5750
2.31	5751
2.31	5752
2.31	5753
2.31	5754
2.31	5755
2.31	5756
2.31	5757
2.31	5758
2.31	5759
2.31	5760
2.31	5761
2.31	5762
2.31	5763
2.31	5764
2.31	5765
2.31	5766
2.31	5767
2.31	5768
2.31	5769
2.31	5770
2.31	5771
2.31	5772
2.31	5773
2.31	5774
2.31	5775
2.31	5776
2.31	5777
2.31	5778
2.31	5779
2.31	5780
2.31	5781
2.31	5782
2.31	5783
2.31	5784
2.31	5785
2.31	5786
2.31	5787
2.31	5788
2.31	5789
2.31	5790
2.31	5791
2.31	5792
2.31	5793
2.31	5794
2.31	5795
2.31	5796
2.31	5797
2.31	5798
2.31	5799
2.31	5800
2.31	5801
2.31	5802
2.31	5803
2.31	5804
2.31	5805
2.31	5806
2.31	5807
2.31	5808
2.31	5809
2.31	5810
2.31	5811
2.31	5812
2.31	5813
2.31	5814
2.31	5815
2.31	5816
2.31	5817
2.31	5818
2.31	5819
2.31	5820
2.31	5821
2.31	5822
2.31	5823
2.31	5824
2.31	5825
2.31	5826
2.31	5827
2.31	5828
2.31	5829
2.31	5830
2.31	5831
2.31	5832
2.31	5833
2.31	5834
2.31	5835
2.31	5836
2.31	5837
2.31	5838
2.31	5839
2.31	5840
2.31	5841
2.31	5842
2.31	5843
2.31	5844
2.31	5845
2.31	5846
2.31	5847
2.31	5848
2.31	5849
2.31	5850
2.31	5851
2.31	5852
2.31	5853
2.31	5854
2.31	5855
2.31	5856
2.31	5857
2.31	5858
2.31	5859
2.31	5860
2.31	5861
2.31	5862
2.31	5863
2.31	5864
2.31	5865
2.31	5866
2.31	5867
2.31	5868
2.31	5869
2.31	5870
2.31	5871
2.31	5872
2.31	5873
2.31	5874
2.31	5875
2.31	5876
2.31	5877
2.31	5878
2.31	5879
2.31	5880
2.31	5881
2.31	5882
2.31	5883
2.31	5884
2.31	5885
2.31	5886
2.31	5887
2.31	5888
2.31	5889
2.31	5890
2.31	5891
2.31	5892
2.31	5893
2.31	5894
2.31	5895
2.31	5896
2.31	5897
2.31	5898
2.31	5899
2.31	5900
2.31	5901
2.31	5902
2.31	5903
2.31	5904
2.31	5905
2.31	5906
2.31	5907
2.31	5908
2.31	5909
2.31	5910
2.31	5911
2.31	5912
2.31	5913
2.31	5914
2.31	5915
2.31	5916
2.31	5917
2.31	5918
2.31	5919
2.31	5920
2.31	5921
2.31	5922
2.31	5923
2.31	5924
2.31	5925
2.31	5926
2.31	5927
2.31	5928
2.31	5929
2.31	5930
2.31	5931
2.31	5932
2.31	5933
2.31	5934
2.31	5935
2.31	5936
2.31	5937
2.31	5938
2.31	5939
2.31	5940
2.31	5941
2.31	5942
2.31	5943
2.31	5944
2.31	5945
2.31	5946
2.31	5947
2.31	5948
2.31	5949
2.31	5950
2.31	5951
2.31	5952
2.31	5953
2.31	5954
2.31	5955
2.31	5956
2.31	5957
2.31	5958
2.31	5959
2.31	5960
2.31	5961
2.31	5962
2.31	5963
2.31	5964
2.31	5965
2.31	5966
2.31	5967
2.31	5968
2.31	5969
2.31	5970
2.31	5971
2.31	5972
2.31	5973
2.31	5974
2.31	5975
2.31	5976
2.31	5977
2.31	5978
2.31	5979
2.31	5980
2.31	5981
2.31	5982
2.31	5983
2.31	5984
2.31	5985
2.31	5986
2.31	5987
2.31	5988
2.31	5989
2.31	5990
2.31	5991
2.31	5992
2.31	5993
2.31	5994
2.31	5995
2.31	5996
2.31	5997
2.31	5998
2.31	5999
2.31	6000
2.31	6001
2.31	6002
2.31	6003
2.31	6004
2.31	6005
2.31	6006
2.31	6007
2.31	6008
2.31	6009
2.31	6010
2.31	6011
2.31	6012
2.31	6013
2.31	6014
2.31	6015
2.31	6016
2.31	6017
2.31	6018
2.31	6019
2.31	6020
2.31	6021
2.31	6022
2.31	6023
2.31	6024
2.31	6025
2.31	6026
2.31	6027
2.31	6028
2.31	6029
2.31	6030
2.31	6031
2.31	6032
2.31	6033
2.31	6034
2.31	6035
2.31	6036
2.31	6037
2.31	6038
2.31	6039
2.31	6040
2.31	6041
2.31	6042
2.31	6043
2.31	6044
2.31	6045
2.31	6046
2.31	6047
2.31	6048
2.31	6049
2.31	6050
2.31	6051
2.31	6052
2.31	6053
2.31	6054
2.31	6055
2.31	6056
2.31	6057
2.31	6058
2.31	6059
2.31	6060
2.31	6061
2.31	6062
2.31	6063
2.31	6064
2.31	6065
2.31	6066
2.31	6067
2.31	6068
2.31	6069
2.31	6070
2.31	6071
2.31	6072
2.31	6073
2.31	6074
2.31	6075
2.31	6076
2.31	6077
2.31	6078
2.31	6079
2.31	6080
2.31	6081
2.31	6082
2.31	6083
2.31	6084
2.31	6085
2.31	6086
2.31	6087
2.31	6088
2.31	6089
2.31	6090
2.31	6091
2.31	6092
2.31	6093
2.31	6094
2.31	6095
2.31	6096
2.31	6097
2.31	6098
2.31	6099
2.31	6100
2.31	6101
2.31	6102
2.31	6103
2.31	6104
2.31	6105
2.31	6106
2.31	6107
2.31	6108
2.31	6109
2.31	6110
2.31	6111
2.31	6112
2.31	6113
2.31	6114
2.31	6115
2.31	6116
2.31	6117
2.31	6118
2.31	6119
2.31	6120
2.31	6121
2.31	6122
2.31	6123
2.31	6124
2.31	6125
2.31	6126
2.31	6127
2.31	6128
2.31	6129
2.31	6130
2.31	6131
2.31	6132
2.31	6133
2.31	6134
2.31	6135
2.31	6136
2.31	6137
2.31	6138
2.31	6139
2.31	6140
2.31	6141
2.31	6142
2.31	6143
2.31	6144
2.31	6145
2.31	6146
2.31	6147
2.31	6148
2.31	6149
2.31	6150
2.31	6151
2.31	6152
2.31	6153
2.31	6154
2.31	6155
2.31	6156
2.31	6157
2.31	6158
2.31	6159
2.31	6160
2.31	6161
2.31	6162
2.31	6163
2.31	6164
2.31	6165
2.31	6166
2.31	6167
2.31	6168
2.31	6169
2.31	6170
2.31	6171
2.31	6172
2.31	6173
2.31	6174
2.31	6175
2.31	6176
2.31	6177
2.31	6178
2.31	6179
2.31	6180
2.31	6181
2.31	6182
2.31	6183
2.31	6184
2.31	6185
2.31	6186
2.31	6187
2.31	6188
2.31	6189
2.31	6190
2.31	6191
2.31	6192
2.31	6193
2.31	6194
2.31	6195
2.31	6196
2.31	6197
2.31	6198
2.31	6199
2.31	6200
2.31	6201
2.31	6202
2.31	6203
2.31	6204
2.31	6205
2.31	6206
2.31	6207
2.31	6208
2.31	6209
2.31	6210
2.31	6211
2.31	6212
2.31	6213
2.31	6214
2.31	6215
2.31	6216
2.31	6217
2.31	6218
2.31	6219
2.31	6220
2.31	6221
2.31	6222
2.31	6223
2.31	6224
2.31	6225
2.31	6226
2.31	6227
2.31	6228
2.31	6229
2.31	6230
2.31	6231
2.31	6232
2.31	6233
2.31	6234
2.31	6235
2.31	6236
2.31	6237
2.31	6238
2.31	6239
2.31	6240
2.31	6241
2.31	6242
2.31	6243
2.31	6244
2.31	6245
2.31	6246
2.31	6247
2.31	6248
2.31	6249
2.31	6250
2.31	6251
2.31	6252
2.31	6253
2.31	6254
2.31	6255
2.31	6256
2.31	6257
2.31	6258
2.31	6259
2.31	6260
2.31	6261
2.31	6262
2.31	6263
2.31	6264
2.31	6265
2.31	6266
2.31	6267
2.31	6268
2.31	6269
2.31	6270
2.31	6271
2.31	6272
2.31	6273
2.31	6274
2.31	6275
2.31	6276
2.31	6277
2.31	6278
2.31	6279
2.31	6280
2.31	6281
2.31	6282
2.31	6283
2.31	6284
2.31	6285
2.31	6286
2.31	6287
2.31	6288
2.31	6289
2.31	6290
2.31	6291
2.31	6292
2.31	6293
2.31	6294
2.31	6295
2.31	6296
2.31	6297
2.31	6298
2.31	6299
2.31	6300
2.31	6301
2.31	6302
2.31	6303
2.31	6304
2.31	6305
2.31	6306
2.31	6307
2.31	6308
2.31	6309
2.31	6310
2.31	6311
2.31	6312
2.31	6313
2.31	6314
2.31	6315
2.31	6316
2.31	6317
2.31	6318
2.31	6319
2.31	6320
2.31	6321
2.31	6322
2.31	6323
2.31	6324
2.31	6325
2.31	6326
2.31	6327
2.31	6328
2.31	6329
2.31	6330
2.31	6331
2.31	6332
2.31	6333
2.31	6334
2.31	6335
2.31	6336
2.31	6337
2.31	6338
2.31	6339
2.31	6340
2.31	6341
2.31	6342
2.31	6343
2.31	6344
2.31	6345
2.31	6346
2.31	6347
2.31	6348
2.31	6349
2.31	6350
2.31	6351
2.31	6352
2.31	6353
2.31	6354
2.31	6355
2.31	6356
2.31	6357
2.31	6358
2.31	6359
2.31	6360
2.31	6361
2.31	6362
2.31	6363
2.31	6364
2.31	6365
2.31	6366
2.31	6367
2.31	6368
2.31	6369
2.31	6370
2.31	6371
2.31	6372
2.31	6373
2.31	6374
2.31	6375
2.31	6376
2.31	6377
2.31	6378
2.31	6379
2.31	6380
2.31	6381
2.31	6382
2.31	6383
2.31	6384
2.31	6385
2.31	6386
2.31	6387
2.31	6388
2.31	6389
2.31	6390
2.31	6391
2.31	6392
2.31	6393
2.31	6394
2.31	6395
2.31	6396
2.31	6397
2.31	6398
2.31	6399
2.31	6400
2.31	6401
2.31	6402
2.31	6403
2.31	6404
2.31	6405
2.31	6406
2.31	6407
2.31	6408
2.31	6409
2.31	6410
2.31	6411
2.31	6412
2.31	6413
2.31	6414
2.31	6415
2.31	6416
2.31	6417
2.31	6418
2.31	6419
2.31	6420
2.31	6421
2.31	6422
2.31	6423
2.31	6424
2.31	6425
2.31	6426
2.31	6427
2.31	6428
2.31	6429
2.31	6430
2.31	6431
2.31	6432
2.31	6433
2.31	6434
2.31	6435
2.31	6436
2.31	6437
2.31	6438
2.31	6439
2.31	6440
2.31	6441
2.31	6442
2.31	6443
2.31	6444
2.31	6445
2.31	6446
2.31	6447
2.31	6448
2.31	6449
2.31	6450
2.31	6451
2.31	6452
2.31	6453
2.31	6454
2.31	6455
2.31	6456
2.31	6457
2.31	6458
2.31	6459
2.31	6460
2.31	6461
2.31	6462
2.31	6463
2.31	6464
2.31	6465
2.31	6466
2.31	6467
2.31	6468
2.31	6469
2.31	6470
2.31	6471
2.31	6472
2.31	6473
2.31	6474
2.31	6475
2.31	6476
2.31	6477
2.31	6478
2.31	6479
2.31	6480
2.31	6481
2.31	6482
2.31	6483
2.31	6484
2.31	6485
2.31	6486
2.31	6487
2.31	6488
2.31	6489
2.31	6490
2.31	6491
2.31	6492
2.31	6493
2.31	6494
2.31	6495
2.31	6496
2.31	6497
2.31	6498
2.31	6499
2.31	6500
2.31	6501
2.31	6502
2.31	6503
2.31	6504
2.31	6505
2.31	6506
2.31	6507
2.31	6508
2.31	6509
2.31	6510
2.31	6511
2.31	6512
2.31	6513
2.31	6514
2.31	6515
2.31	6516
2.31	6517
2.31	6518
2.31	6519
2.31	6520
2.31	6521
2.31	6522
2.31	6523
2.31	6524
2.31	6525
2.31	6526
2.31	6527
2.31	6528
2.31	6529
2.31	6530
2.31	6531
2.31	6532
2.31	6533
2.31	6534
2.31	6535
2.31	6536
2.31	6537
2.31	6538
2.31	6539
2.31	6540
2.31	6541
2.31	6542
2.31	6543
2.31	6544
2.31	6545
2.31	6546
2.31	6547
2.31	6548
2.31	6549
2.31	6550
2.31	6551
2.31	6552
2.31	6553
2.31	6554
2.31	6555
2.31	6556
2.31	6557
2.31	6558
2.31	6559
2.31	6560
2.31	6561
2.31	6562
2.31	6563
2.31	6564
2.31	6565
2.31	6566
2.31	6567
2.31	6568
2.31	6569
2.31	6570
2.31	6571
2.31	6572
2.31	6573
2.31	6574
2.31	6575
2.31	6576
2.31	6577
2.31	6578
2.31	6579
2.31	6580
2.31	6581
2.31	6582
2.31	6583
2.31	6584
2.31	6585
2.31	6586
2.31	6587
2.31	6588
2.31	6589
2.31	6590
2.31	6591
2.31	6592
2.31	6593
2.31	6594
2.31	6595
2.31	6596
2.31	6597
2.31	6598
2.31	6599
2.31	6600
2.31	6601
2.31	6602
2.31	6603
2.31	6604
2.31	6605
2.31	6606
2.31	6607
2.31	6608
2.31	6609
2.31	6610
2.31	6611
2.31	6612
2.31	6613
2.31	6614
2.31	6615
2.31	6616
2.31	6617
2.31	6618
2.31	6619
2.31	6620
2.31	6621
2.31	6622
2.31	6623
2.31	6624
2.31	6625
2.31	6626
2.31	6627
2.31	6628
2.31	6629
2.31	6630
2.31	6631
2.31	6632
2.31	6633
2.31	6634
2.31	6635
2.31	6636
2.31	6637
2.31	6638
2.31	6639
2.31	6640
2.31	6641
2.31	6642
2.31	6643
2.31	6644
2.31	6645
2.31	6646
2.31	6647
2.31	6648
2.31	6649
2.31	6650
2.31	6651
2.31	6652
2.31	6653
2.31	6654
2.31	6655
2.31	6656
2.31	6657
2.31	6658
2.31	6659
2.31	6660
2.31	6661
2.31	6662
2.31	6663
2.31	6664
2.31	6665
2.31	6666
2.31	6667
2.31	6668
2.31	6669
2.31	6670
2.31	6671
2.31	6672
2.31	6673
2.31	6674
2.31	6675
2.31	6676
2.31	6677
2.31	6678
2.31	6679
2.31	6680
2.31	6681
2.31	6682
2.31	6683
2.31	6684
2.31	6685
2.31	6686
2.31	6687
2.31	6688
2.31	6689
2.31	6690
2.31	6691
2.31	6692
2.31	6693
2.31	6694
2.31	6695
2.31	6696
2.31	6697
2.31	6698
2.31	6699
2.31	6700
2.31	6701
2.31	6702
2.31	6703
2.31	6704
2.31	6705
2.31	6706
2.31	6707
2.31	6708
2.31	6709
2.31	6710
2.31	6711
2.31	6712
2.31	6713
2.31	6714
2.31	6715
2.31	6716
2.31	6717
2.31	6718
2.31	6719
2.31	6720
2.31	6721
2.31	6722
2.31	6723
2.31	6724
2.31	6725
2.31	6726
2.31	6727
2.31	6728
2.31	6729
2.31	6730
2.31	6731
2.31	6732
2.31	6733
2.31	6734
2.31	6735
2.31	6736
2.31	6737
2.31	6738
2.31	6739
2.31	6740
2.31	6741
2.31	6742
2.31	6743
2.31	6744
2.31	6745
2.31	6746
2.31	6747
2.31	6748
2.31	6749
2.31	6750
2.31	6751
2.31	6752
2.31	6753
2.31	6754
2.31	6755
2.31	6756
2.31	6757
2.31	6758
2.31	6759
2.31	6760
2.31	6761
2.31	6762
2.31	6763
2.31	6764
2.31	6765
2.31	6766
2.31	6767
2.31	6768
2.31	6769
2.31	6770
2.31	6771
2.31	6772
2.31	6773
2.31	6774
2.31	6775
2.31	6776
2.31	6777
2.31	6778
2.31	6779
2.31	6780
2.31	6781
2.31	6782
2.31	6783
2.31	6784
2.31	6785
2.31	6786
2.31	6787
2.31	6788
2.31	6789
2.31	6790
2.31	6791
2.31	6792
2.31	6793
2.31	6794
2.31	6795
2.31	6796
2.31	6797
2.31	6798
2.31	6799
2.31	6800
2.31	6801
2.31	6802
2.31	6803
2.31	6804
2.31	6805
2.31	6806
2.31	6807
2.31	6808
2.31	6809
2.31	6810
2.31	6811
2.31	6812
2.31	6813
2.31	6814
2.31	6815
2.31	6816
2.31	6817
2.31	6818
2.31	6819
2.31	6820
2.31	6821
2.31	6822
2.31	6823
2.31	6824
2.31	6825
2.31	6826
2.31	6827
2.31	6828
2.31	6829
2.31	6830
2.31	6831
2.31	6832
2.31	6833
2.31	6834
2.31	6835
2.31	6836
2.31	6837
2.31	6838
2.31	6839
2.31	6840
2.31	6841
2.31	6842
2.31	6843
2.31	6844
2.31	6845
2.31	6846
2.31	6847
2.31	6848
2.31	6849
2.31	6850
2.31	6851
2.31	6852
2.31	6853
2.31	6854
2.31	6855
2.31	6856
2.31	6857
2.31	6858
2.31	6859
2.31	6860
2.31	6861
2.31	6862
2.31	6863
2.31	6864
2.31	6865
2.31	6866
2.31	6867
2.31	6868
2.31	6869
2.31	6870
2.31	6871
2.31	6872
2.31	6873
2.31	6874
2.31	6875
2.31	6876
2.31	6877
2.31	6878
2.31	6879
2.31	6880
2.31	6881
2.31	6882
2.31	6883
2.31	6884
2.31	6885
2.31	6886
2.31	6887
2.31	6888
2.31	6889
2.31	6890
2.31	6891
2.31	6892
2.31	6893
2.31	6894
2.31	6895
2.31	6896
2.31	6897
2.31	6898
2.31	6899
2.31	6900
2.31	6901
2.31	6902
2.31	6903
2.31	6904
2.31	6905
2.31	6906
2.31	6907
2.31	6908
2.31	6909
2.31	6910
2.31	6911
2.31	6912
2.31	6913
2.31	6914
2.31	6915
2.31	6916
2.31	6917
2.31	6918
2.31	6919
2.31	6920
2.31	6921
2.31	6922
2.31	6923
2.31	6924
2.31	6925
2.31	6926
2.31	6927
2.31	6928
2.31	6929
2.31	6930
2.31	6931
2.31	6932
2.31	6933
2.31	6934
2.31	6935
2.31	6936
2.31	6937
2.31	6938
2.31	6939
2.31	6940
2.31	6941
2.31	6942
2.31	6943
2.31	6944
2.31	6945
2.31	6946
2.31	6947
2.31	6948
2.31	6949
2.31	6950
2.31	6951
2.31	6952
2.31	6953
2.31	6954
2.31	6955
2.31	6956
2.31	6957
2.31	6958
2.31	6959
2.31	6960
2.31	6961
2.31	6962
2.31	6963
2.31	6964
2.31	6965
2.31	6966
2.31	6967
2.31	6968
2.31	6969
2.31	6970
2.31	6971
2.31	6972
2.31	6973
2.31	6974
2.31	6975
2.31	6976
2.31	6977
2.31	6978
2.31	6979
2.31	6980
2.31	6981
2.31	6982
2.31	6983
2.31	6984
2.31	6985
2.31	6986
2.31	6987
2.31	6988
2.31	6989
2.31	6990
2.31	6991
2.31	6992
2.31	6993
2.31	6994
2.31	6995
2.31	6996
2.31	6997
2.31	6998
2.31	6999
2.31	7000
2.31	7001
2.31	7002
2.31	7003
2.31	7004
2.31	7005
2.31	7006
2.31	7007
2.31	7008
2.31	7009
2.31	7010
2.31	7011
2.31	7012
2.31	7013
2.31	7014
2.31	7015
2.31	7016
2.31	7017
2.31	7018
2.31	7019
2.31	7020
2.31	7021
2.31	7022
2.31	7023
2.31	7024
2.31	7025
2.31	7026
2.31	7027
2.31	7028
2.31	7029
2.31	7030
2.31	7031
2.31	7032
2.31	7033
2.31	7034
2.31	7035
2.31	7036
2.31	7037
2.31	7038
2.31	7039
2.31	7040
2.31	7041
2.31	7042
2.31	7043
2.31	7044
2.31	7045
2.31	7046
2.31	7047
2.31	7048
2.31	7049
2.31	7050
2.31	7051
2.31	7052
2.31	7053
2.31	7054
2.31	7055
2.31	7056
2.31	7057
2.31	7058
2.31	7059
2.31	7060
2.31	7061
2.31	7062
2.31	7063
2.31	7064
2.31	7065
2.31	7066
2.31	7067
2.31	7068
2.31	7069
2.31	7070
2.31	7071
2.31	7072
2.31	7073
2.31	7074
2.31	7075
2.31	7076
2.31	7077
2.31	7078
2.31	7079
2.31	7080
2.31	7081
2.31	7082
2.31	7083
2.31	7084
2.31	7085
2.31	7086
2.31	7087
2.31	7088
2.31	7089
2.31	7090
2.31	7091
2.31	7092
2.31	7093
2.31	7094
2.31	7095
2.31	7096
2.31	7097
2.31	7098
2.31	7099
2.31	7100
2.31	7101
2.31	7102
2.31	7103
2.31	7104
2.31	7105
2.31	7106
2.31	7107
2.31	7108
2.31	7109
2.31	7110
2.31	7111
2.31	7112
2.31	7113
2.31	7114
2.31	7115
2.31	7116
2.31	7117
2.31	7118
2.31	7119
2.31	7120
2.31	7121
2.31	7122
2.31	7123
2.31	7124
2.31	7125
2.31	7126
2.31	7127
2.31	7128
2.31	7129
2.31	7130
2.31	7131
2.31	7132
2.31	7133
2.31	7134
2.31	7135
2.31	7136
2.31	7137
2.31	7138
2.31	7139
2.31	7140
2.31	7141
2.31	7142
2.31	7143
2.31	7144
2.31	7145
2.31	7146
2.31	7147
2.31	7148
2.31	7149
2.31	7150
2.31	7151
2.31	7152
2.31	7153
2.31	7154
2.31	7155
2.31	7156
2.31	7157
2.31	7158
2.31	7159
2.31	7160
2.31	7161
2.31	7162
2.31	7163
2.31	7164
2.31	7165
2.31	7166
2.31	7167
2.31	7168
2.31	7169
2.31	7170
2.31	7171
2.31	7172
2.31	7173
2.31	7174
2.31	7175
2.31	7176
2.31	7177
2.31	7178
2.31	7179
2.31	7180
2.31	7181
2.31	7182
2.31	7183
2.31	7184
2.31	7185
2.31	7186
2.31	7187
2.31	7188
2.31	7189
2.31	7190
2.31	7191
2.31	7192
2.31	7193
2.31	7194
2.31	7195
2.31	7196
2.31	7197
2.31	7198
2.31	7199
2.31	7200
2.31	7201
2.31	7202
2.31	7203
2.31	7204
2.31	7205
2.31	7206
2.31	7207
2.31	7208
2.31	7209
2.31	7210
2.31	7211
2.31	7212
2.31	7213
2.31	7214
2.31	7215
2.31	7216
2.31	7217
2.31	7218
2.31	7219
2.31	7220
2.31	7221
2.31	7222
2.31	7223
2.31	7224
2.31	7225
2.31	7226
2.31	7227
2.31	7228
2.31	7229
2.31	7230
2.31	7231
2.31	7232
2.31	7233
2.31	7234
2.31	7235
2.31	7236
2.31	7237
2.31	7238
2.31	7239
2.31	7240
2.31	7241
2.31	7242
2.31	7243
2.31	7244
2.31	7245
2.31	7246
2.31	7247
2.31	7248
2.31	7249
2.31	7250
2.31	7251
2.31	7252
2.31	7253
2.31	7254
2.31	7255
2.31	7256
2.31	7257
2.31	7258
2.31	7259
2.31	7260
2.31	7261
2.31	7262
2.31	7263
2.31	7264
2.31	7265
2.31	7266
2.31	7267
2.31	7268
2.31	7269
2.31	7270
2.31	7271
2.31	7272
2.31	7273
2.31	7274
2.31	7275
2.31	7276
2.31	7277
2.31	7278
2.31	7279
2.31	7280
2.31	7281
2.31	7282
2.31	7283
2.31	7284
2.31	7285
2.31	7286
2.31	7287
2.31	7288
2.31	7289
2.31	7290
2.31	7291
2.31	7292
2.31	7293
2.31	7294
2.31	7295
2.31	7296
2.31	7297
2.31	7298
2.31	7299
2.31	7300
2.31	7301
2.31	7302
2.31	7303
2.31	7304
2.31	7305
2.31	7306
2.31	7307
2.31	7308
2.31	7309
2.31	7310
2.31	7311
2.31	7312
2.31	7313
2.31	7314
2.31	7315
2.31	7316
2.31	7317
2.31	7318
2.31	7319
2.31	7320
2.31	7321
2.31	7322
2.31	7323
2.31	7324
2.31	7325
2.31	7326
2.31	7327
2.31	7328
2.31	7329
2.31	7330
2.31	7331
2.31	7332
2.31	7333
2.31	7334
2.31	7335
2.31	7336
2.31	7337
2.31	7338
2.31	7339
2.31	7340
2.31	7341
2.31	7342
2.31	7343
2.31	7344
2.31	7345
2.31	7346
2.31	7347
2.31	7348
2.31	7349
2.31	7350
2.31	7351
2.31	7352
2.31	7353
2.31	7354
2.31	7355
2.31	7356
2.31	7357
2.31	7358
2.31	7359
2.31	7360
2.31	7361
2.31	7362
2.31	7363
2.31	7364
2.31	7365
2.31	7366
2.31	7367
2.31	7368
2.31	7369
2.31	7370
2.31	7371
2.31	7372
2.31	7373
2.31	7374
2.31	7375
2.31	7376
2.31	7377
2.31	7378
2.31	7379
2.31	7380
2.31	7381
2.31	7382
2.31	7383
2.31	7384
2.31	7385
2.31	7386
2.31	7387
2.31	7388
2.31	7389
2.31	7390
2.31	7391
2.31	7392
2.31	7393
2.31	7394
2.31	7395
2.31	7396
2.31	7397
2.31	7398
2.31	7399
2.31	7400
2.31	7401
2.31	7402
2.31	7403
2.31	7404
2.31	7405
2.31	7406
2.31	7407
2.31	7408
2.31	7409
2.31	7410
2.31	7411
2.31	7412
2.31	7413
2.31	7414
2.31	7415
2.31	7416
2.31	7417
2.31	7418
2.31	7419
2.31	7420
2.31	7421
2.31	7422
2.31	7423
2.31	7424
2.31	7425
2.31	7426
2.31	7427
2.31	7428
2.31	7429
2.31	7430
2.31	7431
2.31	7432
2.31	7433
2.31	7434
2.31	7435
2.31	7436
2.31	7437
2.31	7438
2.31	7439
2.31	7440
2.31	7441
2.31	7442
2.31	7443
2.31	7444
2.31	7445
2.31	7446
2.31	7447
2.31	7448
2.31	7449
2.31	7450
2.31	7451
2.31	7452
2.31	7453
2.31	7454
2.31	7455
2.31	7456
2.31	7457
2.31	7458
2.31	7459
2.31	7460
2.31	7461
2.31	7462
2.31	7463
2.31	7464
2.31	7465
2.31	7466
2.31	7467
2.31	7468
2.31	7469
2.31	7470
2.31	7471
2.31	7472
2.31	7473
2.31	7474
2.31	7475
2.31	7476
2.31	7477
2.31	7478
2.31	7479
2.31	7480
2.31	7481
2.31	7482
2.31	7483
2.31	7484
2.31	7485
2.31	7486
2.31	7487
2.31	7488
2.31	7489
2.31	7490
2.31	7491
2.31	7492
2.31	7493
2.31	7494
2.31	7495
2.31	7496
2.31	7497
2.31	7498
2.31	7499
2.31	7500
2.31	7501
2.31	7502
2.31	7503
2.31	7504
2.31	7505
2.31	7506
2.31	7507
2.31	7508
2.31	7509
2.31	7510
2.31	7511
2.31	7512
2.31	7513
2.31	7514
2.31	7515
2.31	7516
2.31	7517
2.31	7518
2.31	7519
2.31	7520
2.31	7521
2.31	7522
2.31	7523
2.31	7524
2.31	7525
2.31	7526
2.31	7527
2.31	7528
2.31	7529
2.31	7530
2.31	7531
2.31	7532
2.31	7533
2.31	7534
2.31	7535
2.31	7536
2.31	7537
2.31	7538
2.31	7539
2.31	7540
2.31	7541
2.31	7542
2.31	7543
2.31	7544
2.31	7545
2.31	7546
2.31	7547
2.31	7548
2.31	7549
2.31	7550
2.31	7551
2.31	7552
2.31	7553
2.31	7554
2.31	7555
2.31	7556
2.31	7557
2.31	7558
2.31	7559
2.31	7560
2.31	7561
2.31	7562
2.31	7563
2.31	7564
2.31	7565
2.31	7566
2.31	7567
2.31	7568
2.31	7569
2.31	7570
2.31	7571
2.31	7572
2.31	7573
2.31	7574
2.31	7575
2.31	7576
2.31	7577
2.31	7578
2.31	7579
2.31	7580
2.31	7581
2.31	7582
2.31	7583
2.31	7584
2.31	7585
2.31	7586
2.31	7587
2.31	7588
2.31	7589
2.31	7590
2.31	7591
2.31	7592
2.31	7593
2.31	7594
2.31	7595
2.31	7596
2.31	7597
2.31	7598
2.31	7599
2.31	7600
2.31	7601
2.31	7602
2.31	7603
2.31	7604
2.31	7605
2.31	7606
2.31	7607
2.31	7608
2.31	7609
2.31	7610
2.31	7611
2.31	7612
2.31	7613
2.31	7614
2.31	7615
2.31	7616
2.31	7617
2.31	7618
2.31	7619
2.31	7620
2.31	7621
2.31	7622
2.31	7623
2.31	7624
2.31	7625
2.31	7626
2.31	7627
2.31	7628
2.31	7629
2.31	7630
2.31	7631
2.31	7632
2.31	7633
2.31	7634
2.31	7635
2.31	7636
2.31	7637
2.31	7638
2.31	7639
2.31	7640
2.31	7641
2.31	7642
2.31	7643
2.31	7644
2.31	7645
2.31	7646
2.31	7647
2.31	7648
2.31	7649
2.31	7650
2.31	7651
2.31	7652
2.31	7653
2.31	7654
2.31	7655
2.31	7656
2.31	7657
2.31	7658
2.31	7659
2.31	7660
2.31	7661
2.31	7662
2.31	7663
2.31	7664
2.31	7665
2.31	7666
2.31	7667
2.31	7668
2.31	7669
2.31	7670
2.31	7671
2.31	7672
2.31	7673
2.31	7674
2.31	7675
2.31	7676
2.31	7677
2.31	7678
2.31	7679
2.31	7680
2.31	7681
2.31	7682
2.31	7683
2.31	7684
2.31	7685
2.31	7686
2.31	7687
2.31	7688
2.31	7689
2.31	7690
2.31	7691
2.31	7692
2.31	7693
2.31	7694
2.31	7695
2.31	7696
2.31	7697
2.31	7698
2.31	7699
2.31	7700
2.31	7701
2.31	7702
2.31	7703
2.31	7704
2.31	7705
2.31	7706
2.31	7707
2.31	7708
2.31	7709
2.31	7710
2.31	7711
2.31	7712
2.31	7713
2.31	7714
2.31	7715
2.31	7716
2.31	7717
2.31	7718
2.31	7719
2.31	7720
2.31	7721
2.31	7722
2.31	7723
2.31	7724
2.31	7725
2.31	7726
2.31	7727
2.31	7728
2.31	7729
2.31	7730
2.31	7731
2.31	7732
2.31	7733
2.31	7734
2.31	7735
2.31	7736
2.31	7737
2.31	7738
2.31	7739
2.31	7740
2.31	7741
2.31	7742
2.31	7743
2.31	7744
2.31	7745
2.31	7746
2.31	7747
2.31	7748
2.31	7749
2.31	7750
2.31	7751
2.31	7752
2.31	7753
2.31	7754
2.31	7755
2.31	7756
2.31	7757
2.31	7758
2.31	7759
2.31	7760
2.31	7761
2.31	7762
2.31	7763
2.31	7764
2.31	7765
2.31	7766
2.31	7767
2.31	7768
2.31	7769
2.31	7770
2.31	7771
2.31	7772
2.31	7773
2.31	7774
2.31	7775
2.31	7776
2.31	7777
2.31	7778
2.31	7779
2.31	7780
2.31	7781
2.31	7782
2.31	7783
2.31	7784
2.31	7785
2.31	7786
2.31	7787
2.31	7788
2.31	7789
2.31	7790
2.31	7791
2.31	7792
2.31	7793
2.31	7794
2.31	7795
2.31	7796
2.31	7797
2.31	7798
2.31	7799
2.31	7800
2.31	7801
2.31	7802
2.31	7803
2.31	7804
2.31	7805
2.31	7806
2.31	7807
2.31	7808
2.31	7809
2.31	7810
2.31	7811
2.31	7812
2.31	7813
2.31	7814
2.31	7815
2.31	7816
2.31	7817
2.31	7818
2.31	7819
2.31	7820
2.31	7821
2.31	7822
2.31	7823
2.31	7824
2.31	7825
2.31	7826
2.31	7827
2.31	7828
2.31	7829
2.31	7830
2.31	7831
2.31	7832
2.31	7833
2.31	7834
2.31	7835
2.31	7836
2.31	7837
2.31	7838
2.31	7839
2.31	7840
2.31	7841
2.31	7842
2.31	7843
2.31	7844
2.31	7845
2.31	7846
2.31	7847
2.31	7848
2.31	7849
2.31	7850
2.31	7851
2.31	7852
2.31	7853
2.31	7854
2.31	7855
2.31	7856
2.31	7857
2.31	7858
2.31	7859
2.31	7860
2.31	7861
2.31	7862
2.31	7863
2.31	7864
2.31	7865
2.31	7866
2.31	7867
2.31	7868
2.31	7869
2.31	7870
2.31	7871
2.31	7872
2.31	7873
2.31	7874
2.31	7875
2.31	7876
2.31	7877
2.31	7878
2.31	7879
2.31	7880
2.31	7881
2.31	7882
2.31	7883
2.31	7884
2.31	7885
2.31	7886
2.31	7887
2.31	7888
2.31	7889
2.31	7890
2.31	7891
2.31	7892
2.31	7893
2.31	7894
2.31	7895
2.31	7896
2.31	7897
2.31	7898
2.31	7899
2.31	7900
2.31	7901
2.31	7902
2.31	7903
2.31	7904
2.31	7905
2.31	7906
2.31	7907
2.31	7908
2.31	7909
2.31	7910
2.31	7911
2.31	7912
2.31	7913
2.31	7914
2.31	7915
2.31	7916
2.31	7917
2.31	7918
2.31	7919
2.31	7920
2.31	7921
2.31	7922
2.31	7923
2.31	7924
2.31	7925
2.31	7926
2.31	7927
2.31	7928
2.31	7929
2.31	7930
2.31	7931
2.31	7932
2.31	7933
2.31	7934
2.31	7935
2.31	7936
2.31	7937
2.31	7938
2.31	7939
2.31	7940
2.31	7941
2.31	7942
2.31	7943
2.31	7944
2.31	7945
2.31	7946
2.31	7947
2.31	7948
2.31	7949
2.31	7950
2.31	7951
2.31	7952
2.31	7953
2.31	7954
2.31	7955
2.31	7956
2.31	7957
2.31	7958
2.31	7959
2.31	7960
2.31	7961
2.31	7962
2.31	7963
2.31	7964
2.31	7965
2.31	7966
2.31	7967
2.31	7968
2.31	7969
2.31	7970
2.31	7971
2.31	7972
2.31	7973
2.31	7974
2.31	7975
2.31	7976
2.31	7977
2.31	7978
2.31	7979
2.31	7980
2.31	7981
2.31	7982
2.31	7983
2.31	7984
2.31	7985
2.31	7986
2.31	7987
2.31	7988
2.31	7989
2.31	7990
2.31	7991
2.31	7992
2.31	7993
2.31	7994
2.31	7995
2.31	7996
2.31	7997
2.31	7998
2.31	7999
2.31	8000
2.31	8001
2.31	8002
2.31	8003
2.31	8004
2.31	8005
2.31	8006
2.31	8007
2.31	8008
2.31	8009
2.31	8010
2.31	8011
2.31	8012
2.31	8013
2.31	8014
2.31	8015
2.31	8016
2.31	8017
2.31	8018
2.31	8019
2.31	8020
2.31	8021
2.31	8022
2.31	8023
2.31	8024
2.31	8025
2.31	8026
2.31	8027
2.31	8028
2.31	8029
2.31	8030
2.31	8031
2.31	8032
2.31	8033
2.31	8034
2.31	8035
2.31	8036
2.31	8037
2.31	8038
2.31	8039
2.31	8040
2.31	8041
2.31	8042
2.31	8043
2.31	8044
2.31	8045
2.31	8046
2.31	8047
2.31	8048
2.31	8049
2.31	8050
2.31	8051
2.31	8052
2.31	8053
2.31	8054
2.31	8055
2.31	8056
2.31	8057
2.31	8058
2.31	8059
2.31	8060
2.31	8061
2.31	8062
2.31	8063
2.31	8064
2.31	8065
2.31	8066
2.31	8067
2.31	8068
2.31	8069
2.31	8070
2.31	8071
2.31	8072
2.31	8073
2.31	8074
2.31	8075
2.31	8076
2.31	8077
2.31	8078
2.31	8079
2.31	8080
2.31	8081
2.31	8082
2.31	8083
2.31	8084
2.31	8085
2.31	8086
2.31	8087
2.31	8088
2.31	8089
2.31	8090
2.31	8091
2.31	8092
2.31	8093
2.31	8094
2.31	8095
2.31	8096
2.31	8097
2.31	8098
2.31	8099
2.31	8100
2.31	8101
2.31	8102
2.31	8103
2.31	8104
2.31	8105
2.31	8106
2.31	8107
2.31	8108
2.31	8109
2.31	8110
2.31	8111
2.31	8112
2.31	8113
2.31	8114
2.31	8115
2.31	8116
2.31	8117
2.31	8118
2.31	8119
2.31	8120
2.31	8121
2.31	8122
2.31	8123
2.31	8124
2.31	8125
2.31	8126
2.31	8127
2.31	8128
2.31	8129
2.31	8130
2.31	8131
2.31	8132
2.31	8133
2.31	8134
2.31	8135
2.31	8136
2.31	8137
2.31	8138
2.31	8139
2.31	8140
2.31	8141
2.31	8142
2.31	8143
2.31	8144
2.31	8145
2.31	8146
2.31	8147
2.31	8148
2.31	8149
2.31	8150
2.31	8151
2.31	8152
2.31	8153
2.31	8154
2.31	8155
2.31	8156
2.31	8157
2.31	8158
2.31	8159
2.31	8160
2.31	8161
2.31	8162
2.31	8163
2.31	8164
2.31	8165
2.31	8166
2.31	8167
2.31	8168
2.31	8169
2.31	8170
2.31	8171
2.31	8172
2.31	8173
2.31	8174
2.31	8175
2.31	8176
2.31	8177
2.31	8178
2.31	8179
2.31	8180
2.31	8181
2.31	8182
2.31	8183
2.31	8184
2.31	8185
2.31	8186
2.31	8187
2.31	8188
2.31	8189
2.31	8190
2.31	8191
2.31	8192
2.31	8193
2.31	8194
2.31	8195
2.31	8196
2.31	8197
2.31	8198
2.31	8199
2.31	8200
2.31	8201
2.31	8202
2.31	8203
2.31	8204
2.31	8205
2.31	8206
2.31	8207
2.31	8208
2.31	8209
2.31	8210
2.31	8211
2.31	8212
2.31	8213
2.31	8214
2.31	8215
2.31	8216
2.31	8217
2.31	8218
2.31	8219
2.31	8220
2.31	8221
2.31	8222
2.31	8223
2.31	8224
2.31	8225
2.31	8226
2.31	8227
2.31	8228
2.31	8229
2.31	8230
2.31	8231
2.31	8232
2.31	8233
2.31	8234
2.31	8235
2.31	8236
2.31	8237
2.31	8238
2.31	8239
2.31	8240
2.31	8241
2.31	8242
2.31	8243
2.31	8244
2.31	8245
2.31	8246
2.31	8247
2.31	8248
2.31	8249
2.31	8250
2.31	8251
2.31	8252
2.31	8253
2.31	8254
2.31	8255
2.31	8256
2.31	8257
2.31	8258
2.31	8259
2.31	8260
2.31	8261
2.31	8262
2.31	8263
2.31	8264
2.31	8265
2.31	8266
2.31	8267
2.31	8268
2.31	8269
2.31	8270
2.31	8271
2.31	8272
2.31	8273
2.31	8274
2.31	8275
2.31	8276
2.31	8277
2.31	8278
2.31	8279
2.31	8280
2.31	8281
2.31	8282
2.31	8283
2.31	8284
2.31	8285
2.31	8286
2.31	8287
2.31	8288
2.31	8289
2.31	8290
2.31	8291
2.31	8292
2.31	8293
2.31	8294
2.31	8295
2.31	8296
2.31	8297
2.31	8298
2.31	8299
2.31	8300
2.31	8301
2.31	8302
2.31	8303
2.31	8304
2.31	8305
2.31	8306
2.31	8307
2.31	8308
2.31	8309
2.31	8310
2.31	8311
2.31	8312
2.31	8313
2.31	8314
2.31	8315
2.31	8316
2.31	8317
2.31	8318
2.31	8319
2.31	8320
2.31	8321
2.31	8322
2.31	8323
2.31	8324
2.31	8325
2.31	8326
2.31	8327
2.31	8328
2.31	8329
2.31	8330
2.31	8331
2.31	8332
2.31	8333
2.31	8334
2.31	8335
2.31	8336
2.31	8337
2.31	8338
2.31	8339
2.31	8340
2.31	8341
2.31	8342
2.31	8343
2.31	8344
2.31	8345
2.31	8346
2.31	8347
2.31	8348
2.31	8349
2.31	8350
2.31	8351
2.31	8352
2.31	8353
2.31	8354
2.31	8355
2.31	8356
2.31	8357
2.31	8358
2.31	8359
2.31	8360
2.31	8361
2.31	8362
2.31	8363
2.31	8364
2.31	8365
2.31	8366
2.31	8367
2.31	8368
2.31	8369
2.31	8370
2.31	8371
2.31	8372
2.31	8373
2.31	8374
2.31	8375
2.31	8376
2.31	8377
2.31	8378
2.31	8379
2.31	8380
2.31	8381
2.31	8382
2.31	8383
2.31	8384
2.31	8385
2.31	8386
2.31	8387
2.31	8388
2.31	8389
2.31	8390
2.31	8391
2.31	8392
2.31	8393
2.31	8394
2.31	8395
2.31	8396
2.31	8397
2.31	8398
2.31	8399
2.31	8400
2.31	8401
2.31	8402
2.31	8403
2.31	8404
2.31	8405
2.31	8406
2.31	8407
2.31	8408
2.31	8409
2.31	8410
2.31	8411
2.31	8412
2.31	8413
2.31	8414
2.31	8415
2.31	8416
2.31	8417
2.31	8418
2.31	8419
2.31	8420
2.31	8421
2.31	8422
2.31	8423
2.31	8424
2.31	8425
2.31	8426
2.31	8427
2.31	8428
2.31	8429
2.31	8430
2.31	8431
2.31	8432
2.31	8433
2.31	8434
2.31	8435
2.31	8436
2.31	8437
2.31	8438
2.31	8439
2.31	8440
2.31	8441
2.31	8442
2.31	8443
2.31	8444
2.31	8445
2.31	8446
2.31	8447
2.31	8448
2.31	8449
2.31	8450
2.31	8451
2.31	8452
2.31	8453
2.31	8454
2.31	8455
2.31	8456
2.31	8457
2.31	8458
2.31	8459
2.31	8460
2.31	8461
2.31	8462
2.31	8463
2.31	8464
2.31	8465
2.31	8466
2.31	8467
2.31	8468
2.31	8469
2.31	8470
2.31	8471
2.31	8472
2.31	8473
2.31	8474
2.31	8475
2.31	8476
2.31	8477
2.31	8478
2.31	8479
2.31	8480
2.31	8481
2.31	8482
2.31	8483
2.31	8484
2.31	8485
2.31	8486
2.31	8487
2.31	8488
2.31	8489
2.31	8490
2.31	8491
2.31	8492
2.31	8493
2.31	8494
2.31	8495
2.31	8496
2.31	8497
2.31	8498
2.31	8499
2.31	8500
2.31	8501
2.31	8502
2.31	8503
2.31	8504
2.31	8505
2.31	8506
2.31	8507
2.31	8508
2.31	8509
2.31	8510
2.31	8511
2.31	8512
2.31	8513
2.31	8514
2.31	8515
2.31	8516
2.31	8517
2.31	8518
2.31	8519
2.31	8520
2.31	8521
2.31	8522
2.31	8523
2.31	8524
2.31	8525
2.31	8526
2.31	8527
2.31	8528
2.31	8529
2.31	8530
2.31	8531
2.31	8532
2.31	8533
2.31	8534
2.31	8535
2.31	8536
2.31	8537
2.31	8538
2.31	8539
2.31	8540
2.31	8541
2.31	8542
2.31	8543
2.31	8544
2.31	8545
2.31	8546
2.31	8547
2.31	8548
2.31	8549
2.31	8550
2.31	8551
2.31	8552
2.31	8553
2.31	8554
2.31	8555
2.31	8556
2.31	8557
2.31	8558
2.31	8559
2.31	8560
2.31	8561
2.31	8562
2.31	8563
2.31	8564
2.31	8565
2.31	8566
2.31	8567
2.31	8568
2.31	8569
2.31	8570
2.31	8571
2.31	8572
2.31	8573
2.31	8574
2.31	8575
2.31	8576
2.31	8577
2.31	8578
2.31	8579
2.31	8580
2.31	8581
2.31	8582
2.31	8583
2.31	8584
2.31	8585
2.31	8586
2.31	8587
2.31	8588
2.31	8589
2.31	8590
2.31	8591
2.31	8592
2.31	8593
2.31	8594
2.31	8595
2.31	8596
2.31	8597
2.31	8598
2.31	8599
2.31	8600
2.31	8601
2.31	8602
2.31	8603
2.31	8604
2.31	8605
2.31	8606
2.31	8607
2.31	8608
2.31	8609
2.31	8610
2.31	8611
2.31	8612
2.31	8613
2.31	8614
2.31	8615
2.31	8616
2.31	8617
2.31	8618
2.31	8619
2.31	8620
2.31	8621
2.31	8622
2.31	8623
2.31	8624
2.31	8625
2.31	8626
2.31	8627
2.31	8628
2.31	8629
2.31	8630
2.31	8631
2.31	8632
2.31	8633
2.31	8634
2.31	8635
2.31	8636
2.31	8637
2.31	8638
2.31	8639
2.31	8640
2.31	8641
2.31	8642
2.31	8643
2.31	8644
2.31	8645
2.31	8646
2.31	8647
2.31	8648
2.31	8649
2.31	8650
2.31	8651
2.31	8652
2.31	8653
2.31	8654
2.31	8655
2.31	8656
2.31	8657
2.31	8658
2.31	8659
2.31	8660
2.31	8661
2.31	8662
2.31	8663
2.31	8664
2.31	8665
2.31	8666
2.31	8667
2.31	8668
2.31	8669
2.31	8670
2.31	8671
2.31	8672
2.31	8673
2.31	8674
2.31	8675
2.31	8676
2.31	8677
2.31	8678
2.31	8679
2.31	8680
2.31	8681
2.31	8682
2.31	8683
2.31	8684
2.31	8685
2.31	8686
2.31	8687
2.31	8688
2.31	8689
2.31	8690
2.31	8691
2.31	8692
2.31	8693
2.31	8694
2.31	8695
2.31	8696
2.31	8697
2.31	8698
2.31	8699
2.31	8700
2.31	8701
2.31	8702
2.31	8703
2.31	8704
2.31	8705
2.31	8706
2.31	8707
2.31	8708
2.31	8709
2.31	8710
2.31	8711
2.31	8712
2.31	8713
2.31	8714
2.31	8715
2.31	8716
2.31	8717
2.31	8718
2.31	8719
2.31	8720
2.31	8721
2.31	8722
2.31	8723
2.31	8724
2.31	8725
2.31	8726
2.31	8727
2.31	8728
2.31	8729
2.31	8730
2.31	8731
2.31	8732
2.31	8733
2.31	8734
2.31	8735
2.31	8736
2.31	8737
2.31	8738
2.31	8739
2.31	8740
2.31	8741
2.31	8742
2.31	8743
2.31	8744
2.31	8745
2.31	8746
2.31	8747
2.31	8748
2.31	8749
2.31	8750
2.31	8751
2.31	8752
2.31	8753
2.31	8754
2.31	8755
2.31	8756
2.31	8757
2.31	8758
2.31	8759
2.31	8760
2.31	8761
2.31	8762
2.31	8763
2.31	8764
2.31	8765
2.31	8766
2.31	8767
2.31	8768
2.31	8769
2.31	8770
2.31	8771
2.31	8772
2.31	8773
2.31	8774
2.31	8775
2.31	8776
2.31	8777
2.31	8778
2.31	8779
2.31	8780
2.31	8781
2.31	8782
2.31	8783
2.31	8784
2.31	8785
2.31	8786
2.31	8787
2.31	8788
2.31	8789
2.31	8790
2.31	8791
2.31	8792
2.31	8793
2.31	8794
2.31	8795
2.31	8796
2.31	8797
2.31	8798
2.31	8799
2.31	8800
2.31	8801
2.31	8802
2.31	8803
2.31	8804
2.31	8805
2.31	8806
2.31	8807
2.31	8808
2.31	8809
2.31	8810
2.31	8811
2.31	8812
2.31	8813
2.31	8814
2.31	8815
2.31	8816
2.31	8817
2.31	8818
2.31	8819
2.31	8820
2.31	8821
2.31	8822
2.31	8823
2.31	8824
2.31	8825
2.31	8826
2.31	8827
2.31	8828
2.31	8829
2.31	8830
2.31	8831
2.31	8832
2.31	8833
2.31	8834
2.31	8835
2.31	8836
2.31	8837
2.31	8838
2.31	8839
2.31	8840
2.31	8841
2.31	8842
2.31	8843
2.31	8844
2.31	8845
2.31	8846
2.31	8847
2.31	8848
2.31	8849
2.31	8850
2.31	8851
2.31	8852
2.31	8853
2.31	8854
2.31	8855
2.31	8856
2.31	8857
2.31	8858
2.31	8859
2.31	8860
2.31	8861
2.31	8862
2.31	8863
2.31	8864
2.31	8865
2.31	8866
2.31	8867
2.31	8868
2.31	8869
2.31	8870
2.31	8871
2.31	8872
2.31	8873
2.31	8874
2.31	8875
2.31	8876
2.31	8877
2.31	8878
2.31	8879
2.31	8880
2.31	8881
2.31	8882
2.31	8883
2.31	8884
2.31	8885
2.31	8886
2.31	8887
2.31	8888
2.31	8889
2.31	8890
2.31	8891
2.31	8892
2.31	8893
2.31	8894
2.31	8895
2.31	8896
2.31	8897
2.31	8898
2.31	8899
2.31	8900
2.31	8901
2.31	8902
2.31	8903
2.31	8904
2.31	8905
2.31	8906
2.31	8907
2.31	8908
2.31	8909
2.31	8910
2.31	8911
2.31	8912
2.31	8913
2.31	8914
2.31	8915
2.31	8916
2.31	8917
2.31	8918
2.31	8919
2.31	8920
2.31	8921
2.31	8922
2.31	8923
2.31	8924
2.31	8925
2.31	8926
2.31	8927
2.31	8928
2.31	8929
2.31	8930
2.31	8931
2.31	8932
2.31	8933
2.31	8934
2.31	8935
2.31	8936
2.31	8937
2.31	8938
2.31	8939
2.31	8940
2.31	8941
2.31	8942
2.31	8943
2.31	8944
2.31	8945
2.31	8946
2.31	8947
2.31	8948
2.31	8949
2.31	8950
2.31	8951
2.31	8952
2.31	8953
2.31	8954
2.31	8955
2.31	8956
2.31	8957
2.31	8958
2.31	8959
2.31	8960
2.31	8961
2.31	8962
2.31	8963
2.31	8964
2.31	8965
2.31	8966
2.31	8967
2.31	8968
2.31	8969
2.31	8970
2.31	8971
2.31	8972
2.31	8973
2.31	8974
2.31	8975
2.31	8976
2.31	8977
2.31	8978
2.31	8979
2.31	8980
2.31	8981
2.31	8982
2.31	8983
2.31	8984
2.31	8985
2.31	8986
2.31	8987
2.31	8988
2.31	8989
2.31	8990
2.31	8991
2.31	8992
2.31	8993
2.31	8994
2.31	8995
2.31	8996
2.31	8997
2.31	8998
2.31	8999
2.31	9000
2.31	9001
2.31	9002
2.31	9003
2.31	9004
2.31	9005
2.31	9006
2.31	9007
2.31	9008
2.31	9009
2.31	9010
2.31	9011
2.31	9012
2.31	9013
2.31	9014
2.31	9015
2.31	9016
2.31	9017
2.31	9018
2.31	9019
2.31	9020
2.31	9021
2.31	9022
2.31	9023
2.31	9024
2.31	9025
2.31	9026
2.31	9027
2.31	9028
2.31	9029
2.31	9030
2.31	9031
2.31	9032
2.31	9033
2.31	9034
2.31	9035
2.31	9036
2.31	9037
2.31	9038
2.31	9039
2.31	9040
2.31	9041
2.31	9042
2.31	9043
2.31	9044
2.31	9045
2.31	9046
2.31	9047
2.31	9048
2.31	9049
2.31	9050
2.31	9051
2.31	9052
2.31	9053
2.31	9054
2.31	9055
2.31	9056
2.31	9057
2.31	9058
2.31	9059
2.31	9060
2.31	9061
2.31	9062
2.31	9063
2.31	9064
2.31	9065
2.31	9066
2.31	9067
2.31	9068
2.31	9069
2.31	9070
2.31	9071
2.31	9072
2.31	9073
2.31	9074
2.31	9075
2.31	9076
2.31	9077
2.31	9078
2.31	9079
2.31	9080
2.31	9081
2.31	9082
2.31	9083
2.31	9084
2.31	9085
2.31	9086
2.31	9087
2.31	9088
2.31	9089
2.31	9090
2.31	9091
2.31	9092
2.31	9093
2.31	9094
2.31	9095
2.31	9096
2.31	9097
2.31	9098
2.31	9099
2.31	9100
2.31	9101
2.31	9102
2.31	9103
2.31	9104
2.31	9105
2.31	9106
2.31	9107
2.31	9108
2.31	9109
2.31	9110
2.31	9111
2.31	9112
2.31	9113
2.31	9114
2.31	9115
2.31	9116
2.31	9117
2.31	9118
2.31	9119
2.31	9120
2.31	9121
2.31	9122
2.31	9123
2.31	9124
2.31	9125
2.31	9126
2.31	9127
2.31	9128
2.31	9129
2.31	9130
2.31	9131
2.31	9132
2.31	9133
2.31	9134
2.31	9135
2.31	9136
2.31	9137
2.31	9138
2.31	9139
2.31	9140
2.31	9141
2.31	9142
2.31	9143
2.31	9144
2.31	9145
2.31	9146
2.31	9147
2.31	9148
2.31	9149
2.31	9150
2.31	9151
2.31	9152
2.31	9153
2.31	9154
2.31	9155
2.31	9156
2.31	9157
2.31	9158
2.31	9159
2.31	9160
2.31	9161
2.31	9162
2.31	9163
2.31	9164
2.31	9165
2.31	9166
2.31	9167
2.31	9168
2.31	9169
2.31	9170
2.31	9171
2.31	9172
2.31	9173
2.31	9174
2.31	9175
2.31	9176
2.31	9177
2.31	9178
2.31	9179
2.31	9180
2.31	9181
2.31	9182
2.31	9183
2.31	9184
2.31	9185
2.31	9186
2.31	9187
2.31	9188
2.31	9189
2.31	9190
2.31	9191
2.31	9192
2.31	9193
2.31	9194
2.31	9195
2.31	9196
2.31	9197
2.31	9198
2.31	9199
2.31	9200
2.31	9201
2.31	9202
2.31	9203
2.31	9204
2.31	9205
2.31	9206
2.31	9207
2.31	9208
2.31	9209
2.31	9210
2.31	9211
2.31	9212
2.31	9213
2.31	9214
2.31	9215
2.31	9216
2.31	9217
2.31	9218
2.31	9219
2.31	9220
2.31	9221
2.31	9222
2.31	9223
2.31	9224
2.31	9225
2.31	9226
2.31	9227
2.31	9228
2.31	9229
2.31	9230
2.31	9231
2.31	9232
2.31	9233
2.31	9234
2.31	9235
2.31	9236
2.31	9237
2.31	9238
2.31	9239
2.31	9240
2.31	9241
2.31	9242
2.31	9243
2.31	9244
2.31	9245
2.31	9246
2.31	9247
2.31	9248
2.31	9249
2.31	9250
2.31	9251
2.31	9252
2.31	9253
2.31	9254
2.31	9255
2.31	9256
2.31	9257
2.31	9258
2.31	9259
2.31	9260
2.31	9261
2.31	9262
2.31	9263
2.31	9264
2.31	9265
2.31	9266
2.31	9267
2.31	9268
2.31	9269
2.31	9270
2.31	9271
2.31	9272
2.31	9273
2.31	9274
2.31	9275
2.31	9276
2.31	9277
2.31	9278
2.31	9279
2.31	9280
2.31	9281
2.31	9282
2.31	9283
2.31	9284
2.31	9285
2.31	9286
2.31	9287
2.31	9288
2.31	9289
2.31	9290
2.31	9291
2.31	9292
2.31	9293
2.31	9294
2.31	9295
2.31	9296
2.31	9297
2.31	9298
2.31	9299
2.31	9300
2.31	9301
2.31	9302
2.31	9303
2.31	9304
2.31	9305
2.31	9306
2.31	9307
2.31	9308
2.31	9309
2.31	9310
2.31	9311
2.31	9312
2.31	9313
2.31	9314
2.31	9315
2.31	9316
2.31	9317
2.31	9318
2.31	9319
2.31	9320
2.31	9321
2.31	9322
2.31	9323
2.31	9324
2.31	9325
2.31	9326
2.31	9327
2.31	9328
2.31	9329
2.31	9330
2.31	9331
2.31	9332
2.31	9333
2.31	9334
2.31	9335
2.31	9336
2.31	9337
2.31	9338
2.31	9339
2.31	9340
2.31	9341
2.31	9342
2.31	9343
2.31	9344
2.31	9345
2.31	9346
2.31	9347
2.31	9348
2.31	9349
2.31	9350
2.31	9351
2.31	9352
2.31	9353
2.31	9354
2.31	9355
2.31	9356
2.31	9357
2.31	9358
2.31	9359
2.31	9360
2.31	9361
2.31	9362
2.31	9363
2.31	9364
2.31	9365
2.31	9366
2.31	9367
2.31	9368
2.31	9369
2.31	9370
2.31	9371
2.31	9372
2.31	9373
2.31	9374
2.31	9375
2.31	9376
2.31	9377
2.31	9378
2.31	9379
2.31	9380
2.31	9381
2.31	9382
2.31	9383
2.31	9384
2.31	9385
2.31	9386
2.31	9387
2.31	9388
2.31	9389
2.31	9390
2.31	9391
2.31	9392
2.31	9393
2.31	9394
2.31	9395
2.31	9396
2.31	9397
2.31	9398
2.31	9399
2.31	9400
2.31	9401
2.31	9402
2.31	9403
2.31	9404
2.31	9405
2.31	9406
2.31	9407
2.31	9408
2.31	9409
2.31	9410
2.31	9411
2.31	9412
2.31	9413
2.31	9414
2.31	9415
2.31	9416
2.31	9417
2.31	9418
2.31	9419
2.31	9420
2.31	9421
2.31	9422
2.31	9423
2.31	9424
2.31	9425
2.31	9426
2.31	9427
2.31	9428
2.31	9429
2.31	9430
2.31	9431
2.31	9432
2.31	9433
2.31	9434
2.31	9435
2.31	9436
2.31	9437
2.31	9438
2.31	9439
2.31	9440
2.31	9441
2.31	9442
2.31	9443
2.31	9444
2.31	9445
2.31	9446
2.31	9447
2.31	9448
2.31	9449
2.31	9450
2.31	9451
2.31	9452
2.31	9453
2.31	9454
2.31	9455
2.31	9456
2.31	9457
2.31	9458
2.31	9459
2.31	9460
2.31	9461
2.31	9462
2.31	9463
2.31	9464
2.31	9465
2.31	9466
2.31	9467
2.31	9468
2.31	9469
2.31	9470
2.31	9471
2.31	9472
2.31	9473
2.31	9474
2.31	9475
2.31	9476
2.31	9477
2.31	9478
2.31	9479
2.31	9480
2.31	9481
2.31	9482
2.31	9483
2.31	9484
2.31	9485
2.31	9486
2.31	9487
2.31	9488
2.31	9489
2.31	9490
2.31	9491
2.31	9492
2.31	9493
2.31	9494
2.31	9495
2.31	9496
2.31	9497
2.31	9498
2.31	9499
2.31	9500
2.31	9501
2.31	9502
2.31	9503
2.31	9504
2.31	9505
2.31	9506
2.31	9507
2.31	9508
2.31	9509
2.31	9510
2.31	9511
2.31	9512
2.31	9513
2.31	9514
2.31	9515
2.31	9516
2.31	9517
2.31	9518
2.31	9519
2.31	9520
2.31	9521
2.31	9522
2.31	9523
2.31	9524
2.31	9525
2.31	9526
2.31	9527
2.31	9528
2.31	9529
2.31	9530
2.31	9531
2.31	9532
2.31	9533
2.31	9534
2.31	9535
2.31	9536
2.31	9537
2.31	9538
2.31	9539
2.31	9540
2.31	9541
2.31	9542
2.31	9543
2.31	9544
2.31	9545
2.31	9546
2.31	9547
2.31	9548
2.31	9549
2.31	9550
2.31	9551
2.31	9552
2.31	9553
2.31	9554
2.31	9555
2.31	9556
2.31	9557
2.31	9558
2.31	9559
2.31	9560
2.31	9561
2.31	9562
2.31	9563
2.31	9564
2.31	9565
2.31	9566
2.31	9567
2.31	9568
2.31	9569
2.31	9570
2.31	9571
2.31	9572
2.31	9573
2.31	9574
2.31	9575
2.31	9576
2.31	9577
2.31	9578
2.31	9579
2.31	9580
2.31	9581
2.31	9582
2.31	9583
2.31	9584
2.31	9585
2.31	9586
2.31	9587
2.31	9588
2.31	9589
2.31	9590
2.31	9591
2.31	9592
2.31	9593
2.31	9594
2.31	9595
2.31	9596
2.31	9597
2.31	9598
2.31	9599
2.31	9600
2.31	9601
2.31	9602
2.31	9603
2.31	9604
2.31	9605
2.31	9606
2.31	9607
2.31	9608
2.31	9609
2.31	9610
2.31	9611
2.31	9612
2.31	9613
2.31	9614
2.31	9615
2.31	9616
2.31	9617
2.31	9618
2.31	9619
2.31	9620
2.31	9621
2.31	9622
2.31	9623
2.31	9624
2.31	9625
2.31	9626
2.31	9627
2.31	9628
2.31	9629
2.31	9630
2.31	9631
2.31	9632
2.31	9633
2.31	9634
2.31	9635
2.31	9636
2.31	9637
2.31	9638
2.31	9639
2.31	9640
2.31	9641
2.31	9642
2.31	9643
2.31	9644
2.31	9645
2.31	9646
2.31	9647
2.31	9648
2.31	9649
2.31	9650
2.31	9651
2.31	9652
2.31	9653
2.31	9654
2.31	9655
2.31	9656
2.31	9657
2.31	9658
2.31	9659
2.31	9660
2.31	9661
2.31	9662
2.31	9663
2.31	9664
2.31	9665
2.31	9666
2.31	9667
2.31	9668
2.31	9669
2.31	9670
2.31	9671
2.31	9672
2.31	9673
2.31	9674
2.31	9675
2.31	9676
2.31	9677
2.31	9678
2.31	9679
2.31	9680
2.31	9681
2.31	9682
2.31	9683
2.31	9684
2.31	9685
2.31	9686
2.31	9687
2.31	9688
2.31	9689
2.31	9690
2.31	9691
2.31	9692
2.31	9693
2.31	9694
2.31	9695
2.31	9696
2.31	9697
2.31	9698
2.31	9699
2.31	9700
2.31	9701
2.31	9702
2.31	9703
2.31	9704
2.31	9705
2.31	9706
2.31	9707
2.31	9708
2.31	9709
2.31	9710
2.31	9711
2.31	9712
2.31	9713
2.31	9714
2.31	9715
2.31	9716
2.31	9717
2.31	9718
2.31	9719
2.31	9720
2.31	9721
2.31	9722
2.31	9723
2.31	9724
2.31	9725
2.31	9726
2.31	9727
2.31	9728
2.31	9729
2.31	9730
2.31	9731
2.31	9732
2.31	9733
2.31	9734
2.31	9735
2.31	9736
2.31	9737
2.31	9738
2.31	9739
2.31	9740
2.31	9741
2.31	9742
2.31	9743
2.31	9744
2.31	9745
2.31	9746
2.31	9747
2.31	9748
2.31	9749
2.31	9750
2.31	9751
2.31	9752
2.31	9753
2.31	9754
2.31	9755
2.31	9756
2.31	9757
2.31	9758
2.31	9759
2.31	9760
2.31	9761
2.31	9762
2.31	9763
2.31	9764
2.31	9765
2.31	9766
2.31	9767
2.31	9768
2.31	9769
2.31	9770
2.31	9771
2.31	9772
2.31	9773
2.31	9774
2.31	9775
2.31	9776
2.31	9777
2.31	9778
2.31	9779
2.31	9780
2.31	9781
2.31	9782
2.31	9783
2.31	9784
2.31	9785
2.31	9786
2.31	9787
2.31	9788
2.31	9789
2.31	9790
2.31	9791
2.31	9792
2.31	9793
2.31	9794
2.31	9795
2.31	9796
2.31	9797
2.31	9798
2.31	9799
2.31	9800
2.31	9801
2.31	9802
2.31	9803
2.31	9804
2.31	9805
2.31	9806
2.31	9807
2.31	9808
2.31	9809
2.31	9810
