0.58	6720
0.58	6721
0.58	6722
0.58	6723
0.58	6724
0.58	6725
0.58	6726
0.58	6727
0.58	6728
0.58	6729
0.58	6730
0.58	6731
0.58	6732
0.58	6733
0.58	6734
0.58	6735
0.58	6736
0.58	6737
0.58	6738
0.58	6739
0.58	6740
0.58	6741
0.58	6742
0.58	6743
0.58	6744
0.58	6745
0.58	6746
0.58	6747
0.58	6748
0.58	6749
0.58	6750
0.58	6751
0.58	6752
0.58	6753
0.58	6754
0.58	6755
0.58	6756
0.58	6757
0.58	6758
0.58	6759
0.58	6760
0.58	6761
0.58	6762
0.58	6763
0.58	6764
0.58	6765
0.58	6766
0.58	6767
0.58	6768
0.58	6769
0.58	6770
0.58	6771
0.58	6772
0.58	6773
0.58	6774
0.58	6775
0.58	6776
0.58	6777
0.58	6778
0.58	6779
0.58	6780
0.58	6781
0.58	6782
0.58	6783
0.58	6784
0.58	6785
0.58	6786
0.58	6787
0.58	6788
0.58	6789
0.58	6790
0.58	6791
0.58	6792
0.58	6793
0.58	6794
0.58	6795
0.58	6796
0.58	6797
0.58	6798
0.58	6799
0.58	6800
0.58	6801
0.58	6802
0.58	6803
0.58	6804
0.58	6805
0.58	6806
0.58	6807
0.58	6808
0.58	6809
0.58	6810
0.58	6811
0.58	6812
0.58	6813
0.58	6814
0.58	6815
0.58	6816
0.58	6817
0.58	6818
0.58	6819
0.58	6820
0.58	6821
0.58	6822
0.58	6823
0.58	6824
0.58	6825
0.58	6826
0.58	6827
0.58	6828
0.58	6829
0.58	6830
0.58	6831
0.58	6832
0.58	6833
0.58	6834
0.58	6835
0.58	6836
0.58	6837
0.58	6838
0.58	6839
0.58	6840
0.58	6841
0.58	6842
0.58	6843
0.58	6844
0.58	6845
0.58	6846
0.58	6847
0.58	6848
0.58	6849
0.58	6850
0.58	6851
0.58	6852
0.58	6853
0.58	6854
0.58	6855
0.58	6856
0.58	6857
0.58	6858
0.58	6859
0.58	6860
0.58	6861
0.58	6862
0.58	6863
0.58	6864
0.58	6865
0.58	6866
0.58	6867
0.58	6868
0.58	6869
0.58	6870
0.58	6871
0.58	6872
0.58	6873
0.58	6874
0.58	6875
0.58	6876
0.58	6877
0.58	6878
0.58	6879
0.58	6880
0.58	6881
0.58	6882
0.58	6883
0.58	6884
0.58	6885
0.58	6886
0.58	6887
0.58	6888
0.58	6889
0.58	6890
0.58	6891
0.58	6892
0.58	6893
0.58	6894
0.58	6895
0.58	6896
0.58	6897
0.58	6898
0.58	6899
0.58	6900
0.58	6901
0.58	6902
0.58	6903
0.58	6904
0.58	6905
0.58	6906
0.58	6907
0.58	6908
0.58	6909
0.58	6910
0.58	6911
0.58	6912
0.58	6913
0.58	6914
0.58	6915
0.58	6916
0.58	6917
0.58	6918
0.58	6919
0.58	6920
0.58	6921
0.58	6922
0.58	6923
0.58	6924
0.58	6925
0.58	6926
0.58	6927
0.58	6928
0.58	6929
0.58	6930
0.58	6931
0.58	6932
0.58	6933
0.58	6934
0.58	6935
0.58	6936
0.58	6937
0.58	6938
0.58	6939
0.58	6940
0.58	6941
0.58	6942
0.58	6943
0.58	6944
0.58	6945
0.58	6946
0.58	6947
0.58	6948
0.58	6949
0.58	6950
0.58	6951
0.58	6952
0.58	6953
0.58	6954
0.58	6955
0.58	6956
0.58	6957
0.58	6958
0.58	6959
0.58	6960
0.58	6961
0.58	6962
0.58	6963
0.58	6964
0.58	6965
0.58	6966
0.58	6967
0.58	6968
0.58	6969
0.58	6970
0.58	6971
0.58	6972
0.58	6973
0.58	6974
0.58	6975
0.58	6976
0.58	6977
0.58	6978
0.58	6979
0.58	6980
0.58	6981
0.58	6982
0.58	6983
0.58	6984
0.58	6985
0.58	6986
0.58	6987
0.58	6988
0.58	6989
0.58	6990
0.58	6991
0.58	6992
0.58	6993
0.58	6994
0.58	6995
0.58	6996
0.58	6997
0.58	6998
0.58	6999
0.58	7000
0.58	7001
0.58	7002
0.58	7003
0.58	7004
0.58	7005
0.58	7006
0.58	7007
0.58	7008
0.58	7009
0.58	7010
0.58	7011
0.58	7012
0.58	7013
0.58	7014
0.58	7015
0.58	7016
0.58	7017
0.58	7018
0.58	7019
0.58	7020
0.58	7021
0.58	7022
0.58	7023
0.58	7024
0.58	7025
0.58	7026
0.58	7027
0.58	7028
0.58	7029
0.58	7030
0.58	7031
0.58	7032
0.58	7033
0.58	7034
0.58	7035
0.58	7036
0.58	7037
0.58	7038
0.58	7039
0.58	7040
0.58	7041
0.58	7042
0.58	7043
0.58	7044
0.58	7045
0.58	7046
0.58	7047
0.58	7048
0.58	7049
0.58	7050
0.58	7051
0.58	7052
0.58	7053
0.58	7054
0.58	7055
0.58	7056
0.58	7057
0.58	7058
0.58	7059
0.58	7060
0.58	7061
0.58	7062
0.58	7063
0.58	7064
0.58	7065
0.58	7066
0.58	7067
0.58	7068
0.58	7069
0.58	7070
0.58	7071
0.58	7072
0.58	7073
0.58	7074
0.58	7075
0.58	7076
0.58	7077
0.58	7078
0.58	7079
0.58	7080
0.58	7081
0.58	7082
0.58	7083
0.58	7084
0.58	7085
0.58	7086
0.58	7087
0.58	7088
0.58	7089
0.58	7090
0.58	7091
0.58	7092
0.58	7093
0.58	7094
0.58	7095
0.58	7096
0.58	7097
0.58	7098
0.58	7099
0.58	7100
0.58	7101
0.58	7102
0.58	7103
0.58	7104
0.58	7105
0.58	7106
0.58	7107
0.58	7108
0.58	7109
0.58	7110
0.58	7111
0.58	7112
0.58	7113
0.58	7114
0.58	7115
0.58	7116
0.58	7117
0.58	7118
0.58	7119
0.58	7120
0.58	7121
0.58	7122
0.58	7123
0.58	7124
0.58	7125
0.58	7126
0.58	7127
0.58	7128
0.58	7129
0.58	7130
0.58	7131
0.58	7132
0.58	7133
0.58	7134
0.58	7135
0.58	7136
0.58	7137
0.58	7138
0.58	7139
0.58	7140
0.58	7141
0.58	7142
0.58	7143
0.58	7144
0.58	7145
0.58	7146
0.58	7147
0.58	7148
0.58	7149
0.58	7150
0.58	7151
0.58	7152
0.58	7153
0.58	7154
0.58	7155
0.58	7156
0.58	7157
0.58	7158
0.58	7159
0.58	7160
0.58	7161
0.58	7162
0.58	7163
0.58	7164
0.58	7165
0.58	7166
0.58	7167
0.58	7168
0.58	7169
0.58	7170
0.58	7171
0.58	7172
0.58	7173
0.58	7174
0.58	7175
0.58	7176
0.58	7177
0.58	7178
0.58	7179
0.58	7180
0.58	7181
0.58	7182
0.58	7183
0.58	7184
0.58	7185
0.58	7186
0.58	7187
0.58	7188
0.58	7189
0.58	7190
0.58	7191
0.58	7192
0.58	7193
0.58	7194
0.58	7195
0.58	7196
0.58	7197
0.58	7198
0.58	7199
0.58	7200
0.58	7201
0.58	7202
0.58	7203
0.58	7204
0.58	7205
0.58	7206
0.58	7207
0.58	7208
0.58	7209
0.58	7210
0.58	7211
0.58	7212
0.58	7213
0.58	7214
0.58	7215
0.58	7216
0.58	7217
0.58	7218
0.58	7219
0.58	7220
0.58	7221
0.58	7222
0.58	7223
0.58	7224
0.58	7225
0.58	7226
0.58	7227
0.58	7228
0.58	7229
0.58	7230
0.58	7231
0.58	7232
0.58	7233
0.58	7234
0.58	7235
0.58	7236
0.58	7237
0.58	7238
0.58	7239
0.58	7240
0.58	7241
0.58	7242
0.58	7243
0.58	7244
0.58	7245
0.58	7246
0.58	7247
0.58	7248
0.58	7249
0.58	7250
0.58	7251
0.58	7252
0.58	7253
0.58	7254
0.58	7255
0.58	7256
0.58	7257
0.58	7258
0.58	7259
0.58	7260
0.58	7261
0.58	7262
0.58	7263
0.58	7264
0.58	7265
0.58	7266
0.58	7267
0.58	7268
0.58	7269
0.58	7270
0.58	7271
0.58	7272
0.58	7273
0.58	7274
0.58	7275
0.58	7276
0.58	7277
0.58	7278
0.58	7279
0.58	7280
0.58	7281
0.58	7282
0.58	7283
0.58	7284
0.58	7285
0.58	7286
0.58	7287
0.58	7288
0.58	7289
0.58	7290
0.58	7291
0.58	7292
0.58	7293
0.58	7294
0.58	7295
0.58	7296
0.58	7297
0.58	7298
0.58	7299
0.58	7300
0.58	7301
0.58	7302
0.58	7303
0.58	7304
0.58	7305
0.58	7306
0.58	7307
0.58	7308
0.58	7309
0.58	7310
0.58	7311
0.58	7312
0.58	7313
0.58	7314
0.58	7315
0.58	7316
0.58	7317
0.58	7318
0.58	7319
0.58	7320
0.58	7321
0.58	7322
0.58	7323
0.58	7324
0.58	7325
0.58	7326
0.58	7327
0.58	7328
0.58	7329
0.58	7330
0.58	7331
0.58	7332
0.58	7333
0.58	7334
0.58	7335
0.58	7336
0.58	7337
0.58	7338
0.58	7339
0.58	7340
0.58	7341
0.58	7342
0.58	7343
0.58	7344
0.58	7345
0.58	7346
0.58	7347
0.58	7348
0.58	7349
0.58	7350
0.58	7351
0.58	7352
0.58	7353
0.58	7354
0.58	7355
0.58	7356
0.58	7357
0.58	7358
0.58	7359
0.58	7360
0.58	7361
0.58	7362
0.58	7363
0.58	7364
0.58	7365
0.58	7366
0.58	7367
0.58	7368
0.58	7369
0.58	7370
0.58	7371
0.58	7372
0.58	7373
0.58	7374
0.58	7375
0.58	7376
0.58	7377
0.58	7378
0.58	7379
0.58	7380
0.58	7381
0.58	7382
0.58	7383
0.58	7384
0.58	7385
0.58	7386
0.58	7387
0.58	7388
0.58	7389
0.58	7390
0.58	7391
0.58	7392
0.58	7393
0.58	7394
0.58	7395
0.58	7396
0.58	7397
0.58	7398
0.58	7399
0.58	7400
0.58	7401
0.58	7402
0.58	7403
0.58	7404
0.58	7405
0.58	7406
0.58	7407
0.58	7408
0.58	7409
0.58	7410
0.58	7411
0.58	7412
0.58	7413
0.58	7414
0.58	7415
0.58	7416
0.58	7417
0.58	7418
0.58	7419
0.58	7420
0.58	7421
0.58	7422
0.58	7423
0.58	7424
0.58	7425
0.58	7426
0.58	7427
0.58	7428
0.58	7429
0.58	7430
0.58	7431
0.58	7432
0.58	7433
0.58	7434
0.58	7435
0.58	7436
0.58	7437
0.58	7438
0.58	7439
0.58	7440
0.58	7441
0.58	7442
0.58	7443
0.58	7444
0.58	7445
0.58	7446
0.58	7447
0.58	7448
0.58	7449
0.58	7450
0.58	7451
0.58	7452
0.58	7453
0.58	7454
0.58	7455
0.58	7456
0.58	7457
0.58	7458
0.58	7459
0.58	7460
0.58	7461
0.58	7462
0.58	7463
0.58	7464
0.58	7465
0.58	7466
0.58	7467
0.58	7468
0.58	7469
0.58	7470
0.58	7471
0.58	7472
0.58	7473
0.58	7474
0.58	7475
0.58	7476
0.58	7477
0.58	7478
0.58	7479
0.58	7480
0.58	7481
0.58	7482
0.58	7483
0.58	7484
0.58	7485
0.58	7486
0.58	7487
0.58	7488
0.58	7489
0.58	7490
0.58	7491
0.58	7492
0.58	7493
0.58	7494
0.58	7495
0.58	7496
0.58	7497
0.58	7498
0.58	7499
0.58	7500
0.58	7501
0.58	7502
0.58	7503
0.58	7504
0.58	7505
0.58	7506
0.58	7507
0.58	7508
0.58	7509
0.58	7510
0.58	7511
0.58	7512
0.58	7513
0.58	7514
0.58	7515
0.58	7516
0.58	7517
0.58	7518
0.58	7519
0.58	7520
0.58	7521
0.58	7522
0.58	7523
0.58	7524
0.58	7525
0.58	7526
0.58	7527
0.58	7528
0.58	7529
0.58	7530
0.58	7531
0.58	7532
0.58	7533
0.58	7534
0.58	7535
0.58	7536
0.58	7537
0.58	7538
0.58	7539
0.58	7540
0.58	7541
0.58	7542
0.58	7543
0.58	7544
0.58	7545
0.58	7546
0.58	7547
0.58	7548
0.58	7549
0.58	7550
0.58	7551
0.58	7552
0.58	7553
0.58	7554
0.58	7555
0.58	7556
0.58	7557
0.58	7558
0.58	7559
0.58	7560
0.58	7561
0.58	7562
0.58	7563
0.58	7564
0.58	7565
0.58	7566
0.58	7567
0.58	7568
0.58	7569
0.58	7570
0.58	7571
0.58	7572
0.58	7573
0.58	7574
0.58	7575
0.58	7576
0.58	7577
0.58	7578
0.58	7579
0.58	7580
0.58	7581
0.58	7582
0.58	7583
0.58	7584
0.58	7585
0.58	7586
0.58	7587
0.58	7588
0.58	7589
0.58	7590
0.58	7591
0.58	7592
0.58	7593
0.58	7594
0.58	7595
0.58	7596
0.58	7597
0.58	7598
0.58	7599
0.58	7600
0.58	7601
0.58	7602
0.58	7603
0.58	7604
0.58	7605
0.58	7606
0.58	7607
0.58	7608
0.58	7609
0.58	7610
0.58	7611
0.58	7612
0.58	7613
0.58	7614
0.58	7615
0.58	7616
0.58	7617
0.58	7618
0.58	7619
0.58	7620
0.58	7621
0.58	7622
0.58	7623
0.58	7624
0.58	7625
0.58	7626
0.58	7627
0.58	7628
0.58	7629
0.58	7630
0.58	7631
0.58	7632
0.58	7633
0.58	7634
0.58	7635
0.58	7636
0.58	7637
0.58	7638
0.58	7639
0.58	7640
0.58	7641
0.58	7642
0.58	7643
0.58	7644
0.58	7645
0.58	7646
0.58	7647
0.58	7648
0.58	7649
0.58	7650
0.58	7651
0.58	7652
0.58	7653
0.58	7654
0.58	7655
0.58	7656
0.58	7657
0.58	7658
0.58	7659
0.58	7660
0.58	7661
0.58	7662
0.58	7663
0.58	7664
0.58	7665
0.58	7666
0.58	7667
0.58	7668
0.58	7669
0.58	7670
0.58	7671
0.58	7672
0.58	7673
0.58	7674
0.58	7675
0.58	7676
0.58	7677
0.58	7678
0.58	7679
0.58	7680
0.58	7681
0.58	7682
0.58	7683
0.58	7684
0.58	7685
0.58	7686
0.58	7687
0.58	7688
0.58	7689
0.58	7690
0.58	7691
0.58	7692
0.58	7693
0.58	7694
0.58	7695
0.58	7696
0.58	7697
0.58	7698
0.58	7699
0.58	7700
0.58	7701
0.58	7702
0.58	7703
0.58	7704
0.58	7705
0.58	7706
0.58	7707
0.58	7708
0.58	7709
0.58	7710
0.58	7711
0.58	7712
0.58	7713
0.58	7714
0.58	7715
0.58	7716
0.58	7717
0.58	7718
0.58	7719
0.58	7720
0.58	7721
0.58	7722
0.58	7723
0.58	7724
0.58	7725
0.58	7726
0.58	7727
0.58	7728
0.58	7729
0.58	7730
0.58	7731
0.58	7732
0.58	7733
0.58	7734
0.58	7735
0.58	7736
0.58	7737
0.58	7738
0.58	7739
0.58	7740
0.58	7741
0.58	7742
0.58	7743
0.58	7744
0.58	7745
0.58	7746
0.58	7747
0.58	7748
0.58	7749
0.58	7750
0.58	7751
0.58	7752
0.58	7753
0.58	7754
0.58	7755
0.58	7756
0.58	7757
0.58	7758
0.58	7759
0.58	7760
0.58	7761
0.58	7762
0.58	7763
0.58	7764
0.58	7765
0.58	7766
0.58	7767
0.58	7768
0.58	7769
0.58	7770
0.58	7771
0.58	7772
0.58	7773
0.58	7774
0.58	7775
0.58	7776
0.58	7777
0.58	7778
0.58	7779
0.58	7780
0.58	7781
0.58	7782
0.58	7783
0.58	7784
0.58	7785
0.58	7786
0.58	7787
0.58	7788
0.58	7789
0.58	7790
0.58	7791
0.58	7792
0.58	7793
0.58	7794
0.58	7795
0.58	7796
0.58	7797
0.58	7798
0.58	7799
0.58	7800
0.58	7801
0.58	7802
0.58	7803
0.58	7804
0.58	7805
0.58	7806
0.58	7807
0.58	7808
0.58	7809
0.58	7810
0.58	7811
0.58	7812
0.58	7813
0.58	7814
0.58	7815
0.58	7816
0.58	7817
0.58	7818
0.58	7819
0.58	7820
0.58	7821
0.58	7822
0.58	7823
0.58	7824
0.58	7825
0.58	7826
0.58	7827
0.58	7828
0.58	7829
0.58	7830
0.58	7831
0.58	7832
0.58	7833
0.58	7834
0.58	7835
0.58	7836
0.58	7837
0.58	7838
0.58	7839
0.58	7840
0.58	7841
0.58	7842
0.58	7843
0.58	7844
0.58	7845
0.58	7846
0.58	7847
0.58	7848
0.58	7849
0.58	7850
0.58	7851
0.58	7852
0.58	7853
0.58	7854
0.58	7855
0.58	7856
0.58	7857
0.58	7858
0.58	7859
0.58	7860
0.58	7861
0.58	7862
0.58	7863
0.58	7864
0.58	7865
0.58	7866
0.58	7867
0.58	7868
0.58	7869
0.58	7870
0.58	7871
0.58	7872
0.58	7873
0.58	7874
0.58	7875
0.58	7876
0.58	7877
0.58	7878
0.58	7879
0.58	7880
