1.83	2570
1.83	2571
1.83	2572
1.83	2573
1.83	2574
1.83	2575
1.83	2576
1.83	2577
1.83	2578
1.83	2579
1.83	2580
1.83	2581
1.83	2582
1.83	2583
1.83	2584
1.83	2585
1.83	2586
1.83	2587
1.83	2588
1.83	2589
1.83	2590
1.83	2591
1.83	2592
1.83	2593
1.83	2594
1.83	2595
1.83	2596
1.83	2597
1.83	2598
1.83	2599
1.83	2600
1.83	2601
1.83	2602
1.83	2603
1.83	2604
1.83	2605
1.83	2606
1.83	2607
1.83	2608
1.83	2609
1.83	2610
1.83	2611
1.83	2612
1.83	2613
1.83	2614
1.83	2615
1.83	2616
1.83	2617
1.83	2618
1.83	2619
1.83	2620
1.83	2621
1.83	2622
1.83	2623
1.83	2624
1.83	2625
1.83	2626
1.83	2627
1.83	2628
1.83	2629
1.83	2630
1.83	2631
1.83	2632
1.83	2633
1.83	2634
1.83	2635
1.83	2636
1.83	2637
1.83	2638
1.83	2639
1.83	2640
1.83	2641
1.83	2642
1.83	2643
1.83	2644
1.83	2645
1.83	2646
1.83	2647
1.83	2648
1.83	2649
1.83	2650
1.83	2651
1.83	2652
1.83	2653
1.83	2654
1.83	2655
1.83	2656
1.83	2657
1.83	2658
1.83	2659
1.83	2660
1.83	2661
1.83	2662
1.83	2663
1.83	2664
1.83	2665
1.83	2666
1.83	2667
1.83	2668
1.83	2669
1.83	2670
1.83	2671
1.83	2672
1.83	2673
1.83	2674
1.83	2675
1.83	2676
1.83	2677
1.83	2678
1.83	2679
1.83	2680
1.83	2681
1.83	2682
1.83	2683
1.83	2684
1.83	2685
1.83	2686
1.83	2687
1.83	2688
1.83	2689
1.83	2690
1.83	2691
1.83	2692
1.83	2693
1.83	2694
1.83	2695
1.83	2696
1.83	2697
1.83	2698
1.83	2699
1.83	2700
1.83	2701
1.83	2702
1.83	2703
1.83	2704
1.83	2705
1.83	2706
1.83	2707
1.83	2708
1.83	2709
1.83	2710
1.83	2711
1.83	2712
1.83	2713
1.83	2714
1.83	2715
1.83	2716
1.83	2717
1.83	2718
1.83	2719
1.83	2720
1.83	2721
1.83	2722
1.83	2723
1.83	2724
1.83	2725
1.83	2726
1.83	2727
1.83	2728
1.83	2729
1.83	2730
1.83	2731
1.83	2732
1.83	2733
1.83	2734
1.83	2735
1.83	2736
1.83	2737
1.83	2738
1.83	2739
1.83	2740
1.83	2741
1.83	2742
1.83	2743
1.83	2744
1.83	2745
1.83	2746
1.83	2747
1.83	2748
1.83	2749
1.83	2750
1.83	2751
1.83	2752
1.83	2753
1.83	2754
1.83	2755
1.83	2756
1.83	2757
1.83	2758
1.83	2759
1.83	2760
1.83	2761
1.83	2762
1.83	2763
1.83	2764
1.83	2765
1.83	2766
1.83	2767
1.83	2768
1.83	2769
1.83	2770
1.83	2771
1.83	2772
1.83	2773
1.83	2774
1.83	2775
1.83	2776
1.83	2777
1.83	2778
1.83	2779
1.83	2780
1.83	2781
1.83	2782
1.83	2783
1.83	2784
1.83	2785
1.83	2786
1.83	2787
1.83	2788
1.83	2789
1.83	2790
1.83	2791
1.83	2792
1.83	2793
1.83	2794
1.83	2795
1.83	2796
1.83	2797
1.83	2798
1.83	2799
1.83	2800
1.83	2801
1.83	2802
1.83	2803
1.83	2804
1.83	2805
1.83	2806
1.83	2807
1.83	2808
1.83	2809
1.83	2810
1.83	2811
1.83	2812
1.83	2813
1.83	2814
1.83	2815
1.83	2816
1.83	2817
1.83	2818
1.83	2819
1.83	2820
1.83	2821
1.83	2822
1.83	2823
1.83	2824
1.83	2825
1.83	2826
1.83	2827
1.83	2828
1.83	2829
1.83	2830
1.83	2831
1.83	2832
1.83	2833
1.83	2834
1.83	2835
1.83	2836
1.83	2837
1.83	2838
1.83	2839
1.83	2840
1.83	2841
1.83	2842
1.83	2843
1.83	2844
1.83	2845
1.83	2846
1.83	2847
1.83	2848
1.83	2849
1.83	2850
1.83	2851
1.83	2852
1.83	2853
1.83	2854
1.83	2855
1.83	2856
1.83	2857
1.83	2858
1.83	2859
1.83	2860
1.83	2861
1.83	2862
1.83	2863
1.83	2864
1.83	2865
1.83	2866
1.83	2867
1.83	2868
1.83	2869
1.83	2870
1.83	2871
1.83	2872
1.83	2873
1.83	2874
1.83	2875
1.83	2876
1.83	2877
1.83	2878
1.83	2879
1.83	2880
1.83	2881
1.83	2882
1.83	2883
1.83	2884
1.83	2885
1.83	2886
1.83	2887
1.83	2888
1.83	2889
1.83	2890
1.83	2891
1.83	2892
1.83	2893
1.83	2894
1.83	2895
1.83	2896
1.83	2897
1.83	2898
1.83	2899
1.83	2900
1.83	2901
1.83	2902
1.83	2903
1.83	2904
1.83	2905
1.83	2906
1.83	2907
1.83	2908
1.83	2909
1.83	2910
1.83	2911
1.83	2912
1.83	2913
1.83	2914
1.83	2915
1.83	2916
1.83	2917
1.83	2918
1.83	2919
1.83	2920
1.83	2921
1.83	2922
1.83	2923
1.83	2924
1.83	2925
1.83	2926
1.83	2927
1.83	2928
1.83	2929
1.83	2930
1.83	2931
1.83	2932
1.83	2933
1.83	2934
1.83	2935
1.83	2936
1.83	2937
1.83	2938
1.83	2939
1.83	2940
1.83	2941
1.83	2942
1.83	2943
1.83	2944
1.83	2945
1.83	2946
1.83	2947
1.83	2948
1.83	2949
1.83	2950
1.83	2951
1.83	2952
1.83	2953
1.83	2954
1.83	2955
1.83	2956
1.83	2957
1.83	2958
1.83	2959
1.83	2960
1.83	2961
1.83	2962
1.83	2963
1.83	2964
1.83	2965
1.83	2966
1.83	2967
1.83	2968
1.83	2969
1.83	2970
1.83	2971
1.83	2972
1.83	2973
1.83	2974
1.83	2975
1.83	2976
1.83	2977
1.83	2978
1.83	2979
1.83	2980
1.83	2981
1.83	2982
1.83	2983
1.83	2984
1.83	2985
1.83	2986
1.83	2987
1.83	2988
1.83	2989
1.83	2990
1.83	2991
1.83	2992
1.83	2993
1.83	2994
1.83	2995
1.83	2996
1.83	2997
1.83	2998
1.83	2999
1.83	3000
1.83	3001
1.83	3002
1.83	3003
1.83	3004
1.83	3005
1.83	3006
1.83	3007
1.83	3008
1.83	3009
1.83	3010
1.83	3011
1.83	3012
1.83	3013
1.83	3014
1.83	3015
1.83	3016
1.83	3017
1.83	3018
1.83	3019
1.83	3020
1.83	3021
1.83	3022
1.83	3023
1.83	3024
1.83	3025
1.83	3026
1.83	3027
1.83	3028
1.83	3029
1.83	3030
1.83	3031
1.83	3032
1.83	3033
1.83	3034
1.83	3035
1.83	3036
1.83	3037
1.83	3038
1.83	3039
1.83	3040
1.83	3041
1.83	3042
1.83	3043
1.83	3044
1.83	3045
1.83	3046
1.83	3047
1.83	3048
1.83	3049
1.83	3050
1.83	3051
1.83	3052
1.83	3053
1.83	3054
1.83	3055
1.83	3056
1.83	3057
1.83	3058
1.83	3059
1.83	3060
1.83	3061
1.83	3062
1.83	3063
1.83	3064
1.83	3065
1.83	3066
1.83	3067
1.83	3068
1.83	3069
1.83	3070
1.83	3071
1.83	3072
1.83	3073
1.83	3074
1.83	3075
1.83	3076
1.83	3077
1.83	3078
1.83	3079
1.83	3080
1.83	3081
1.83	3082
1.83	3083
1.83	3084
1.83	3085
1.83	3086
1.83	3087
1.83	3088
1.83	3089
1.83	3090
1.83	3091
1.83	3092
1.83	3093
1.83	3094
1.83	3095
1.83	3096
1.83	3097
1.83	3098
1.83	3099
1.83	3100
1.83	3101
1.83	3102
1.83	3103
1.83	3104
1.83	3105
1.83	3106
1.83	3107
1.83	3108
1.83	3109
1.83	3110
1.83	3111
1.83	3112
1.83	3113
1.83	3114
1.83	3115
1.83	3116
1.83	3117
1.83	3118
1.83	3119
1.83	3120
1.83	3121
1.83	3122
1.83	3123
1.83	3124
1.83	3125
1.83	3126
1.83	3127
1.83	3128
1.83	3129
1.83	3130
1.83	3131
1.83	3132
1.83	3133
1.83	3134
1.83	3135
1.83	3136
1.83	3137
1.83	3138
1.83	3139
1.83	3140
1.83	3141
1.83	3142
1.83	3143
1.83	3144
1.83	3145
1.83	3146
1.83	3147
1.83	3148
1.83	3149
1.83	3150
1.83	3151
1.83	3152
1.83	3153
1.83	3154
1.83	3155
1.83	3156
1.83	3157
1.83	3158
1.83	3159
1.83	3160
1.83	3161
1.83	3162
1.83	3163
1.83	3164
1.83	3165
1.83	3166
1.83	3167
1.83	3168
1.83	3169
1.83	3170
1.83	3171
1.83	3172
1.83	3173
1.83	3174
1.83	3175
1.83	3176
1.83	3177
1.83	3178
1.83	3179
1.83	3180
1.83	3181
1.83	3182
1.83	3183
1.83	3184
1.83	3185
1.83	3186
1.83	3187
1.83	3188
1.83	3189
1.83	3190
1.83	3191
1.83	3192
1.83	3193
1.83	3194
1.83	3195
1.83	3196
1.83	3197
1.83	3198
1.83	3199
1.83	3200
1.83	3201
1.83	3202
1.83	3203
1.83	3204
1.83	3205
1.83	3206
1.83	3207
1.83	3208
1.83	3209
1.83	3210
1.83	3211
1.83	3212
1.83	3213
1.83	3214
1.83	3215
1.83	3216
1.83	3217
1.83	3218
1.83	3219
1.83	3220
1.83	3221
1.83	3222
1.83	3223
1.83	3224
1.83	3225
1.83	3226
1.83	3227
1.83	3228
1.83	3229
1.83	3230
1.83	3231
1.83	3232
1.83	3233
1.83	3234
1.83	3235
1.83	3236
1.83	3237
1.83	3238
1.83	3239
1.83	3240
1.83	3241
1.83	3242
1.83	3243
1.83	3244
1.83	3245
1.83	3246
1.83	3247
1.83	3248
1.83	3249
1.83	3250
1.83	3251
1.83	3252
1.83	3253
1.83	3254
1.83	3255
1.83	3256
1.83	3257
1.83	3258
1.83	3259
1.83	3260
1.83	3261
1.83	3262
1.83	3263
1.83	3264
1.83	3265
1.83	3266
1.83	3267
1.83	3268
1.83	3269
1.83	3270
1.83	3271
1.83	3272
1.83	3273
1.83	3274
1.83	3275
1.83	3276
1.83	3277
1.83	3278
1.83	3279
1.83	3280
1.83	3281
1.83	3282
1.83	3283
1.83	3284
1.83	3285
1.83	3286
1.83	3287
1.83	3288
1.83	3289
1.83	3290
1.83	3291
1.83	3292
1.83	3293
1.83	3294
1.83	3295
1.83	3296
1.83	3297
1.83	3298
1.83	3299
1.83	3300
1.83	3301
1.83	3302
1.83	3303
1.83	3304
1.83	3305
1.83	3306
1.83	3307
1.83	3308
1.83	3309
1.83	3310
1.83	3311
1.83	3312
1.83	3313
1.83	3314
1.83	3315
1.83	3316
1.83	3317
1.83	3318
1.83	3319
1.83	3320
1.83	3321
1.83	3322
1.83	3323
1.83	3324
1.83	3325
1.83	3326
1.83	3327
1.83	3328
1.83	3329
1.83	3330
1.83	3331
1.83	3332
1.83	3333
1.83	3334
1.83	3335
1.83	3336
1.83	3337
1.83	3338
1.83	3339
1.83	3340
1.83	3341
1.83	3342
1.83	3343
1.83	3344
1.83	3345
1.83	3346
1.83	3347
1.83	3348
1.83	3349
1.83	3350
1.83	3351
1.83	3352
1.83	3353
1.83	3354
1.83	3355
1.83	3356
1.83	3357
1.83	3358
1.83	3359
1.83	3360
1.83	3361
1.83	3362
1.83	3363
1.83	3364
1.83	3365
1.83	3366
1.83	3367
1.83	3368
1.83	3369
1.83	3370
1.83	3371
1.83	3372
1.83	3373
1.83	3374
1.83	3375
1.83	3376
1.83	3377
1.83	3378
1.83	3379
1.83	3380
1.83	3381
1.83	3382
1.83	3383
1.83	3384
1.83	3385
1.83	3386
1.83	3387
1.83	3388
1.83	3389
1.83	3390
1.83	3391
1.83	3392
1.83	3393
1.83	3394
1.83	3395
1.83	3396
1.83	3397
1.83	3398
1.83	3399
1.83	3400
1.83	3401
1.83	3402
1.83	3403
1.83	3404
1.83	3405
1.83	3406
1.83	3407
1.83	3408
1.83	3409
1.83	3410
1.83	3411
1.83	3412
1.83	3413
1.83	3414
1.83	3415
1.83	3416
1.83	3417
1.83	3418
1.83	3419
1.83	3420
1.83	3421
1.83	3422
1.83	3423
1.83	3424
1.83	3425
1.83	3426
1.83	3427
1.83	3428
1.83	3429
1.83	3430
1.83	3431
1.83	3432
1.83	3433
1.83	3434
1.83	3435
1.83	3436
1.83	3437
1.83	3438
1.83	3439
1.83	3440
1.83	3441
1.83	3442
1.83	3443
1.83	3444
1.83	3445
1.83	3446
1.83	3447
1.83	3448
1.83	3449
1.83	3450
1.83	3451
1.83	3452
1.83	3453
1.83	3454
1.83	3455
1.83	3456
1.83	3457
1.83	3458
1.83	3459
1.83	3460
1.83	3461
1.83	3462
1.83	3463
1.83	3464
1.83	3465
1.83	3466
1.83	3467
1.83	3468
1.83	3469
1.83	3470
1.83	3471
1.83	3472
1.83	3473
1.83	3474
1.83	3475
1.83	3476
1.83	3477
1.83	3478
1.83	3479
1.83	3480
1.83	3481
1.83	3482
1.83	3483
1.83	3484
1.83	3485
1.83	3486
1.83	3487
1.83	3488
1.83	3489
1.83	3490
1.83	3491
1.83	3492
1.83	3493
1.83	3494
1.83	3495
1.83	3496
1.83	3497
1.83	3498
1.83	3499
1.83	3500
1.83	3501
1.83	3502
1.83	3503
1.83	3504
1.83	3505
1.83	3506
1.83	3507
1.83	3508
1.83	3509
1.83	3510
1.83	3511
1.83	3512
1.83	3513
1.83	3514
1.83	3515
1.83	3516
1.83	3517
1.83	3518
1.83	3519
1.83	3520
1.83	3521
1.83	3522
1.83	3523
1.83	3524
1.83	3525
1.83	3526
1.83	3527
1.83	3528
1.83	3529
1.83	3530
1.83	3531
1.83	3532
1.83	3533
1.83	3534
1.83	3535
1.83	3536
1.83	3537
1.83	3538
1.83	3539
1.83	3540
1.83	3541
1.83	3542
1.83	3543
1.83	3544
1.83	3545
1.83	3546
1.83	3547
1.83	3548
1.83	3549
1.83	3550
1.83	3551
1.83	3552
1.83	3553
1.83	3554
1.83	3555
1.83	3556
1.83	3557
1.83	3558
1.83	3559
1.83	3560
1.83	3561
1.83	3562
1.83	3563
1.83	3564
1.83	3565
1.83	3566
1.83	3567
1.83	3568
1.83	3569
1.83	3570
1.83	3571
1.83	3572
1.83	3573
1.83	3574
1.83	3575
1.83	3576
1.83	3577
1.83	3578
1.83	3579
1.83	3580
1.83	3581
1.83	3582
1.83	3583
1.83	3584
1.83	3585
1.83	3586
1.83	3587
1.83	3588
1.83	3589
1.83	3590
1.83	3591
1.83	3592
1.83	3593
1.83	3594
1.83	3595
1.83	3596
1.83	3597
1.83	3598
1.83	3599
1.83	3600
1.83	3601
1.83	3602
1.83	3603
1.83	3604
1.83	3605
1.83	3606
1.83	3607
1.83	3608
1.83	3609
1.83	3610
1.83	3611
1.83	3612
1.83	3613
1.83	3614
1.83	3615
1.83	3616
1.83	3617
1.83	3618
1.83	3619
1.83	3620
1.83	3621
1.83	3622
1.83	3623
1.83	3624
1.83	3625
1.83	3626
1.83	3627
1.83	3628
1.83	3629
1.83	3630
1.83	3631
1.83	3632
1.83	3633
1.83	3634
1.83	3635
1.83	3636
1.83	3637
1.83	3638
1.83	3639
1.83	3640
1.83	3641
1.83	3642
1.83	3643
1.83	3644
1.83	3645
1.83	3646
1.83	3647
1.83	3648
1.83	3649
1.83	3650
1.83	3651
1.83	3652
1.83	3653
1.83	3654
1.83	3655
1.83	3656
1.83	3657
1.83	3658
1.83	3659
1.83	3660
1.83	3661
1.83	3662
1.83	3663
1.83	3664
1.83	3665
1.83	3666
1.83	3667
1.83	3668
1.83	3669
1.83	3670
1.83	3671
1.83	3672
1.83	3673
1.83	3674
1.83	3675
1.83	3676
1.83	3677
1.83	3678
1.83	3679
1.83	3680
1.83	3681
1.83	3682
1.83	3683
1.83	3684
1.83	3685
1.83	3686
1.83	3687
1.83	3688
1.83	3689
1.83	3690
1.83	3691
1.83	3692
1.83	3693
1.83	3694
1.83	3695
1.83	3696
1.83	3697
1.83	3698
1.83	3699
1.83	3700
1.83	3701
1.83	3702
1.83	3703
1.83	3704
1.83	3705
1.83	3706
1.83	3707
1.83	3708
1.83	3709
1.83	3710
1.83	3711
1.83	3712
1.83	3713
1.83	3714
1.83	3715
1.83	3716
1.83	3717
1.83	3718
1.83	3719
1.83	3720
1.83	3721
1.83	3722
1.83	3723
1.83	3724
1.83	3725
1.83	3726
1.83	3727
1.83	3728
1.83	3729
1.83	3730
1.83	3731
1.83	3732
1.83	3733
1.83	3734
1.83	3735
1.83	3736
1.83	3737
1.83	3738
1.83	3739
1.83	3740
1.83	3741
1.83	3742
1.83	3743
1.83	3744
1.83	3745
1.83	3746
1.83	3747
1.83	3748
1.83	3749
1.83	3750
1.83	3751
1.83	3752
1.83	3753
1.83	3754
1.83	3755
1.83	3756
1.83	3757
1.83	3758
1.83	3759
1.83	3760
1.83	3761
1.83	3762
1.83	3763
1.83	3764
1.83	3765
1.83	3766
1.83	3767
1.83	3768
1.83	3769
1.83	3770
1.83	3771
1.83	3772
1.83	3773
1.83	3774
1.83	3775
1.83	3776
1.83	3777
1.83	3778
1.83	3779
1.83	3780
1.83	3781
1.83	3782
1.83	3783
1.83	3784
1.83	3785
1.83	3786
1.83	3787
1.83	3788
1.83	3789
1.83	3790
1.83	3791
1.83	3792
1.83	3793
1.83	3794
1.83	3795
1.83	3796
1.83	3797
1.83	3798
1.83	3799
1.83	3800
1.83	3801
1.83	3802
1.83	3803
1.83	3804
1.83	3805
1.83	3806
1.83	3807
1.83	3808
1.83	3809
1.83	3810
1.83	3811
1.83	3812
1.83	3813
1.83	3814
1.83	3815
1.83	3816
1.83	3817
1.83	3818
1.83	3819
1.83	3820
1.83	3821
1.83	3822
1.83	3823
1.83	3824
1.83	3825
1.83	3826
1.83	3827
1.83	3828
1.83	3829
1.83	3830
1.83	3831
1.83	3832
1.83	3833
1.83	3834
1.83	3835
1.83	3836
1.83	3837
1.83	3838
1.83	3839
1.83	3840
1.83	3841
1.83	3842
1.83	3843
1.83	3844
1.83	3845
1.83	3846
1.83	3847
1.83	3848
1.83	3849
1.83	3850
1.83	3851
1.83	3852
1.83	3853
1.83	3854
1.83	3855
1.83	3856
1.83	3857
1.83	3858
1.83	3859
1.83	3860
1.83	3861
1.83	3862
1.83	3863
1.83	3864
1.83	3865
1.83	3866
1.83	3867
1.83	3868
1.83	3869
1.83	3870
1.83	3871
1.83	3872
1.83	3873
1.83	3874
1.83	3875
1.83	3876
1.83	3877
1.83	3878
1.83	3879
1.83	3880
1.83	3881
1.83	3882
1.83	3883
1.83	3884
1.83	3885
1.83	3886
1.83	3887
1.83	3888
1.83	3889
1.83	3890
1.83	3891
1.83	3892
1.83	3893
1.83	3894
1.83	3895
1.83	3896
1.83	3897
1.83	3898
1.83	3899
1.83	3900
1.83	3901
1.83	3902
1.83	3903
1.83	3904
1.83	3905
1.83	3906
1.83	3907
1.83	3908
1.83	3909
1.83	3910
1.83	3911
1.83	3912
1.83	3913
1.83	3914
1.83	3915
1.83	3916
1.83	3917
1.83	3918
1.83	3919
1.83	3920
1.83	3921
1.83	3922
1.83	3923
1.83	3924
1.83	3925
1.83	3926
1.83	3927
1.83	3928
1.83	3929
1.83	3930
1.83	3931
1.83	3932
1.83	3933
1.83	3934
1.83	3935
1.83	3936
1.83	3937
1.83	3938
1.83	3939
1.83	3940
1.83	3941
1.83	3942
1.83	3943
1.83	3944
1.83	3945
1.83	3946
1.83	3947
1.83	3948
1.83	3949
1.83	3950
1.83	3951
1.83	3952
1.83	3953
1.83	3954
1.83	3955
1.83	3956
1.83	3957
1.83	3958
1.83	3959
1.83	3960
1.83	3961
1.83	3962
1.83	3963
1.83	3964
1.83	3965
1.83	3966
1.83	3967
1.83	3968
1.83	3969
1.83	3970
1.83	3971
1.83	3972
1.83	3973
1.83	3974
1.83	3975
1.83	3976
1.83	3977
1.83	3978
1.83	3979
1.83	3980
1.83	3981
1.83	3982
1.83	3983
1.83	3984
1.83	3985
1.83	3986
1.83	3987
1.83	3988
1.83	3989
1.83	3990
1.83	3991
1.83	3992
1.83	3993
1.83	3994
1.83	3995
1.83	3996
1.83	3997
1.83	3998
1.83	3999
1.83	4000
1.83	4001
1.83	4002
1.83	4003
1.83	4004
1.83	4005
1.83	4006
1.83	4007
1.83	4008
1.83	4009
1.83	4010
1.83	4011
1.83	4012
1.83	4013
1.83	4014
1.83	4015
1.83	4016
1.83	4017
1.83	4018
1.83	4019
1.83	4020
1.83	4021
1.83	4022
1.83	4023
1.83	4024
1.83	4025
1.83	4026
1.83	4027
1.83	4028
1.83	4029
1.83	4030
1.83	4031
1.83	4032
1.83	4033
1.83	4034
1.83	4035
1.83	4036
1.83	4037
1.83	4038
1.83	4039
1.83	4040
1.83	4041
1.83	4042
1.83	4043
1.83	4044
1.83	4045
1.83	4046
1.83	4047
1.83	4048
1.83	4049
1.83	4050
1.83	4051
1.83	4052
1.83	4053
1.83	4054
1.83	4055
1.83	4056
1.83	4057
1.83	4058
1.83	4059
1.83	4060
1.83	4061
1.83	4062
1.83	4063
1.83	4064
1.83	4065
1.83	4066
1.83	4067
1.83	4068
1.83	4069
1.83	4070
1.83	4071
1.83	4072
1.83	4073
1.83	4074
1.83	4075
1.83	4076
1.83	4077
1.83	4078
1.83	4079
1.83	4080
1.83	4081
1.83	4082
1.83	4083
1.83	4084
1.83	4085
1.83	4086
1.83	4087
1.83	4088
1.83	4089
1.83	4090
1.83	4091
1.83	4092
1.83	4093
1.83	4094
1.83	4095
1.83	4096
1.83	4097
1.83	4098
1.83	4099
1.83	4100
1.83	4101
1.83	4102
1.83	4103
1.83	4104
1.83	4105
1.83	4106
1.83	4107
1.83	4108
1.83	4109
1.83	4110
1.83	4111
1.83	4112
1.83	4113
1.83	4114
1.83	4115
1.83	4116
1.83	4117
1.83	4118
1.83	4119
1.83	4120
1.83	4121
1.83	4122
1.83	4123
1.83	4124
1.83	4125
1.83	4126
1.83	4127
1.83	4128
1.83	4129
1.83	4130
1.83	4131
1.83	4132
1.83	4133
1.83	4134
1.83	4135
1.83	4136
1.83	4137
1.83	4138
1.83	4139
1.83	4140
1.83	4141
1.83	4142
1.83	4143
1.83	4144
1.83	4145
1.83	4146
1.83	4147
1.83	4148
1.83	4149
1.83	4150
1.83	4151
1.83	4152
1.83	4153
1.83	4154
1.83	4155
1.83	4156
1.83	4157
1.83	4158
1.83	4159
1.83	4160
1.83	4161
1.83	4162
1.83	4163
1.83	4164
1.83	4165
1.83	4166
1.83	4167
1.83	4168
1.83	4169
1.83	4170
1.83	4171
1.83	4172
1.83	4173
1.83	4174
1.83	4175
1.83	4176
1.83	4177
1.83	4178
1.83	4179
1.83	4180
1.83	4181
1.83	4182
1.83	4183
1.83	4184
1.83	4185
1.83	4186
1.83	4187
1.83	4188
1.83	4189
1.83	4190
1.83	4191
1.83	4192
1.83	4193
1.83	4194
1.83	4195
1.83	4196
1.83	4197
1.83	4198
1.83	4199
1.83	4200
1.83	4201
1.83	4202
1.83	4203
1.83	4204
1.83	4205
1.83	4206
1.83	4207
1.83	4208
1.83	4209
1.83	4210
1.83	4211
1.83	4212
1.83	4213
1.83	4214
1.83	4215
1.83	4216
1.83	4217
1.83	4218
1.83	4219
1.83	4220
1.83	4221
1.83	4222
1.83	4223
1.83	4224
1.83	4225
1.83	4226
1.83	4227
1.83	4228
1.83	4229
1.83	4230
1.83	4231
1.83	4232
1.83	4233
1.83	4234
1.83	4235
1.83	4236
1.83	4237
1.83	4238
1.83	4239
1.83	4240
1.83	4241
1.83	4242
1.83	4243
1.83	4244
1.83	4245
1.83	4246
1.83	4247
1.83	4248
1.83	4249
1.83	4250
1.83	4251
1.83	4252
1.83	4253
1.83	4254
1.83	4255
1.83	4256
1.83	4257
1.83	4258
1.83	4259
1.83	4260
1.83	4261
1.83	4262
1.83	4263
1.83	4264
1.83	4265
1.83	4266
1.83	4267
1.83	4268
1.83	4269
1.83	4270
1.83	4271
1.83	4272
1.83	4273
1.83	4274
1.83	4275
1.83	4276
1.83	4277
1.83	4278
1.83	4279
1.83	4280
1.83	4281
1.83	4282
1.83	4283
1.83	4284
1.83	4285
1.83	4286
1.83	4287
1.83	4288
1.83	4289
1.83	4290
1.83	4291
1.83	4292
1.83	4293
1.83	4294
1.83	4295
1.83	4296
1.83	4297
1.83	4298
1.83	4299
1.83	4300
1.83	4301
1.83	4302
1.83	4303
1.83	4304
1.83	4305
1.83	4306
1.83	4307
1.83	4308
1.83	4309
1.83	4310
1.83	4311
1.83	4312
1.83	4313
1.83	4314
1.83	4315
1.83	4316
1.83	4317
1.83	4318
1.83	4319
1.83	4320
1.83	4321
1.83	4322
1.83	4323
1.83	4324
1.83	4325
1.83	4326
1.83	4327
1.83	4328
1.83	4329
1.83	4330
1.83	4331
1.83	4332
1.83	4333
1.83	4334
1.83	4335
1.83	4336
1.83	4337
1.83	4338
1.83	4339
1.83	4340
1.83	4341
1.83	4342
1.83	4343
1.83	4344
1.83	4345
1.83	4346
1.83	4347
1.83	4348
1.83	4349
1.83	4350
1.83	4351
1.83	4352
1.83	4353
1.83	4354
1.83	4355
1.83	4356
1.83	4357
1.83	4358
1.83	4359
1.83	4360
1.83	4361
1.83	4362
1.83	4363
1.83	4364
1.83	4365
1.83	4366
1.83	4367
1.83	4368
1.83	4369
1.83	4370
1.83	4371
1.83	4372
1.83	4373
1.83	4374
1.83	4375
1.83	4376
1.83	4377
1.83	4378
1.83	4379
1.83	4380
1.83	4381
1.83	4382
1.83	4383
1.83	4384
1.83	4385
1.83	4386
1.83	4387
1.83	4388
1.83	4389
1.83	4390
1.83	4391
1.83	4392
1.83	4393
1.83	4394
1.83	4395
1.83	4396
1.83	4397
1.83	4398
1.83	4399
1.83	4400
1.83	4401
1.83	4402
1.83	4403
1.83	4404
1.83	4405
1.83	4406
1.83	4407
1.83	4408
1.83	4409
1.83	4410
1.83	4411
1.83	4412
1.83	4413
1.83	4414
1.83	4415
1.83	4416
1.83	4417
1.83	4418
1.83	4419
1.83	4420
1.83	4421
1.83	4422
1.83	4423
1.83	4424
1.83	4425
1.83	4426
1.83	4427
1.83	4428
1.83	4429
1.83	4430
1.83	4431
1.83	4432
1.83	4433
1.83	4434
1.83	4435
1.83	4436
1.83	4437
1.83	4438
1.83	4439
1.83	4440
1.83	4441
1.83	4442
1.83	4443
1.83	4444
1.83	4445
1.83	4446
1.83	4447
1.83	4448
1.83	4449
1.83	4450
1.83	4451
1.83	4452
1.83	4453
1.83	4454
1.83	4455
1.83	4456
1.83	4457
1.83	4458
1.83	4459
1.83	4460
1.83	4461
1.83	4462
1.83	4463
1.83	4464
1.83	4465
1.83	4466
1.83	4467
1.83	4468
1.83	4469
1.83	4470
1.83	4471
1.83	4472
1.83	4473
1.83	4474
1.83	4475
1.83	4476
1.83	4477
1.83	4478
1.83	4479
1.83	4480
1.83	4481
1.83	4482
1.83	4483
1.83	4484
1.83	4485
1.83	4486
1.83	4487
1.83	4488
1.83	4489
1.83	4490
1.83	4491
1.83	4492
1.83	4493
1.83	4494
1.83	4495
1.83	4496
1.83	4497
1.83	4498
1.83	4499
1.83	4500
1.83	4501
1.83	4502
1.83	4503
1.83	4504
1.83	4505
1.83	4506
1.83	4507
1.83	4508
1.83	4509
1.83	4510
1.83	4511
1.83	4512
1.83	4513
1.83	4514
1.83	4515
1.83	4516
1.83	4517
1.83	4518
1.83	4519
1.83	4520
1.83	4521
1.83	4522
1.83	4523
1.83	4524
1.83	4525
1.83	4526
1.83	4527
1.83	4528
1.83	4529
1.83	4530
1.83	4531
1.83	4532
1.83	4533
1.83	4534
1.83	4535
1.83	4536
1.83	4537
1.83	4538
1.83	4539
1.83	4540
1.83	4541
1.83	4542
1.83	4543
1.83	4544
1.83	4545
1.83	4546
1.83	4547
1.83	4548
1.83	4549
1.83	4550
1.83	4551
1.83	4552
1.83	4553
1.83	4554
1.83	4555
1.83	4556
1.83	4557
1.83	4558
1.83	4559
1.83	4560
1.83	4561
1.83	4562
1.83	4563
1.83	4564
1.83	4565
1.83	4566
1.83	4567
1.83	4568
1.83	4569
1.83	4570
1.83	4571
1.83	4572
1.83	4573
1.83	4574
1.83	4575
1.83	4576
1.83	4577
1.83	4578
1.83	4579
1.83	4580
1.83	4581
1.83	4582
1.83	4583
1.83	4584
1.83	4585
1.83	4586
1.83	4587
1.83	4588
1.83	4589
1.83	4590
1.83	4591
1.83	4592
1.83	4593
1.83	4594
1.83	4595
1.83	4596
1.83	4597
1.83	4598
1.83	4599
1.83	4600
1.83	4601
1.83	4602
1.83	4603
1.83	4604
1.83	4605
1.83	4606
1.83	4607
1.83	4608
1.83	4609
1.83	4610
1.83	4611
1.83	4612
1.83	4613
1.83	4614
1.83	4615
1.83	4616
1.83	4617
1.83	4618
1.83	4619
1.83	4620
1.83	4621
1.83	4622
1.83	4623
1.83	4624
1.83	4625
1.83	4626
1.83	4627
1.83	4628
1.83	4629
1.83	4630
1.83	4631
1.83	4632
1.83	4633
1.83	4634
1.83	4635
1.83	4636
1.83	4637
1.83	4638
1.83	4639
1.83	4640
1.83	4641
1.83	4642
1.83	4643
1.83	4644
1.83	4645
1.83	4646
1.83	4647
1.83	4648
1.83	4649
1.83	4650
1.83	4651
1.83	4652
1.83	4653
1.83	4654
1.83	4655
1.83	4656
1.83	4657
1.83	4658
1.83	4659
1.83	4660
1.83	4661
1.83	4662
1.83	4663
1.83	4664
1.83	4665
1.83	4666
1.83	4667
1.83	4668
1.83	4669
1.83	4670
1.83	4671
1.83	4672
1.83	4673
1.83	4674
1.83	4675
1.83	4676
1.83	4677
1.83	4678
1.83	4679
1.83	4680
1.83	4681
1.83	4682
1.83	4683
1.83	4684
1.83	4685
1.83	4686
1.83	4687
1.83	4688
1.83	4689
1.83	4690
1.83	4691
1.83	4692
1.83	4693
1.83	4694
1.83	4695
1.83	4696
1.83	4697
1.83	4698
1.83	4699
1.83	4700
1.83	4701
1.83	4702
1.83	4703
1.83	4704
1.83	4705
1.83	4706
1.83	4707
1.83	4708
1.83	4709
1.83	4710
1.83	4711
1.83	4712
1.83	4713
1.83	4714
1.83	4715
1.83	4716
1.83	4717
1.83	4718
1.83	4719
1.83	4720
1.83	4721
1.83	4722
1.83	4723
1.83	4724
1.83	4725
1.83	4726
1.83	4727
1.83	4728
1.83	4729
1.83	4730
1.83	4731
1.83	4732
1.83	4733
1.83	4734
1.83	4735
1.83	4736
1.83	4737
1.83	4738
1.83	4739
1.83	4740
1.83	4741
1.83	4742
1.83	4743
1.83	4744
1.83	4745
1.83	4746
1.83	4747
1.83	4748
1.83	4749
1.83	4750
1.83	4751
1.83	4752
1.83	4753
1.83	4754
1.83	4755
1.83	4756
1.83	4757
1.83	4758
1.83	4759
1.83	4760
1.83	4761
1.83	4762
1.83	4763
1.83	4764
1.83	4765
1.83	4766
1.83	4767
1.83	4768
1.83	4769
1.83	4770
1.83	4771
1.83	4772
1.83	4773
1.83	4774
1.83	4775
1.83	4776
1.83	4777
1.83	4778
1.83	4779
1.83	4780
1.83	4781
1.83	4782
1.83	4783
1.83	4784
1.83	4785
1.83	4786
1.83	4787
1.83	4788
1.83	4789
1.83	4790
1.83	4791
1.83	4792
1.83	4793
1.83	4794
1.83	4795
1.83	4796
1.83	4797
1.83	4798
1.83	4799
1.83	4800
1.83	4801
1.83	4802
1.83	4803
1.83	4804
1.83	4805
1.83	4806
1.83	4807
1.83	4808
1.83	4809
1.83	4810
1.83	4811
1.83	4812
1.83	4813
1.83	4814
1.83	4815
1.83	4816
1.83	4817
1.83	4818
1.83	4819
1.83	4820
1.83	4821
1.83	4822
1.83	4823
1.83	4824
1.83	4825
1.83	4826
1.83	4827
1.83	4828
1.83	4829
1.83	4830
1.83	4831
1.83	4832
1.83	4833
1.83	4834
1.83	4835
1.83	4836
1.83	4837
1.83	4838
1.83	4839
1.83	4840
1.83	4841
1.83	4842
1.83	4843
1.83	4844
1.83	4845
1.83	4846
1.83	4847
1.83	4848
1.83	4849
1.83	4850
1.83	4851
1.83	4852
1.83	4853
1.83	4854
1.83	4855
1.83	4856
1.83	4857
1.83	4858
1.83	4859
1.83	4860
1.83	4861
1.83	4862
1.83	4863
1.83	4864
1.83	4865
1.83	4866
1.83	4867
1.83	4868
1.83	4869
1.83	4870
1.83	4871
1.83	4872
1.83	4873
1.83	4874
1.83	4875
1.83	4876
1.83	4877
1.83	4878
1.83	4879
1.83	4880
1.83	4881
1.83	4882
1.83	4883
1.83	4884
1.83	4885
1.83	4886
1.83	4887
1.83	4888
1.83	4889
1.83	4890
1.83	4891
1.83	4892
1.83	4893
1.83	4894
1.83	4895
1.83	4896
1.83	4897
1.83	4898
1.83	4899
1.83	4900
1.83	4901
1.83	4902
1.83	4903
1.83	4904
1.83	4905
1.83	4906
1.83	4907
1.83	4908
1.83	4909
1.83	4910
1.83	4911
1.83	4912
1.83	4913
1.83	4914
1.83	4915
1.83	4916
1.83	4917
1.83	4918
1.83	4919
1.83	4920
1.83	4921
1.83	4922
1.83	4923
1.83	4924
1.83	4925
1.83	4926
1.83	4927
1.83	4928
1.83	4929
1.83	4930
1.83	4931
1.83	4932
1.83	4933
1.83	4934
1.83	4935
1.83	4936
1.83	4937
1.83	4938
1.83	4939
1.83	4940
1.83	4941
1.83	4942
1.83	4943
1.83	4944
1.83	4945
1.83	4946
1.83	4947
1.83	4948
1.83	4949
1.83	4950
1.83	4951
1.83	4952
1.83	4953
1.83	4954
1.83	4955
1.83	4956
1.83	4957
1.83	4958
1.83	4959
1.83	4960
1.83	4961
1.83	4962
1.83	4963
1.83	4964
1.83	4965
1.83	4966
1.83	4967
1.83	4968
1.83	4969
1.83	4970
1.83	4971
1.83	4972
1.83	4973
1.83	4974
1.83	4975
1.83	4976
1.83	4977
1.83	4978
1.83	4979
1.83	4980
1.83	4981
1.83	4982
1.83	4983
1.83	4984
1.83	4985
1.83	4986
1.83	4987
1.83	4988
1.83	4989
1.83	4990
1.83	4991
1.83	4992
1.83	4993
1.83	4994
1.83	4995
1.83	4996
1.83	4997
1.83	4998
1.83	4999
1.83	5000
1.83	5001
1.83	5002
1.83	5003
1.83	5004
1.83	5005
1.83	5006
1.83	5007
1.83	5008
1.83	5009
1.83	5010
1.83	5011
1.83	5012
1.83	5013
1.83	5014
1.83	5015
1.83	5016
1.83	5017
1.83	5018
1.83	5019
1.83	5020
1.83	5021
1.83	5022
1.83	5023
1.83	5024
1.83	5025
1.83	5026
1.83	5027
1.83	5028
1.83	5029
1.83	5030
1.83	5031
1.83	5032
1.83	5033
1.83	5034
1.83	5035
1.83	5036
1.83	5037
1.83	5038
1.83	5039
1.83	5040
1.83	5041
1.83	5042
1.83	5043
1.83	5044
1.83	5045
1.83	5046
1.83	5047
1.83	5048
1.83	5049
1.83	5050
1.83	5051
1.83	5052
1.83	5053
1.83	5054
1.83	5055
1.83	5056
1.83	5057
1.83	5058
1.83	5059
1.83	5060
1.83	5061
1.83	5062
1.83	5063
1.83	5064
1.83	5065
1.83	5066
1.83	5067
1.83	5068
1.83	5069
1.83	5070
1.83	5071
1.83	5072
1.83	5073
1.83	5074
1.83	5075
1.83	5076
1.83	5077
1.83	5078
1.83	5079
1.83	5080
1.83	5081
1.83	5082
1.83	5083
1.83	5084
1.83	5085
1.83	5086
1.83	5087
1.83	5088
1.83	5089
1.83	5090
1.83	5091
1.83	5092
1.83	5093
1.83	5094
1.83	5095
1.83	5096
1.83	5097
1.83	5098
1.83	5099
1.83	5100
1.83	5101
1.83	5102
1.83	5103
1.83	5104
1.83	5105
1.83	5106
1.83	5107
1.83	5108
1.83	5109
1.83	5110
1.83	5111
1.83	5112
1.83	5113
1.83	5114
1.83	5115
1.83	5116
1.83	5117
1.83	5118
1.83	5119
1.83	5120
1.83	5121
1.83	5122
1.83	5123
1.83	5124
1.83	5125
1.83	5126
1.83	5127
1.83	5128
1.83	5129
1.83	5130
1.83	5131
1.83	5132
1.83	5133
1.83	5134
1.83	5135
1.83	5136
1.83	5137
1.83	5138
1.83	5139
1.83	5140
1.83	5141
1.83	5142
1.83	5143
1.83	5144
1.83	5145
1.83	5146
1.83	5147
1.83	5148
1.83	5149
1.83	5150
1.83	5151
1.83	5152
1.83	5153
1.83	5154
1.83	5155
1.83	5156
1.83	5157
1.83	5158
1.83	5159
1.83	5160
1.83	5161
1.83	5162
1.83	5163
1.83	5164
1.83	5165
1.83	5166
1.83	5167
1.83	5168
1.83	5169
1.83	5170
1.83	5171
1.83	5172
1.83	5173
1.83	5174
1.83	5175
1.83	5176
1.83	5177
1.83	5178
1.83	5179
1.83	5180
1.83	5181
1.83	5182
1.83	5183
1.83	5184
1.83	5185
1.83	5186
1.83	5187
1.83	5188
1.83	5189
1.83	5190
1.83	5191
1.83	5192
1.83	5193
1.83	5194
1.83	5195
1.83	5196
1.83	5197
1.83	5198
1.83	5199
1.83	5200
1.83	5201
1.83	5202
1.83	5203
1.83	5204
1.83	5205
1.83	5206
1.83	5207
1.83	5208
1.83	5209
1.83	5210
1.83	5211
1.83	5212
1.83	5213
1.83	5214
1.83	5215
1.83	5216
1.83	5217
1.83	5218
1.83	5219
1.83	5220
1.83	5221
1.83	5222
1.83	5223
1.83	5224
1.83	5225
1.83	5226
1.83	5227
1.83	5228
1.83	5229
1.83	5230
1.83	5231
1.83	5232
1.83	5233
1.83	5234
1.83	5235
1.83	5236
1.83	5237
1.83	5238
1.83	5239
1.83	5240
1.83	5241
1.83	5242
1.83	5243
1.83	5244
1.83	5245
1.83	5246
1.83	5247
1.83	5248
1.83	5249
1.83	5250
1.83	5251
1.83	5252
1.83	5253
1.83	5254
1.83	5255
1.83	5256
1.83	5257
1.83	5258
1.83	5259
1.83	5260
1.83	5261
1.83	5262
1.83	5263
1.83	5264
1.83	5265
1.83	5266
1.83	5267
1.83	5268
1.83	5269
1.83	5270
1.83	5271
1.83	5272
1.83	5273
1.83	5274
1.83	5275
1.83	5276
1.83	5277
1.83	5278
1.83	5279
1.83	5280
1.83	5281
1.83	5282
1.83	5283
1.83	5284
1.83	5285
1.83	5286
1.83	5287
1.83	5288
1.83	5289
1.83	5290
1.83	5291
1.83	5292
1.83	5293
1.83	5294
1.83	5295
1.83	5296
1.83	5297
1.83	5298
1.83	5299
1.83	5300
1.83	5301
1.83	5302
1.83	5303
1.83	5304
1.83	5305
1.83	5306
1.83	5307
1.83	5308
1.83	5309
1.83	5310
1.83	5311
1.83	5312
1.83	5313
1.83	5314
1.83	5315
1.83	5316
1.83	5317
1.83	5318
1.83	5319
1.83	5320
1.83	5321
1.83	5322
1.83	5323
1.83	5324
1.83	5325
1.83	5326
1.83	5327
1.83	5328
1.83	5329
1.83	5330
1.83	5331
1.83	5332
1.83	5333
1.83	5334
1.83	5335
1.83	5336
1.83	5337
1.83	5338
1.83	5339
1.83	5340
1.83	5341
1.83	5342
1.83	5343
1.83	5344
1.83	5345
1.83	5346
1.83	5347
1.83	5348
1.83	5349
1.83	5350
1.83	5351
1.83	5352
1.83	5353
1.83	5354
1.83	5355
1.83	5356
1.83	5357
1.83	5358
1.83	5359
1.83	5360
1.83	5361
1.83	5362
1.83	5363
1.83	5364
1.83	5365
1.83	5366
1.83	5367
1.83	5368
1.83	5369
1.83	5370
1.83	5371
1.83	5372
1.83	5373
1.83	5374
1.83	5375
1.83	5376
1.83	5377
1.83	5378
1.83	5379
1.83	5380
1.83	5381
1.83	5382
1.83	5383
1.83	5384
1.83	5385
1.83	5386
1.83	5387
1.83	5388
1.83	5389
1.83	5390
1.83	5391
1.83	5392
1.83	5393
1.83	5394
1.83	5395
1.83	5396
1.83	5397
1.83	5398
1.83	5399
1.83	5400
1.83	5401
1.83	5402
1.83	5403
1.83	5404
1.83	5405
1.83	5406
1.83	5407
1.83	5408
1.83	5409
1.83	5410
1.83	5411
1.83	5412
1.83	5413
1.83	5414
1.83	5415
1.83	5416
1.83	5417
1.83	5418
1.83	5419
1.83	5420
1.83	5421
1.83	5422
1.83	5423
1.83	5424
1.83	5425
1.83	5426
1.83	5427
1.83	5428
1.83	5429
1.83	5430
1.83	5431
1.83	5432
1.83	5433
1.83	5434
1.83	5435
1.83	5436
1.83	5437
1.83	5438
1.83	5439
1.83	5440
1.83	5441
1.83	5442
1.83	5443
1.83	5444
1.83	5445
1.83	5446
1.83	5447
1.83	5448
1.83	5449
1.83	5450
1.83	5451
1.83	5452
1.83	5453
1.83	5454
1.83	5455
1.83	5456
1.83	5457
1.83	5458
1.83	5459
1.83	5460
1.83	5461
1.83	5462
1.83	5463
1.83	5464
1.83	5465
1.83	5466
1.83	5467
1.83	5468
1.83	5469
1.83	5470
1.83	5471
1.83	5472
1.83	5473
1.83	5474
1.83	5475
1.83	5476
1.83	5477
1.83	5478
1.83	5479
1.83	5480
1.83	5481
1.83	5482
1.83	5483
1.83	5484
1.83	5485
1.83	5486
1.83	5487
1.83	5488
1.83	5489
1.83	5490
1.83	5491
1.83	5492
1.83	5493
1.83	5494
1.83	5495
1.83	5496
1.83	5497
1.83	5498
1.83	5499
1.83	5500
1.83	5501
1.83	5502
1.83	5503
1.83	5504
1.83	5505
1.83	5506
1.83	5507
1.83	5508
1.83	5509
1.83	5510
1.83	5511
1.83	5512
1.83	5513
1.83	5514
1.83	5515
1.83	5516
1.83	5517
1.83	5518
1.83	5519
1.83	5520
1.83	5521
1.83	5522
1.83	5523
1.83	5524
1.83	5525
1.83	5526
1.83	5527
1.83	5528
1.83	5529
1.83	5530
1.83	5531
1.83	5532
1.83	5533
1.83	5534
1.83	5535
1.83	5536
1.83	5537
1.83	5538
1.83	5539
1.83	5540
1.83	5541
1.83	5542
1.83	5543
1.83	5544
1.83	5545
1.83	5546
1.83	5547
1.83	5548
1.83	5549
1.83	5550
1.83	5551
1.83	5552
1.83	5553
1.83	5554
1.83	5555
1.83	5556
1.83	5557
1.83	5558
1.83	5559
1.83	5560
1.83	5561
1.83	5562
1.83	5563
1.83	5564
1.83	5565
1.83	5566
1.83	5567
1.83	5568
1.83	5569
1.83	5570
1.83	5571
1.83	5572
1.83	5573
1.83	5574
1.83	5575
1.83	5576
1.83	5577
1.83	5578
1.83	5579
1.83	5580
1.83	5581
1.83	5582
1.83	5583
1.83	5584
1.83	5585
1.83	5586
1.83	5587
1.83	5588
1.83	5589
1.83	5590
1.83	5591
1.83	5592
1.83	5593
1.83	5594
1.83	5595
1.83	5596
1.83	5597
1.83	5598
1.83	5599
1.83	5600
1.83	5601
1.83	5602
1.83	5603
1.83	5604
1.83	5605
1.83	5606
1.83	5607
1.83	5608
1.83	5609
1.83	5610
1.83	5611
1.83	5612
1.83	5613
1.83	5614
1.83	5615
1.83	5616
1.83	5617
1.83	5618
1.83	5619
1.83	5620
1.83	5621
1.83	5622
1.83	5623
1.83	5624
1.83	5625
1.83	5626
1.83	5627
1.83	5628
1.83	5629
1.83	5630
1.83	5631
1.83	5632
1.83	5633
1.83	5634
1.83	5635
1.83	5636
1.83	5637
1.83	5638
1.83	5639
1.83	5640
1.83	5641
1.83	5642
1.83	5643
1.83	5644
1.83	5645
1.83	5646
1.83	5647
1.83	5648
1.83	5649
1.83	5650
1.83	5651
1.83	5652
1.83	5653
1.83	5654
1.83	5655
1.83	5656
1.83	5657
1.83	5658
1.83	5659
1.83	5660
1.83	5661
1.83	5662
1.83	5663
1.83	5664
1.83	5665
1.83	5666
1.83	5667
1.83	5668
1.83	5669
1.83	5670
1.83	5671
1.83	5672
1.83	5673
1.83	5674
1.83	5675
1.83	5676
1.83	5677
1.83	5678
1.83	5679
1.83	5680
1.83	5681
1.83	5682
1.83	5683
1.83	5684
1.83	5685
1.83	5686
1.83	5687
1.83	5688
1.83	5689
1.83	5690
1.83	5691
1.83	5692
1.83	5693
1.83	5694
1.83	5695
1.83	5696
1.83	5697
1.83	5698
1.83	5699
1.83	5700
1.83	5701
1.83	5702
1.83	5703
1.83	5704
1.83	5705
1.83	5706
1.83	5707
1.83	5708
1.83	5709
1.83	5710
1.83	5711
1.83	5712
1.83	5713
1.83	5714
1.83	5715
1.83	5716
1.83	5717
1.83	5718
1.83	5719
1.83	5720
1.83	5721
1.83	5722
1.83	5723
1.83	5724
1.83	5725
1.83	5726
1.83	5727
1.83	5728
1.83	5729
1.83	5730
1.83	5731
1.83	5732
1.83	5733
1.83	5734
1.83	5735
1.83	5736
1.83	5737
1.83	5738
1.83	5739
1.83	5740
1.83	5741
1.83	5742
1.83	5743
1.83	5744
1.83	5745
1.83	5746
1.83	5747
1.83	5748
1.83	5749
1.83	5750
1.83	5751
1.83	5752
1.83	5753
1.83	5754
1.83	5755
1.83	5756
1.83	5757
1.83	5758
1.83	5759
1.83	5760
1.83	5761
1.83	5762
1.83	5763
1.83	5764
1.83	5765
1.83	5766
1.83	5767
1.83	5768
1.83	5769
1.83	5770
1.83	5771
1.83	5772
1.83	5773
1.83	5774
1.83	5775
1.83	5776
1.83	5777
1.83	5778
1.83	5779
1.83	5780
1.83	5781
1.83	5782
1.83	5783
1.83	5784
1.83	5785
1.83	5786
1.83	5787
1.83	5788
1.83	5789
1.83	5790
1.83	5791
1.83	5792
1.83	5793
1.83	5794
1.83	5795
1.83	5796
1.83	5797
1.83	5798
1.83	5799
1.83	5800
1.83	5801
1.83	5802
1.83	5803
1.83	5804
1.83	5805
1.83	5806
1.83	5807
1.83	5808
1.83	5809
1.83	5810
1.83	5811
1.83	5812
1.83	5813
1.83	5814
1.83	5815
1.83	5816
1.83	5817
1.83	5818
1.83	5819
1.83	5820
1.83	5821
1.83	5822
1.83	5823
1.83	5824
1.83	5825
1.83	5826
1.83	5827
1.83	5828
1.83	5829
1.83	5830
1.83	5831
1.83	5832
1.83	5833
1.83	5834
1.83	5835
1.83	5836
1.83	5837
1.83	5838
1.83	5839
1.83	5840
1.83	5841
1.83	5842
1.83	5843
1.83	5844
1.83	5845
1.83	5846
1.83	5847
1.83	5848
1.83	5849
1.83	5850
1.83	5851
1.83	5852
1.83	5853
1.83	5854
1.83	5855
1.83	5856
1.83	5857
1.83	5858
1.83	5859
1.83	5860
1.83	5861
1.83	5862
1.83	5863
1.83	5864
1.83	5865
1.83	5866
1.83	5867
1.83	5868
1.83	5869
1.83	5870
1.83	5871
1.83	5872
1.83	5873
1.83	5874
1.83	5875
1.83	5876
1.83	5877
1.83	5878
1.83	5879
1.83	5880
1.83	5881
1.83	5882
1.83	5883
1.83	5884
1.83	5885
1.83	5886
1.83	5887
1.83	5888
1.83	5889
1.83	5890
1.83	5891
1.83	5892
1.83	5893
1.83	5894
1.83	5895
1.83	5896
1.83	5897
1.83	5898
1.83	5899
1.83	5900
1.83	5901
1.83	5902
1.83	5903
1.83	5904
1.83	5905
1.83	5906
1.83	5907
1.83	5908
1.83	5909
1.83	5910
1.83	5911
1.83	5912
1.83	5913
1.83	5914
1.83	5915
1.83	5916
1.83	5917
1.83	5918
1.83	5919
1.83	5920
1.83	5921
1.83	5922
1.83	5923
1.83	5924
1.83	5925
1.83	5926
1.83	5927
1.83	5928
1.83	5929
1.83	5930
1.83	5931
1.83	5932
1.83	5933
1.83	5934
1.83	5935
1.83	5936
1.83	5937
1.83	5938
1.83	5939
1.83	5940
1.83	5941
1.83	5942
1.83	5943
1.83	5944
1.83	5945
1.83	5946
1.83	5947
1.83	5948
1.83	5949
1.83	5950
1.83	5951
1.83	5952
1.83	5953
1.83	5954
1.83	5955
1.83	5956
1.83	5957
1.83	5958
1.83	5959
1.83	5960
1.83	5961
1.83	5962
1.83	5963
1.83	5964
1.83	5965
1.83	5966
1.83	5967
1.83	5968
1.83	5969
1.83	5970
1.83	5971
1.83	5972
1.83	5973
1.83	5974
1.83	5975
1.83	5976
1.83	5977
1.83	5978
1.83	5979
1.83	5980
1.83	5981
1.83	5982
1.83	5983
1.83	5984
1.83	5985
1.83	5986
1.83	5987
1.83	5988
1.83	5989
1.83	5990
1.83	5991
1.83	5992
1.83	5993
1.83	5994
1.83	5995
1.83	5996
1.83	5997
1.83	5998
1.83	5999
1.83	6000
1.83	6001
1.83	6002
1.83	6003
1.83	6004
1.83	6005
1.83	6006
1.83	6007
1.83	6008
1.83	6009
1.83	6010
1.83	6011
1.83	6012
1.83	6013
1.83	6014
1.83	6015
1.83	6016
1.83	6017
1.83	6018
1.83	6019
1.83	6020
1.83	6021
1.83	6022
1.83	6023
1.83	6024
1.83	6025
1.83	6026
1.83	6027
1.83	6028
1.83	6029
1.83	6030
1.83	6031
1.83	6032
1.83	6033
1.83	6034
1.83	6035
1.83	6036
1.83	6037
1.83	6038
1.83	6039
1.83	6040
1.83	6041
1.83	6042
1.83	6043
1.83	6044
1.83	6045
1.83	6046
1.83	6047
1.83	6048
1.83	6049
1.83	6050
1.83	6051
1.83	6052
1.83	6053
1.83	6054
1.83	6055
1.83	6056
1.83	6057
1.83	6058
1.83	6059
1.83	6060
1.83	6061
1.83	6062
1.83	6063
1.83	6064
1.83	6065
1.83	6066
1.83	6067
1.83	6068
1.83	6069
1.83	6070
1.83	6071
1.83	6072
1.83	6073
1.83	6074
1.83	6075
1.83	6076
1.83	6077
1.83	6078
1.83	6079
1.83	6080
1.83	6081
1.83	6082
1.83	6083
1.83	6084
1.83	6085
1.83	6086
1.83	6087
1.83	6088
1.83	6089
1.83	6090
1.83	6091
1.83	6092
1.83	6093
1.83	6094
1.83	6095
1.83	6096
1.83	6097
1.83	6098
1.83	6099
1.83	6100
1.83	6101
1.83	6102
1.83	6103
1.83	6104
1.83	6105
1.83	6106
1.83	6107
1.83	6108
1.83	6109
1.83	6110
1.83	6111
1.83	6112
1.83	6113
1.83	6114
1.83	6115
1.83	6116
1.83	6117
1.83	6118
1.83	6119
1.83	6120
1.83	6121
1.83	6122
1.83	6123
1.83	6124
1.83	6125
1.83	6126
1.83	6127
1.83	6128
1.83	6129
1.83	6130
1.83	6131
1.83	6132
1.83	6133
1.83	6134
1.83	6135
1.83	6136
1.83	6137
1.83	6138
1.83	6139
1.83	6140
1.83	6141
1.83	6142
1.83	6143
1.83	6144
1.83	6145
1.83	6146
1.83	6147
1.83	6148
1.83	6149
1.83	6150
1.83	6151
1.83	6152
1.83	6153
1.83	6154
1.83	6155
1.83	6156
1.83	6157
1.83	6158
1.83	6159
1.83	6160
1.83	6161
1.83	6162
1.83	6163
1.83	6164
1.83	6165
1.83	6166
1.83	6167
1.83	6168
1.83	6169
1.83	6170
1.83	6171
1.83	6172
1.83	6173
1.83	6174
1.83	6175
1.83	6176
1.83	6177
1.83	6178
1.83	6179
1.83	6180
1.83	6181
1.83	6182
1.83	6183
1.83	6184
1.83	6185
1.83	6186
1.83	6187
1.83	6188
1.83	6189
1.83	6190
1.83	6191
1.83	6192
1.83	6193
1.83	6194
1.83	6195
1.83	6196
1.83	6197
1.83	6198
1.83	6199
1.83	6200
1.83	6201
1.83	6202
1.83	6203
1.83	6204
1.83	6205
1.83	6206
1.83	6207
1.83	6208
1.83	6209
1.83	6210
1.83	6211
1.83	6212
1.83	6213
1.83	6214
1.83	6215
1.83	6216
1.83	6217
1.83	6218
1.83	6219
1.83	6220
1.83	6221
1.83	6222
1.83	6223
1.83	6224
1.83	6225
1.83	6226
1.83	6227
1.83	6228
1.83	6229
1.83	6230
