0
200	1776.86	100000000000000.1
5	0	0	1
5	0	0	0
7.544487011236122	4.179234053196576e-06
7.668254952542791	5.309809854793296e-06
7.79202289384946	4.716866516832226e-05
7.915790835156129	0.0008006915034780406
8.039558776462798	0.0009792166128574245
8.163326717769467	0.04557158883882458
8.287094659076136	0.4086436501017727
8.410862600382805	1.634196393822628
8.534630541689474	4.538344386471064
8.658398482996143	10.32495374314559
8.782166424302812	20.73190305402327
8.905934365609481	38.25178348155115
9.02970230691615	66.38628462637615
9.153470248222819	110.4659014731722
9.277238189529488	173.9941842838291
9.401006130836157	255.375304019771
9.524774072142826	354.5355743289547
9.648542013449495	475.0112364965742
9.772309954756164	620.3817144113988
9.896077896062833	794.863844840959
10.0198458373695	1003.709809269475
10.14361377867617	1253.096997647427
10.26738171998284	1550.361231513887
10.39114966128951	1904.883239418366
10.51491760259618	2327.916758703948
10.63868554390285	2833.928252021987
10.76245348520952	3441.491320107412
10.88622142651618	4175.332555046323
11.00998936782285	5067.33843321923
11.13375730912952	6161.083439369474
11.25752525043619	7516.830294113775
11.38129319174286	9212.811940312473
11.50506113304953	11353.40970197191
11.6288290743562	14079.91794413571
11.75259701566287	17582.52027105955
11.87636495696954	22117.37622004532
12.00013289827621	28029.43030554415
12.12390083958288	35780.66351346303
12.24766878088954	45988.51630992573
12.37143672219621	59471.84575544423
12.49520466350288	77311.83451203062
12.61897260480955	100925.2435617683
12.74274054611622	132154.6164344644
12.86650848742289	173377.1914381725
12.99027642872956	227634.0967550647
13.11404437003623	298785.1771269938
13.2378123113429	391686.3101030095
13.36158025264957	512399.9844216926
13.48534819395623	668442.6104231618
13.6091161352629	869056.4475684797
13.73288407656957	1125545.094681738
13.85665201787624	1451656.023917793
13.98041995918291	1864002.615227611
14.10418790048958	2382584.878727895
14.22795584179625	3031361.146194916
14.35172378310292	3838918.068806562
14.47549172440959	4839238.577969879
14.59925966571626	6072587.879062252
14.72302760702292	7586528.187201417
14.84679554832959	9437099.326544788
14.97056348963626	11690176.92068089
15.09433143094293	14423037.91351343
15.2180993722496	17726180.65077308
15.34186731355627	21705425.4978242
15.46563525486294	26484337.22264639
15.58940319616961	32207019.0283167
15.71317113747628	39041367.83321527
15.83693907878295	47182729.58031462
15.96070702008961	56858380.12649494
16.08447496139629	68332234.11011325
16.20824290270296	81910741.8921593
16.33201084400963	97949375.22303265
16.4557787853163	116860208.8940319
16.57954672662297	139120619.9375389
16.70331466792964	165283269.0725611
16.82708260923631	195987603.8214012
16.95085055054298	231973062.3251594
17.07461849184965	274094224.1276855
17.19838643315632	323338279.2982565
17.32215437446299	380844890.7352085
17.44592231576966	447929332.0438368
17.56969025707633	526108686.211203
17.69345819838301	617132101.6428263
17.81722613968968	723015479.1305329
17.94099408099635	846081086.7851571
18.06476202230302	989003325.2771326
18.18852996360969	1154860805.932127
18.31229790491636	1347196247.250483
18.43606584622303	1570085093.671681
18.5598337875297	1828214092.835846
18.68360172883637	2126971285.126505
18.80736967014304	2472549023.993565
18.93113761144971	2872060496.811619
19.05490555275638	3333682628.834093
19.17867349406306	3866794884.395891
19.30244143536973	4482172149.113269
19.4262093766764	5192179210.63925
19.54997731798307	6011003555.958307
19.67374525928974	6954921184.844025
19.79751320059641	8042598730.437881
19.92128114190308	9295440112.631182
20.04504908320975	10737982958.70337
20.16881702451642	12398351071.20837
20.29258496582309	14308771975.8776
20.41635290712976	16506168736.89021
20.54012084843643	19032834937.53673
20.6638887897431	21937208163.50392
20.78765673104978	25274751563.73907
20.91142467235645	29108960994.72112
21.03519261366312	33512517182.30493
21.15896055496979	38568598924.14093
21.28272849627646	44372385587.44116
21.40649643758313	51032769094.14634
21.5302643788898	58674311057.93924
21.65403232019647	67439476312.52097
21.77780026150314	77491180412.28745
21.90156820280981	89015699849.76483
22.02533614411648	102225992593.4669
22.14910408542315	117365484091.0114
22.27287202672983	134712390652.5171
22.3966399680365	154584649821.4781
22.52040790934317	177345543755.7876
22.64417585064984	203410114599.2253
22.76794379195651	233252482546.2598
22.89171173326318	267414190936.6971
23.01547967456985	306513719285.754
23.13924761587652	351257334508.6607
23.26301555718319	402451464729.0574
23.38678349848986	461016797599.5262
23.51055143979653	528004353315.3753
23.6343193811032	604613819473.4945
23.75808732240987	692214430950.339
23.88185526371655	792368779028.6888
24.00562320502322	906859940019.595
24.12939114632989	1037722393894.888
24.25315908763656	1187277238621.071
24.37692702894323	1358172357222.766
24.5006949702499	1553428100908.637
24.62446291155657	1776489408936.017
24.74823085286324	2031285139140.317
24.87199879416991	2322295678917.298
24.99576673547658	2654629916575.532
25.11953467678325	3034112964823.951
25.24330261808992	3467385993544.868
25.36707055939659	3962019982324.051
25.49083850070327	4526645220371.204
25.61460644200994	5171098784768.166
25.73837438331661	5906592424055.121
25.86214232462328	6745903716165.438
25.98591026592995	7703593664533.932
26.10967820723662	8796254584407.131
26.23344614854329	10042791957443.01
26.35721408984996	11464745650746.15
26.48098203115663	13086655131684.58
26.6047499724633	14936475579820.59
26.72851791376997	17046050999846.19
26.85228585507664	19451653145302.96
26.97605379638332	22194594338157.39
27.09982173768999	25321925284139.08
27.22358967899666	28887228569655
27.34735762030333	32951522213003.83
27.47112556161	37584286453404.41
27.59489350291667	42864634158800.48
27.71866144422334	48882639709309.6
27.84242938553001	55740853372772.78
27.96619732683668	63556021523967.81
28.08996526814335	72461045805407.31
28.21373320945002	82607209605706.33
28.33750115075669	94166714872603.3
28.46126909206336	107335549767766.4
28.58503703337004	122336793522490.8
28.70880497467671	139424316274914.5
28.83257291598338	158887030796749.7
28.95634085729005	181053711584983.3
29.08010879859672	206298475473702.5
29.20387673990339	235047012756763.6
29.32764468121006	267783679067625.1
29.45141262251673	305059550078456.2
29.5751805638234	347501588037909.1
29.69894850513007	395823056313648.2
29.82271644643674	450835363229371.8
29.94648438774341	513461531728989.3
30.07025232905008	584751500133377.8
30.19402027035676	665899529936721.8
30.31778821166343	758263983280223.2
30.4415561529701	863389808227432.6
30.56532409427677	983034101874736.8
30.68909203558344	1119195154803812
30.81285997689011	1274145479051518
30.93662791819678	1450469331716332
31.06039585950345	1651105368397138
31.18416380081012	1879395125438349
31.30793174211679	2139138092347147
31.43169968342346	2434654340081600
31.55546762473013	2770855649911902
31.67923556603681	3153326366043090
31.80300350734348	3588415276713116
31.92677144865015	4083339971478408
32.05053938995682	4646305493842514
32.17430733126348	5286639089958102
0
200	1776.86	100000000000000.1
5	0	0	1
5	0	0	0
7.544487011236122	-2.553930152718459e-09
7.668254952542791	-5.012165332218836e-09
7.79202289384946	-2.989476152537142e-07
7.915790835156129	-4.734628437433492e-07
8.039558776462798	-6.979767808173169e-07
8.163326717769467	-0.0003037979985893722
8.287094659076136	-0.001394155707395306
8.410862600382805	-0.003414205695144808
8.534630541689474	-0.006521112389487352
8.658398482996143	-0.01087797597133621
8.782166424302812	-0.01670185736243783
8.905934365609481	-0.02426686071029849
9.02970230691615	-0.03389836862893879
9.153470248222819	-0.0460027489615488
9.277238189529488	-0.0551530386216894
9.401006130836157	-0.05988569720882406
9.524774072142826	-0.06447176696669905
9.648542013449495	-0.06893450987671325
9.772309954756164	-0.07330719227862936
9.896077896062833	-0.07763543153767306
10.0198458373695	-0.08197772675605119
10.14361377867617	-0.0864088938718615
10.26738171998284	-0.09102185154486225
10.39114966128951	-0.09591769124940569
10.51491760259618	-0.1012130929239571
10.63868554390285	-0.1071615846934191
10.76245348520952	-0.1139734846656735
10.88622142651618	-0.1220015478472988
11.00998936782285	-0.1314981395165055
11.13375730912952	-0.143247040476004
11.25752525043619	-0.1575905814790492
11.38129319174286	-0.1749417620045013
11.50506113304953	-0.195972116949726
11.6288290743562	-0.221475128412391
11.75259701566287	-0.2523726998987705
11.87636495696954	-0.2897188269924407
12.00013289827621	-0.3347057791354181
12.12390083958288	-0.3886515117514066
12.24766878088954	-0.452987808928094
12.37143672219621	-0.5292359833975643
12.49520466350288	-0.618965204614461
12.61897260480955	-0.7237526048914699
12.74274054611622	-0.8451212721138589
12.86650848742289	-0.9844775230714251
12.99027642872956	-1.14305416997318
13.11404437003623	-1.321849779323497
13.2378123113429	-1.521591544249497
13.36158025264957	-1.742711308864027
13.48534819395623	-1.985344466603473
13.6091161352629	-2.249334523122267
13.73288407656957	-2.534260832461548
13.85665201787624	-2.839464649533995
13.98041995918291	-3.164080078607998
14.10418790048958	-3.507054918219706
14.22795584179625	-3.867187505598374
14.35172378310292	-4.243154716451823
14.47549172440959	-4.633545517352584
14.59925966571626	-5.03690192562811
14.72302760702292	-5.45175336723972
14.84679554832959	-5.87665594487344
14.97056348963626	-6.310218590844674
15.09433143094293	-6.75113455213713
15.2180993722496	-7.198193505107162
15.34186731355627	-7.650296147303984
15.46563525486294	-8.106523158400057
15.58940319616961	-8.565779088174954
15.71317113747628	-9.027506912532349
15.83693907878295	-9.490968252341098
15.96070702008961	-9.955583204279266
16.08447496139629	-10.42085341919109
16.20824290270296	-10.88635656259648
16.33201084400963	-11.35172745147625
16.4557787853163	-11.81666142395718
16.57954672662297	-12.28089946964531
16.70331466792964	-12.7442196827897
16.82708260923631	-13.20643637526693
16.95085055054298	-13.66739339763763
17.07461849184965	-14.12695720235336
17.19838643315632	-14.58501745871665
17.32215437446299	-15.04148372054089
17.44592231576966	-15.49627727696649
17.56969025707633	-15.94933448495381
17.69345819838301	-16.40060553754998
17.81722613968968	-16.85004971416475
17.94099408099635	-17.29763379768157
18.06476202230302	-17.7433357582979
18.18852996360969	-18.1871404721418
18.31229790491636	-18.62903930871495
18.43606584622303	-19.06902746292502
18.5598337875297	-19.50710694129781
18.68360172883637	-19.94328297228992
18.80736967014304	-20.37756349234173
18.93113761144971	-20.8099572351656
19.05490555275638	-21.24047685638601
19.17867349406306	-21.66913783641336
19.30244143536973	-22.09595603494965
19.4262093766764	-22.52094743369458
19.54997731798307	-22.94412805274846
19.67374525928974	-23.36551542848959
19.79751320059641	-23.78512760951352
19.92128114190308	-24.20298253394811
20.04504908320975	-24.61909694520249
20.16881702451642	-25.03348697408603
20.29258496582309	-25.44616976394439
20.41635290712976	-25.85716167399215
20.54012084843643	-26.26647968537236
20.6638887897431	-26.67413806446356
20.78765673104978	-27.08015133978708
20.91142467235645	-27.48453376189019
21.03519261366312	-27.88729976634216
21.15896055496979	-28.28846326304323
21.28272849627646	-28.68803819459073
21.40649643758313	-29.0860378479987
21.5302643788898	-29.48247309151018
21.65403232019647	-29.87735482979178
21.77780026150314	-30.27069511503707
21.90156820280981	-30.66250510932378
22.02533614411648	-31.05279631960955
22.14910408542315	-31.44157997358985
22.27287202672983	-31.82886695966313
22.3966399680365	-32.21466671045088
22.52040790934317	-32.59898847034615
22.64417585064984	-32.98184243848741
22.76794379195651	-33.36323871840638
22.89171173326318	-33.74318729422534
23.01547967456985	-34.12169728739005
23.13924761587652	-34.49877853293867
23.26301555718319	-34.87444026235113
23.38678349848986	-35.24868994442792
23.51055143979653	-35.6215353584583
23.6343193811032	-35.99298537806106
23.75808732240987	-36.36304803701012
23.88185526371655	-36.73173216654348
24.00562320502322	-37.09904600080839
24.12939114632989	-37.46499792653505
24.25315908763656	-37.82959625908324
24.37692702894323	-38.19284912741617
24.5006949702499	-38.55476324550648
24.62446291155657	-38.91534519372529
24.74823085286324	-39.27460266983329
24.87199879416991	-39.63254239921994
24.99576673547658	-39.98917304452463
25.11953467678325	-40.34450213081589
25.24330261808992	-40.69853720133563
25.36707055939659	-41.05128566448965
25.49083850070327	-41.4027550434861
25.61460644200994	-41.75295275492996
25.73837438331661	-42.10188522431346
25.86214232462328	-42.44955859134998
25.98591026592995	-42.79598022181261
26.10967820723662	-43.14115658590014
26.23344614854329	-43.48509486674854
26.35721408984996	-43.82780161763615
26.48098203115663	-44.16928397890479
26.6047499724633	-44.5095483868223
26.72851791376997	-44.84860159184805
26.85228585507664	-45.1864503739479
26.97605379638332	-45.52310155835154
27.09982173768999	-45.85856166596842
27.22358967899666	-46.19283744647978
27.34735762030333	-46.52593312901083
27.47112556161	-46.85785541453392
27.59489350291667	-47.18861026921303
27.71866144422334	-47.51820379522506
27.84242938553001	-47.84664249209892
27.96619732683668	-48.17393220999391
28.08996526814335	-48.50007917523011
28.21373320945002	-48.82508917158674
28.33750115075669	-49.14896890174194
28.46126909206336	-49.4717246264239
28.58503703337004	-49.79336230678183
28.70880497467671	-50.11388811039527
28.83257291598338	-50.43330788362578
28.95634085729005	-50.75162782356303
29.08010879859672	-51.06885182868581
29.20387673990339	-51.38498562696441
29.32764468121006	-51.70003485598324
29.45141262251673	-52.01400517557341
29.5751805638234	-52.32690220458197
29.69894850513007	-52.63873107932179
29.82271644643674	-52.94949764536562
29.94648438774341	-53.25920746624659
30.07025232905008	-53.56786570224354
30.19402027035676	-53.87547803783701
30.31778821166343	-54.18204963735138
30.4415561529701	-54.48758590039473
30.56532409427677	-54.79209220934372
30.68909203558344	-55.09557390069159
30.81285997689011	-55.398036304593
30.93662791819678	-55.69948458282831
31.06039585950345	-55.99992384710266
31.18416380081012	-56.29935849509996
31.30793174211679	-56.59779361925325
31.43169968342346	-56.89523399404831
31.55546762473013	-57.19168466596221
31.67923556603681	-57.48715068741446
31.80300350734348	-57.78163680879531
31.92677144865015	-58.07514814226233
32.05053938995682	-58.36768955446596
32.17430733126348	-58.65926583037674
