0
1000	1776.86	100000000000000.1
5	0	0	1
5	0	0	0
7.494979834713454	2103373.22191681
7.519733422974787	2102040.878808502
7.544487011236121	2100540.090166738
7.569240599497454	2098879.580701328
7.593994187758788	2097088.949157077
7.618747776020121	2095177.006303566
7.643501364281454	2093158.168161783
7.668254952542788	2091040.669065597
7.693008540804121	2088842.240844717
7.717762129065455	2086572.906999494
7.742515717326788	2084230.936147863
7.767269305588122	2081828.867747483
7.792022893849455	2079377.363052143
7.816776482110789	2076873.727343231
7.841530070372122	2074320.180514804
7.866283658633455	2071735.879491395
7.891037246894789	2069117.275065437
7.915790835156122	2066461.207717274
7.940544423417456	2063784.231166924
7.965298011678789	2061083.055236646
7.990051599940123	2058358.952267234
8.014805188201457	2055614.046663658
8.03955877646279	2052855.926671361
8.064312364724124	2050077.67031059
8.089065952985457	2047289.486722198
8.113819541246791	2044481.858612697
8.138573129508124	2041662.04282472
8.163326717769458	2038830.624363594
8.188080306030791	2035982.559234678
8.212833894292125	2033132.811678626
8.237587482553458	2030271.583642499
8.262341070814792	2027407.71692402
8.287094659076125	2024538.559609884
8.311848247337458	2021663.771539261
8.336601835598792	2018791.382813474
8.361355423860125	2015906.36857186
8.386109012121459	2013020.322499495
8.410862600382792	2010131.36194812
8.435616188644126	2007239.843642181
8.460369776905459	2004347.140458667
8.485123365166793	2001452.909136025
8.509876953428126	1998553.680919644
8.534630541689459	1995658.920035287
8.559384129950793	1992758.200102433
8.584137718212126	1989864.305103796
8.60889130647346	1986973.282835348
8.633644894734793	1984083.789013826
8.658398482996127	1981196.725557771
8.68315207125746	1978309.800269852
8.707905659518794	1975429.102349248
8.732659247780127	1972550.810596234
8.75741283604146	1969675.478449988
8.782166424302794	1966804.254368625
8.806920012564127	1963936.539638678
8.831673600825461	1961066.268099245
8.856427189086794	1958207.644902139
8.881180777348128	1955347.386043472
8.905934365609461	1952498.562543301
8.930687953870795	1949655.855554156
8.955441542132128	1946817.989358751
8.980195130393462	1943985.976399699
9.004948718654795	1941158.115452095
9.029702306916128	1938337.783365684
9.054455895177462	1935522.812226753
9.079209483438795	1932713.613748763
9.103963071700129	1929910.59765344
9.128716659961462	1927113.061493509
9.153470248222796	1924315.195401761
9.178223836484129	1921526.436137739
9.202977424745463	1918747.655907511
9.227731013006796	1915976.887026162
9.252484601268129	1913211.360079649
9.277238189529463	1910452.372331678
9.301991777790796	1907701.020557541
9.32674536605213	1904951.852788646
9.351498954313463	1902211.89484415
9.376252542574797	1899477.865497965
9.40100613083613	1896750.147915486
9.425759719097464	1894027.75966204
9.450513307358797	1891307.54286742
9.47526689562013	1888591.586538219
9.500020483881464	1885887.969124014
9.524774072142797	1883191.446978626
9.549527660404131	1880500.764766403
9.574281248665464	1877816.489169925
9.599034836926798	1875139.044436605
9.623788425188131	1872465.592488256
9.648542013449465	1869800.578681868
9.673295601710798	1867141.63789966
9.698049189972132	1864488.689968551
9.722802778233465	1861841.565530969
9.747556366494798	1859194.398142364
9.772309954756132	1856554.214393754
9.797063543017465	1853926.860302058
9.821817131278799	1851306.011715561
9.846570719540132	1848691.729853776
9.871324307801466	1846084.023517273
9.896077896062799	1843483.084451772
9.920831484324133	1840886.978964057
9.945585072585466	1838298.501480656
9.970338660846799	1835716.189486751
9.995092249108133	1833140.060172233
10.01984583736947	1830563.143478189
10.0445994256308	1827995.512998938
10.06935301389213	1825438.482342949
10.09410660215347	1822887.263502269
10.1188601904148	1820342.225819983
10.14361377867613	1817803.26868839
10.16836736693747	1815270.254691892
10.1931209551988	1812747.020179557
10.21787454346013	1810220.428603187
10.24262813172147	1807704.466070658
10.2673817199828	1805194.043629989
10.29213530824413	1802688.937294275
10.31688889650547	1800185.006273694
10.3416424847668	1797684.55485986
10.36639607302813	1795195.725815331
10.39114966128947	1792712.634255209
10.4159032495508	1790235.129488614
10.44065683781213	1787763.192106307
10.46541042607347	1785297.213658117
10.4901640143348	1782834.346699199
10.51491760259614	1780378.617957264
10.53967119085747	1777928.248610309
10.5644247791188	1775482.539398015
10.58917836738014	1773035.978088958
10.61393195564147	1770601.085282492
10.6386855439028	1768171.304392518
10.66343913216414	1765746.430242428
10.68819272042547	1763326.301936876
10.7129463086868	1760910.697627175
10.73769989694814	1758499.636870001
10.76245348520947	1756091.420613094
10.7872070734708	1753688.417965822
10.81196066173214	1751288.991890337
10.83671424999347	1748893.560670835
10.8614678382548	1746500.866630129
10.88622142651614	1744111.625680486
10.91097501477747	1741725.513685892
10.9357286030388	1739342.413231196
10.96048219130014	1736962.223562492
10.98523577956147	1734584.905282073
11.0099893678228	1732211.15794831
11.03474295608414	1729836.977235575
11.05949654434547	1727467.416345156
11.0842501326068	1725100.087296883
11.10900372086814	1722734.961030628
11.13375730912947	1720371.892170141
11.1585108973908	1718010.931596008
11.18326448565214	1715651.849621938
11.20801807391347	1713294.929846297
11.23277166217481	1710939.78817436
11.25752525043614	1708586.469023385
11.28227883869747	1706234.829567414
11.30703242695881	1703884.851383394
11.33178601522014	1701536.485698701
11.35653960348147	1699187.474160906
11.38129319174281	1696844.41636776
11.40604678000414	1694500.563250078
11.43080036826547	1692158.123420473
11.45555395652681	1689817.023630914
11.48030754478814	1687477.250157972
11.50506113304947	1685138.549989099
11.52981472131081	1682801.382768807
11.55456830957214	1680465.283447523
11.57932189783347	1678130.291675712
11.60407548609481	1675796.416647895
11.62882907435614	1673463.715215666
11.65358266261747	1671131.972085523
11.67833625087881	1668801.264025234
11.70308983914014	1666471.547628851
11.72784342740147	1664142.793771565
11.75259701566281	1661814.9954404
11.77735060392414	1659488.109846977
11.80210419218547	1657162.200583129
11.82685778044681	1654836.922605784
11.85161136870814	1652512.659070583
11.87636495696947	1650189.196285449
11.90111854523081	1647866.533526102
11.92587213349214	1645544.659402988
11.95062572175348	1643223.554250139
11.97537931001481	1640903.197531467
12.00013289827614	1638583.582817538
12.02488648653748	1636264.701572627
12.04964007479881	1633946.527725873
12.07439366306014	1631629.09426755
12.09914725132148	1629312.324859188
12.12390083958281	1626996.134948521
12.14865442784414	1624680.718560084
12.17340801610548	1622365.925242724
12.19816160436681	1620051.771080753
12.22291519262814	1617738.250010607
12.24766878088948	1615425.354986754
12.27242236915081	1613113.078739559
12.29717595741214	1610801.411701875
12.32192954567348	1608490.419106747
12.34668313393481	1606179.954813122
12.37143672219614	1603870.093138484
12.39619031045748	1601560.832227744
12.42094389871881	1599252.041624364
12.44569748698014	1596943.954924001
12.47045107524148	1594636.414056052
12.49520466350281	1592329.443785495
12.51995825176414	1590023.041151718
12.54471184002548	1587717.205759413
12.56946542828681	1585411.9790082
12.59421901654814	1583107.286871039
12.61897260480948	1580803.155269166
12.64372619307081	1578499.574164536
12.66847978133215	1576196.565470087
12.69323336959348	1573895.620621032
12.71798695785481	1571592.148783521
12.74274054611615	1569290.815381747
12.76749413437748	1566990.038008841
12.79224772263881	1564689.8187749
12.81700131090015	1562390.168667156
12.84175489916148	1560091.086076064
12.86650848742281	1557792.560262535
12.89126207568415	1555494.579001776
12.91601566394548	1553197.18490238
12.94076925220681	1550900.364398283
12.96552284046815	1548604.16977907
12.99027642872948	1546308.395604416
13.01503001699081	1544013.301773732
13.03978360525215	1541718.786682188
13.06453719351348	1539424.854849003
13.08929078177481	1537131.53108951
13.11404437003615	1534838.760244932
13.13879795829748	1532546.601581819
13.16355154655881	1530255.023761236
13.18830513482015	1527964.073577362
13.21305872308148	1525673.727472903
13.23781231134281	1523384.204983316
13.26256589960415	1521094.796852905
13.28731948786548	1518806.299243863
13.31207307612681	1516518.416571403
13.33682666438815	1514231.163073283
13.36158025264948	1511944.534080039
13.38633384091082	1509658.540030806
13.41108742917215	1507373.187442054
13.43584101743348	1505088.492632398
13.46059460569482	1502804.445392552
13.48534819395615	1500521.070970355
13.51010178221748	1498238.225027016
13.53485537047882	1495956.220385691
13.55960895874015	1493674.842918309
13.58436254700148	1491394.130085896
13.60911613526282	1489114.094057757
13.63386972352415	1486834.758336512
13.65862331178548	1484556.086779885
13.68337690004682	1482278.127037124
13.70813048830815	1480000.877951768
13.73288407656948	1477724.340280314
13.75763766483082	1475447.673998256
13.78239125309215	1473173.359696719
13.80714484135348	1470898.977406681
13.83189842961482	1468625.336231315
13.85665201787615	1466352.384418262
13.88140560613748	1464080.190394785
13.90615919439882	1461808.741650859
13.93091278266015	1459538.03972482
13.95566637092148	1457268.109734153
13.98041995918282	1454998.931983822
14.00517354744415	1452739.806403648
14.02992713570548	1450462.807145387
14.05468072396682	1448195.933504528
14.07943431222815	1445929.830264912
14.10418790048949	1443664.506591759
14.12894148875082	1441399.966009999
14.15369507701215	1439136.219651248
14.17844866527349	1436873.274786581
14.20320225353482	1434611.125569467
14.22795584179615	1432349.786704062
14.25270943005749	1430089.12424588
14.27746301831882	1427829.465898206
14.30221660658015	1425570.556426659
14.32697019484149	1423312.46155104
14.35172378310282	1421055.184060499
14.37647737136415	1418798.734027097
14.40123095962549	1416543.11139713
14.42598454788682	1414288.334671141
14.45073813614815	1412034.386452915
14.47549172440949	1409781.321676313
14.50024531267082	1407528.981644995
14.52499890093215	1405277.574115585
14.54975248919349	1403027.007042831
14.57450607745482	1400777.287957089
14.59925966571615	1398528.424671532
14.62401325397749	1396280.419284226
14.64876684223882	1394033.287745204
14.67352043050015	1391787.015146941
14.69827401876149	1389541.638017809
14.72302760702282	1387296.99711628
14.74778119528415	1385053.351706987
14.77253478354549	1382810.557378631
14.79728837180682	1380568.633117638
14.82204196006816	1378327.583815527
14.84679554832949	1376087.415829276
14.87154913659082	1373848.141916406
14.89630272485216	1371609.747403785
14.92105631311349	1369372.25151407
14.94580990137482	1367135.540974402
14.97056348963616	1364899.83070669
14.99531707789749	1362664.988731176
15.02007066615882	1360431.033337487
15.04482425442016	1358197.974440133
15.06957784268149	1355965.804315311
15.09433143094282	1353734.541653173
15.11908501920416	1351504.173645353
15.14383860746549	1349274.728765995
15.16859219572682	1347046.101583721
15.19334578398816	1344818.445703472
15.21809937224949	1342591.680523827
15.24285296051082	1340365.81982976
15.26760654877216	1338140.873729498
15.29236013703349	1335916.812880283
15.31711372529482	1333693.683034431
15.34186731355616	1331471.456942759
15.36662090181749	1329249.920176466
15.39137449007882	1327029.675385334
15.41612807834016	1324810.175743715
15.44088166660149	1322591.582325252
15.46563525486282	1320373.898505649
15.49038884312416	1318157.126575725
15.51514243138549	1315941.26327578
15.53989601964683	1313726.321735085
15.56464960790816	1311512.276421247
15.58940319616949	1309299.15372573
15.61415678443083	1307086.946852449
15.63891037269216	1304875.65597101
15.66366396095349	1302665.277694899
15.68841754921483	1300455.814620442
15.71317113747616	1298247.278119286
15.73792472573749	1296039.633939691
15.76267831399883	1293832.917138684
15.78743190226016	1291627.136697053
15.81218549052149	1289422.230645371
15.83693907878283	1287218.26131611
15.86169266704416	1285015.208731042
15.88644625530549	1282813.068536401
15.91119984356683	1280611.848562103
15.93595343182816	1278411.542305758
15.96070702008949	1276212.15147999
15.98546060835083	1274013.67801426
16.01021419661216	1271816.120055787
16.03496778487349	1269619.463432865
16.05972137313483	1267423.74657079
16.08447496139616	1265228.934010132
16.10922854965749	1263035.036141257
16.13398213791883	1260842.051994235
16.15873572618016	1258649.98373172
16.18348931444149	1256458.827668816
16.20824290270283	1254268.586282283
16.23299649096416	1252079.259844406
16.2577500792255	1249890.845669477
16.28250366748683	1247703.344932559
16.30725725574816	1245516.755426686
16.3320108440095	1243331.081203804
16.35676443227083	1241146.315690394
16.38151802053216	1238962.463206008
16.4062716087935	1236779.522357396
16.43102519705483	1234597.491277544
16.45577878531616	1232416.353661402
16.4805323735775	1230236.159903293
16.50528596183883	1228056.860361622
16.53003955010016	1225878.466677452
16.5547931383615	1223700.982419125
16.57954672662283	1221524.410097508
16.60430031488416	1219348.732483904
16.6290539031455	1217173.976559127
16.65380749140683	1215000.122305455
16.67856107966816	1212827.175873004
16.7033146679295	1210655.130976936
16.72806825619083	1208483.991014052
16.75282184445216	1206313.757084764
16.7775754327135	1204144.422412679
16.80232902097483	1201975.999009341
16.82708260923616	1199808.474371437
16.8518361974975	1197641.851616017
16.87658978575883	1195476.131006711
16.90134337402016	1193311.30635628
16.9260969622815	1191147.390563981
16.95085055054283	1188984.370033463
16.97560413880417	1186822.248217477
17.0003577270655	1184661.026253249
17.02511131532683	1182500.699748423
17.04986490358817	1180341.271639104
17.0746184918495	1178182.739867864
17.09937208011083	1176025.125731771
17.12412566837217	1173868.363327667
17.1488792566335	1171712.517017885
17.17363284489483	1169557.564878485
17.19838643315617	1167403.50657351
17.2231400214175	1165250.336040074
17.24789360967883	1163098.064395615
17.27264719794017	1160946.680816776
17.2974007862015	1158796.187874882
17.32215437446283	1156646.586267798
17.34690796272417	1154497.86963789
17.3716615509855	1152350.044572109
17.39641513924683	1150203.106772776
17.42116872750817	1148057.056115397
17.4459223157695	1145911.889373349
17.47067590403083	1143767.611592982
17.49542949229217	1141624.218057995
17.5201830805535	1139481.707823367
17.54493666881483	1137340.081885656
17.56969025707617	1135199.338508745
17.5944438453375	1133059.474762293
17.61919743359883	1130920.494778678
17.64395102186017	1128782.394398943
17.6687046101215	1126645.175986248
17.69345819838284	1124508.834598779
17.71821178664417	1122373.372211983
17.7429653749055	1120238.783212676
17.76771896316684	1118105.080169662
17.79247255142817	1115972.249221488
17.8172261396895	1113840.291555423
17.84197972795084	1111709.212292871
17.86673331621217	1109579.003094365
17.8914869044735	1107449.670160966
17.91624049273484	1105321.20655289
17.94099408099617	1103193.601789673
17.9657476692575	1101066.898085851
17.99050125751884	1098941.049775311
18.01525484578017	1096816.066379783
18.0400084340415	1094691.957917898
18.06476202230284	1092568.717279528
18.08951561056417	1090446.342573972
18.1142691988255	1088324.832627503
18.13902278708684	1086204.190332129
18.16377637534817	1084084.413489652
18.1885299636095	1081965.500193308
18.21328355187084	1079847.45052047
18.23803714013217	1077730.26284937
18.2627907283935	1075613.938065222
18.28754431665484	1073498.475377959
18.31229790491617	1071383.872789365
18.3370514931775	1069270.129859878
18.36180508143884	1067157.244750287
18.38655866970017	1065045.21924655
18.41131225796151	1062934.052026931
18.43606584622284	1060823.739101039
18.46081943448417	1058714.284347347
18.48557302274551	1056605.686369645
18.51032661100684	1054497.939395251
18.53508019926817	1052391.048321974
18.55983378752951	1050285.010147606
18.58458737579084	1048179.826378306
18.60934096405217	1046075.49065899
18.63409455231351	1043972.006566063
18.65884814057484	1041869.37279324
18.68360172883617	1039767.590866695
18.70835531709751	1037666.656529534
18.73310890535884	1035566.568504734
18.75786249362017	1033467.329327888
18.78261608188151	1031368.935786248
18.80736967014284	1029271.388741576
18.83212325840417	1027174.686585324
18.85687684666551	1025078.830829504
18.88163043492684	1022983.813894243
18.90638402318817	1020889.64272075
18.93113761144951	1018796.312598624
18.95589119971084	1016703.824511649
18.98064478797217	1014612.177442522
19.00539837623351	1012521.371051071
19.03015196449484	1010431.400910845
19.05490555275617	1008342.27220915
19.07965914101751	1006253.979637704
19.10441272927884	1004166.523853399
19.12916631754018	1002079.90574254
19.15391990580151	999994.1227841276
19.17867349406284	997909.1750386429
19.20342708232418	995825.0607859613
19.22818067058551	993741.7807514961
19.25293425884684	991659.3331801442
19.27768784710818	989577.7196459024
19.30244143536951	987496.9328885158
19.32719502363084	985416.9788071541
19.35194861189218	983337.8556874432
19.37670220015351	981259.5605847985
19.40145578841484	979182.0949797939
19.42620937667618	977105.4572561566
19.45096296493751	975029.6473068167
19.47571655319884	972954.6618284995
19.50047014146018	970880.5031057375
19.52522372972151	968807.169446976
19.54997731798284	966734.6596217527
19.57473090624418	964662.9737970916
19.59948449450551	962592.1110847289
19.62423808276684	960522.0720275579
19.64899167102818	958452.8513170239
19.67374525928951	956384.4531167907
19.69849884755084	954316.8701635019
19.72325243581218	952250.1166853154
19.74800602407351	950184.1770448152
19.77275961233484	948119.0556328628
19.79751320059618	946054.7502963241
19.82226678885751	943991.264135367
19.84702037711885	941928.5929071961
19.87177396538018	939866.7387970707
19.89652755364151	937805.6958881972
19.92128114190285	935745.4687689651
19.94603473016418	933686.0553086658
19.97078831842551	931627.454162392
19.99554190668685	929569.66522722
20.02029549494818	927512.6880797591
20.04504908320951	925456.520647693
20.06980267147085	923401.1639685059
20.09455625973218	921346.6167884252
20.11930984799351	919292.8770460937
20.14406343625485	917239.9470158846
20.16881702451618	915187.8239012981
20.19357061277751	913136.5066623201
20.21832420103885	911085.9965137864
20.24307778930018	909036.2914534295
20.26783137756151	906987.3927072854
20.29258496582285	904939.2941639973
20.31733855408418	902892.0012265512
20.34209214234551	900845.5101581581
20.36684573060685	898799.822400792
20.39159931886818	896754.9362918225
20.41635290712951	894710.8507878915
20.44110649539085	892667.5655382223
20.46586008365218	890625.0783595158
20.49061367191351	888583.3899170703
20.51536726017485	886542.501553697
20.54012084843618	884502.4100844281
20.56487443669752	882463.1170128564
20.58962802495885	880424.616911234
20.61438161322018	878386.9142669499
20.63913520148152	876350.0065563156
20.66388878974285	874313.8858171898
20.68864237800418	872278.5738074651
20.71339596626552	870244.0464724631
20.73814955452685	868210.3128314028
20.76290314278818	866177.3704807179
20.78765673104952	864145.2192596975
20.81241031931085	862113.8586788507
20.83716390757218	860083.2879807554
20.86191749583352	858053.506478832
20.88667108409485	856024.5144234451
20.91142467235618	853996.3093167935
20.93617826061752	851968.8916569575
20.96093184887885	849942.2611976836
20.98568543714018	847916.4167700653
21.01043902540152	845891.3577482894
21.03519261366285	843867.0836399599
21.05994620192418	841843.5940536911
21.08469979018552	839820.8876425887
21.10945337844685	837798.9649842413
21.13420696670818	835777.8243332687
21.15896055496952	833757.464906904
21.18371414323085	831737.887646359
21.20846773149218	829719.0907768055
21.23322131975352	827701.0734555312
21.25797490801485	825683.8354788431
21.28272849627619	823667.3762473025
21.30748208453752	821651.6952740786
21.33223567279885	819636.7916771928
21.35698926106019	817622.6653918287
21.38174284932152	815609.314541075
21.40649643758285	813596.7398811767
21.43125002584419	811584.9402172174
21.45600361410552	809573.9148736865
21.48075720236685	807563.663013614
21.50551079062819	805554.185553709
21.53026437888952	803545.4798637619
21.55501796715085	801537.5463312414
21.57977155541219	799530.3841570053
21.60452514367352	797523.9927337427
21.62927873193485	795518.3716327365
21.65403232019619	793513.5202702353
21.67878590845752	791509.4379320634
21.70353949671885	789506.1237325416
21.72829308498019	787503.5775102718
21.75304667324152	785501.7984874959
21.77780026150285	783500.7860139824
21.80255384976419	781500.5398802012
21.82730743802552	779501.058933446
21.85206102628685	777502.3434786198
21.87681461454819	775504.3909893367
21.90156820280952	773507.2028771697
21.92632179107085	771510.778007425
21.95107537933219	769515.1153041036
21.97582896759352	767520.2145987005
22.00058255585486	765526.0750723879
22.02533614411619	763532.6859975141
22.05008973237752	761540.0777364881
22.07484332063886	759548.2190486328
22.09959690890019	757557.118885887
22.12435049716152	755566.7771691515
22.14910408542286	753577.1932205807
22.17385767368419	751588.3674668747
22.19861126194552	749600.2967483746
22.22336485020686	747612.9824917915
22.24811843846819	745626.4239140343
22.27287202672952	743640.6202304346
22.29762561499086	741655.570754339
22.32237920325219	739671.2752210475
22.34713279151352	737687.7325850815
22.37188637977486	735704.9427032016
22.39663996803619	733722.9047238698
22.42139355629752	731741.618189807
22.44614714455886	729761.0825652225
22.47090073282019	727781.2970991851
22.49565432108152	725802.2613247826
22.52040790934286	723823.975050561
22.54516149760419	721846.4367723312
22.56991508586552	719869.6466830448
22.59466867412686	717893.6040009811
22.61942226238819	715918.3082059406
22.64417585064952	713943.7586970933
22.66892943891086	711969.958274908
22.69368302717219	709996.8963328806
22.71843661543353	708024.5821451598
22.74319020369486	706053.0120412605
22.76794379195619	704082.1854186114
22.79269738021753	702112.1016082424
22.81745096847886	700142.7613959518
22.84220455674019	698174.1605496014
22.86695814500153	696206.3019590107
22.89171173326286	694239.1841278534
22.91646532152419	692272.8064007191
22.94121890978553	690307.1680184921
22.96597249804686	688342.2689415284
22.99072608630819	686378.1078295264
23.01547967456953	684414.6847400876
23.04023326283086	682451.9987712603
23.06498685109219	680490.049652611
23.08974043935353	678528.8366861437
23.11449402761486	676568.3595288206
23.13924761587619	674608.6172444685
23.16400120413753	672649.6094989277
23.18875479239886	670691.3355558451
23.21350838066019	668733.7951560826
23.23826196892153	666776.9878322453
23.26301555718286	664820.9123132591
23.28776914544419	662865.569098233
23.31252273370553	660910.956656808
23.33727632196686	658957.0748774664
23.36202991022819	657003.9232335339
23.38678349848953	655051.5012844293
23.41153708675086	653099.8082545244
23.4362906750122	651148.8437093211
23.46104426327353	649198.6073869447
23.48579785153486	647249.0976504494
23.5105514397962	645300.3153486453
23.53530502805753	643352.2591469234
23.56005861631886	641404.9286812481
23.5848122045802	639458.3233815209
23.60956579284153	637512.442706584
23.63431938110286	635567.2862801411
23.6590729693642	633622.8533651906
23.68382655762553	631679.1434825857
23.70858014588686	629736.1560794674
23.7333337341482	627793.8907618929
23.75808732240953	625852.3466024948
23.78284091067086	623911.523368793
23.8075944989322	621971.4205731482
23.83234808719353	620032.0375473691
23.85710167545486	618093.3747988334
23.8818552637162	616155.4287864554
23.90660885197753	614218.2018941882
23.93136244023886	612281.6927446797
23.9561160285002	610345.9007171066
23.98086961676153	608410.8253137876
24.00562320502286	606476.4658753256
24.0303767932842	604542.8220425658
24.05513038154553	602609.8932408049
24.07988396980686	600677.6783403141
24.1046375580682	598746.1784843839
24.12939114632953	596815.3914546921
24.15414473459087	594885.3172588942
24.1788983228522	592955.9555079886
24.20365191111353	591027.3057470145
24.22840549937487	589099.3672274338
24.2531590876362	587172.1392483546
24.27791267589753	585245.6216066576
24.30266626415887	583319.8138876694
24.3274198524202	581394.715228877
24.35217344068153	579470.3252568806
24.37692702894287	577546.6434703721
24.4016806172042	575623.6694968083
24.42643420546553	573701.4024068591
24.45118779372687	571779.8420331554
24.4759413819882	569858.9876549644
24.50069497024953	567938.839073252
24.52544855851087	566019.395173071
24.5502021467722	564100.6559625909
24.57495573503353	562182.6206827405
24.59970932329487	560265.2890980915
24.6244629115562	558348.6603122232
24.64921649981753	556432.734256404
24.67397008807887	554517.5093559694
24.6987236763402	552602.9867325933
24.72347726460153	550689.1646713661
24.74823085286287	548776.0430235313
24.7729844411242	546863.6213498956
24.79773802938553	544951.8988485663
24.82249161764687	543040.8752720809
24.8472452059082	541130.5500689944
24.87199879416954	539220.9228012549
24.89675238243087	537311.9926632961
24.9215059706922	535403.7594010981
24.94625955895354	533496.222465997
24.97101314721487	531589.3814262991
24.9957667354762	529683.2354100751
25.02052032373754	527777.7843430978
25.04527391199887	525873.0275107598
25.0700275002602	523968.9643603363
25.09478108852154	522065.5945768935
25.11953467678287	520162.9176066358
25.1442882650442	518260.9327904422
25.16904185330554	516359.6396531024
25.19379544156687	514459.0378592354
25.2185490298282	512559.1267981495
25.24330261808954	510659.9059299311
25.26805620635087	508761.3746194945
25.2928097946122	506863.5329113484
25.31756338287354	504966.3797329814
25.34231697113487	503069.9147190339
25.3670705593962	501174.137537587
25.39182414765754	499279.0475626609
25.41657773591887	497384.6443494891
25.4413313241802	495490.9272880287
25.46608491244154	493597.8960361599
25.49083850070287	491705.54996676
25.5155920889642	489813.8886234562
25.54034567722554	487922.9115894684
25.56509926548687	486032.6183024741
25.58985285374821	484143.0082796003
25.61460644200954	482254.0809196844
25.63936003027087	480365.8359093633
25.66411361853221	478478.2726808601
25.68886720679354	476591.390723086
25.71362079505487	474705.1895555909
25.73837438331621	472819.668667817
25.76312797157754	470934.8276041826
25.78788155983887	469050.6658639429
25.81263514810021	467167.1829233613
25.83738873636154	465284.3796269171
25.86214232462287	463402.2516219896
25.88689591288421	461520.802281233
25.91164950114554	459640.0297569309
25.93640308940687	457759.9336374028
25.96115667766821	455880.5134152811
25.98591026592954	454001.7686373823
26.01066385419087	452123.6987477194
26.03541744245221	450246.3033261027
26.06017103071354	448369.5818367191
26.08492461897487	446493.5338554404
26.10967820723621	444618.1588029758
26.13443179549754	442743.4563034641
26.15918538375887	440869.4257899541
26.18393897202021	438996.0668416071
26.20869256028154	437123.3789555404
26.23344614854287	435251.361661296
26.25819973680421	433380.014443133
26.28295332506554	431509.3368520246
26.30770691332688	429639.328413531
26.33246050158821	427769.9886309615
26.35721408984954	425901.3169690624
26.38196767811088	424033.3130817131
26.40672126637221	422165.9764113486
26.43147485463354	420299.3064702642
26.45622844289488	418433.3027816321
26.48098203115621	416567.9649311761
26.50573561941754	414703.2924067045
26.53048920767888	412839.2846653227
26.55524279594021	410975.9414256401
26.57999638420154	409113.2620057339
26.60474997246288	407251.245985441
26.62950356072421	405389.8929308464
26.65425714898554	403529.2024071654
26.67901073724688	401669.1738166868
26.70376432550821	399809.8063676883
26.72851791376954	397951.1008902501
26.75327150203088	396093.0555331072
26.77802509029221	394235.6703410175
26.80277867855354	392378.9447906815
26.82753226681488	390522.8783839383
26.85228585507621	388667.4707643211
26.87703944333754	386812.7213417624
26.90179303159888	384958.6297541043
26.92654661986021	383105.1954912768
26.95130020812154	381252.4180441986
26.97605379638288	379400.2970411469
27.00080738464421	377548.8319450006
27.02556097290555	375698.0222556131
27.05031456116688	373847.8676278884
27.07506814942821	371998.3675196408
27.09982173768955	370149.5214402043
27.12457532595088	368301.3290210206
27.14932891421221	366453.7897376638
27.17408250247355	364606.9031202797
27.19883609073488	362760.6687333675
27.22358967899621	360915.0861217288
27.24834326725755	359070.1547928677
27.27309685551888	357225.8743065125
27.29785044378021	355382.2438079998
27.32260403204155	353539.2640315849
27.34735762030288	351696.93332448
27.37211120856421	349855.2515877822
27.39686479682555	348014.2184320668
27.42161838508688	346173.8334729272
27.44637197334821	344334.0959813457
27.47112556160955	342495.0057410043
27.49587914987088	340656.562205572
27.52063273813221	338818.7649550454
27.54538632639355	336981.6135427192
27.57013991465488	335145.107445955
27.59489350291621	333309.2462792936
27.61964709117755	331474.0295489389
27.64440067943888	329639.4568455711
27.66915426770021	327805.52766516
27.69390785596155	325972.2416166292
27.71866144422288	324139.5982023599
27.74341503248422	322307.59699238
27.76816862074555	320476.2375100118
27.79292220900688	318645.5193287031
27.81767579726822	316815.4419902987
27.84242938552955	314986.0050640406
27.86718297379088	313157.2080807431
27.89193656205222	311329.0505963778
27.91669015031355	309501.5321782186
27.94144373857488	307674.6523635141
27.96619732683622	305848.4107009996
27.99095091509755	304022.8067528774
28.01570450335888	302197.8400760803
28.04045809162022	300373.5102246236
28.06521167988155	298549.8168015377
28.08996526814288	296726.7592468053
28.11471885640422	294904.3372129441
28.13947244466555	293082.5502179327
28.16422603292688	291261.3978312021
28.18897962118822	289440.879621658
28.21373320944955	287620.9951193765
28.23848679771088	285801.7439132181
28.26324038597222	283983.1255387784
28.28799397423355	282165.1395761072
28.31274756249488	280347.7855580169
28.33750115075622	278531.0630765196
28.36225473901755	276714.9716807523
28.38700832727888	274899.5109148837
28.41176191554022	273084.6803687371
28.43651550380155	271270.4795834082
28.46126909206289	269456.908131487
28.48602268032422	267643.9655703786
28.51077626858555	265831.6514824927
28.53552985684689	264019.9653956624
28.56028344510822	262208.9069633464
28.58503703336955	260398.4756220237
28.60979062163089	258588.6710113081
28.63454420989222	256779.4926875712
28.65929779815355	254970.9402271327
28.68405138641489	253163.0131768898
28.70880497467622	251355.7111182444
28.73355856293755	249549.0336172078
28.75831215119889	247742.9802337284
28.78306573946022	245937.5505530899
28.80781932772155	244132.744134013
28.83257291598289	242328.5605495794
28.85732650424422	240524.9993593876
28.88208009250555	238722.060148729
28.90683368076689	236919.7424825021
28.93158726902822	235118.0459027195
28.95634085728955	233316.9700855697
28.98109444555089	231516.5144818242
29.00584803381222	229716.6787138762
29.03060162207355	227917.462355385
29.05535521033489	226118.8649725099
29.08010879859622	224320.8861495081
29.10486238685755	222523.5254553825
29.12961597511889	220726.7824647658
29.15436956338022	218930.6567456214
29.17912315164156	217135.14788846
29.20387673990289	215340.255461868
29.22863032816422	213545.9790429034
29.25338391642556	211752.3182551147
29.27813750468689	209959.2725407393
29.30289109294822	208166.8416089902
29.32764468120956	206375.0249984381
29.35239826947089	204583.8222803037
29.37715185773222	202793.2330431541
29.40190544599356	201003.2568632521
29.42665903425489	199213.8933138675
29.45141262251622	197425.1419881299
29.47616621077756	195637.0024594663
29.50091979903889	193849.474295725
29.52567338730022	192062.5571352163
29.55042697556156	190276.2504884884
29.57518056382289	188490.5539688625
29.59993415208422	186705.4671643721
29.62468774034556	184920.989654408
29.64944132860689	183137.1210151523
29.67419491686822	181353.8608437389
29.69894850512956	179571.2087133978
29.72370209339089	177789.1642025218
29.74845568165222	176007.7269587858
29.77320926991356	174226.8964837781
29.79796285817489	172446.6724047136
29.82271644643622	170667.0542980779
29.84747003469756	168888.0417636198
29.87222362295889	167109.634381026
29.89697721122023	165331.8317331424
29.92173079948156	163554.6334361126
29.94648438774289	161778.0390351011
29.97123797600423	160002.0481526463
29.99599156426556	158226.6603651441
30.02074515252689	156451.8752709988
30.04549874078823	154677.6924523486
30.07025232904956	152904.1114934528
30.09500591731089	151131.1320364159
30.11975950557223	149358.7536112425
30.14451309383356	147586.9758298782
30.16926668209489	145815.7982902178
30.19402027035623	144045.2205867888
30.21877385861756	142275.242331586
30.24352744687889	140505.863065925
30.26828103514023	138737.0824255821
30.29303462340156	136968.8999964565
30.31778821166289	135201.315378657
30.34254179992423	133434.3281709279
30.36729538818556	131667.937945991
30.39204897644689	129902.1443252694
30.41680256470823	128136.9468929994
30.44155615296956	126372.3452394205
30.46630974123089	124608.3390056795
30.49106332949223	122844.9277416419
30.51581691775356	121082.1110587514
30.54057050601489	119319.8885258793
30.56532409427623	117558.2598530439
30.59007768253756	115797.2245216798
30.61483127079889	114036.7821744389
30.63958485906023	112276.932417464
30.66433844732156	110517.6748391238
30.6890920355829	108759.0090500555
30.71384562384423	107000.9346592643
30.73859921210556	105243.4512454447
30.7633528003669	103486.5584298353
30.78810638862823	101730.2558198276
30.81285997688956	99974.54300043215
30.8376135651509	98219.41958354245
30.86236715341223	96464.88518668944
30.88712074167356	94710.93939763459
30.9118743299349	92957.58183149202
30.93662791819623	91204.8120843904
30.96138150645756	89452.62977529666
30.9861350947189	87701.03449256785
31.01088868298023	85950.02586332432
31.03564227124156	84199.60347841264
31.0603958595029	82449.76696084505
31.08514944776423	80700.51590066336
31.10990303602556	78951.84992189085
31.1346566242869	77203.76861444816
31.15941021254823	75456.27161432446
31.18416380080956	73709.35851144682
31.2089173890709	71963.02897155604
31.23367097733223	70217.28244141636
31.25842456559356	68472.11870027552
31.2831781538549	66727.53730249105
31.30793174211623	64983.53785899706
31.33268533037756	63240.11997989041
31.3574389186389	61497.28328067598
31.38219250690023	59755.02737023524
31.40694609516157	58013.35186159791
31.4316996834229	56272.25637133554
31.45645327168423	54531.74051109238
31.48120685994557	52791.80393769252
31.5059604482069	51052.44614178249
31.53071403646823	49313.66685054807
31.55546762472957	47575.46566580264
31.5802212129909	45837.8421785622
31.60497480125223	44100.79601136475
31.62972838951357	42364.32678146068
31.6544819777749	40628.43410197513
31.67923556603623	38893.11759271358
31.70398915429757	37158.37687756806
31.7287427425589	35424.21156697499
31.75349633082023	33690.62127934762
31.77824991908157	31957.60562569543
31.8030035073429	30225.16425150271
31.82775709560423	28493.29675733131
31.85251068386557	26762.00275937832
31.8772642721269	25031.28188224047
31.90201786038823	23301.1337481865
31.92677144864957	21571.55797750977
31.9515250369109	19842.55419144819
31.97627862517223	18114.12201166411
32.00103221343357	16386.26106020847
32.0257858016949	14658.97095951209
32.05053938995623	12932.2513323824
32.07529297821757	11206.10180200186
32.1000465664789	9480.521991926817
32.12480015474024	7755.511526086797
32.14955374300157	6031.070028783767
32.1743073312629	4307.197124691512
32.19906091952424	2583.892438855062
32.22381450778557	861.1555966901584
0
1000	1776.86	100000000000000.1
5	0	0	1
5	0	0	0
7.494979834713454	-39.66172768727187
7.519733422974787	-33.28487029978623
7.544487011236121	-34.04874844841369
7.569240599497454	-35.63223826450391
7.593994187758788	-37.18601219429652
7.618747776020121	-38.50477564748823
7.643501364281454	-39.54580951150065
7.668254952542788	-40.31868202616644
7.693008540804121	-40.85021368349668
7.717762129065455	-41.17147231773573
7.742515717326788	-41.31267465611647
7.767269305588122	-41.30127509183685
7.792022893849455	-41.16141600130059
7.816776482110789	-40.91396436965893
7.841530070372122	-40.57678678165965
7.866283658633455	-40.16510261273243
7.891037246894789	-39.6918427948574
7.915790835156122	-39.1679822760209
7.940544423417456	-38.60283432979875
7.965298011678789	-38.00430545495374
7.990051599940123	-37.37911270383526
8.014805188201457	-36.73296755586794
8.03955877646279	-36.07073078511899
8.064312364724124	-35.3965426053818
8.089065952985457	-34.71393195640408
8.113819541246791	-34.02590829477074
8.138573129508124	-33.33503875667723
8.163326717769458	-32.64351310441858
8.188080306030791	-31.95319846605458
8.212833894292125	-31.26568552670869
8.237587482553458	-30.58646911631899
8.262341070814792	-29.9077714779811
8.287094659076125	-29.23511179249767
8.311848247337458	-28.56939685065133
8.336601835598792	-27.91140097582925
8.361355423860125	-27.2617820773311
8.386109012121459	-26.62109568983225
8.410862600382792	-25.98980726522627
8.435616188644126	-25.36830294703072
8.460369776905459	-24.75689902634144
8.485123365166793	-24.15885073462197
8.509876953428126	-23.56790743986561
8.534630541689459	-22.98749838036666
8.559384129950793	-22.41779442724678
8.584137718212126	-21.85892768933779
8.60889130647346	-21.3109945774728
8.633644894734793	-20.77405873549207
8.658398482996127	-20.24815385035287
8.68315207125746	-19.73328633248788
8.707905659518794	-19.22943785726049
8.732659247780127	-18.736338277633
8.75741283604146	-18.25441907550407
8.782166424302794	-17.7833514895309
8.806920012564127	-17.32303614505761
8.831673600825461	-16.87335962314905
8.856427189086794	-16.43419625855044
8.881180777348128	-16.00540977291163
8.905934365609461	-15.58685475645615
8.930687953870795	-15.17837801039919
8.955441542132128	-14.77981976155639
8.980195130393462	-14.39101374988901
9.004948718654795	-14.01179160775006
9.029702306916128	-13.64198006955685
9.054455895177462	-13.28140312406898
9.079209483438795	-12.92988261225444
9.103963071700129	-12.58723886822002
9.128716659961462	-12.25329129504115
9.153470248222796	-11.92785888111625
9.178223836484129	-11.61076066219933
9.202977424745463	-11.3018161338307
9.227731013006796	-11.00087139681453
9.252484601268129	-10.70770037236185
9.277238189529463	-10.42214646155407
9.301991777790796	-10.14403299664447
9.32674536605213	-9.873180528412869
9.351498954313463	-9.609723427818961
9.376252542574797	-9.352659899152638
9.40100613083613	-9.102595892571259
9.425759719097464	-8.859134682850613
9.450513307358797	-8.622110510092851
9.47526689562013	-8.391339463700914
9.500020483881464	-8.166719749627983
9.524774072142797	-7.948067786107545
9.549527660404131	-7.735233321363049
9.574281248665464	-7.528069046649653
9.599034836926798	-7.326430621503298
9.623788425188131	-7.130176688602257
9.648542013449465	-6.939168879442557
9.673295601710798	-6.753271811906092
9.698049189972132	-6.572353080689611
9.722802778233465	-6.3962760548901
9.747556366494798	-6.22492961414879
9.772309954756132	-6.058182417875591
9.797063543017465	-5.895913622637207
9.821817131278799	-5.73800523184102
9.846570719540132	-5.584342062675351
9.871324307801466	-5.434811709524115
9.896077896062799	-5.289304504405524
9.920831484324133	-5.147713474920484
9.945585072585466	-5.009934300140049
9.970338660846799	-4.875860700493173
9.995092249108133	-4.745403289594754
10.01984583736947	-4.618460500232846
10.0445994256308	-4.494938061209911
10.06935301389213	-4.374744111386799
10.09410660215347	-4.257789152295405
10.1188601904148	-4.143986000018717
10.14361377867613	-4.033249736583876
10.16836736693747	-3.925497661081128
10.1931209551988	-3.820649240692906
10.21787454346013	-3.718695834062373
10.24262813172147	-3.619414940359904
10.2673817199828	-3.522802941734188
10.29213530824413	-3.428788124309839
10.31688889650547	-3.337300936776604
10.3416424847668	-3.24827394663616
10.36639607302813	-3.161641804475121
10.39114966128947	-3.077341217826874
10.4159032495508	-2.99531093682133
10.44065683781213	-2.915491754731701
10.46541042607347	-2.837275447511205
10.4901640143348	-2.761745283822113
10.51491760259614	-2.688311517846566
10.53967119085747	-2.616923212214873
10.5644247791188	-2.54752987754967
10.58917836738014	-2.480081481488309
10.61393195564147	-2.414528464259971
10.6386855439028	-2.350821760034062
10.66343913216414	-2.288912823206346
10.68819272042547	-2.228753658757173
10.7129463086868	-2.169856473532165
10.73769989694814	-2.113128880451582
10.76245348520947	-2.058032291477213
10.7872070734708	-2.004511640369404
10.81196066173214	-1.952513536313475
10.83671424999347	-1.901986415687706
10.8614678382548	-1.852880621078402
10.88622142651614	-1.805148427566968
10.91097501477747	-1.758744031420901
10.9357286030388	-1.713623512554465
10.96048219130014	-1.669765516964815
10.98523577956147	-1.627084253400503
11.0099893678228	-1.585564938952438
11.03474295608414	-1.545171132169169
11.05949654434547	-1.50586796261076
11.0842501326068	-1.467622240036079
11.10900372086814	-1.430403288695536
11.13375730912947	-1.394193424661551
11.1585108973908	-1.358852952138344
11.18326448565214	-1.324549367615112
11.20801807391347	-1.291135525154872
11.23277166217481	-1.258589360128471
11.25752525043614	-1.226897760147296
11.28227883869747	-1.196035925425881
11.30703242695881	-1.165979935413337
11.33178601522014	-1.13670670744304
11.35653960348147	-1.108193957902863
11.38129319174281	-1.080420165731927
11.40604678000414	-1.05336453807433
11.43080036826547	-1.027006977937959
11.45555395652681	-1.001327649531223
11.48030754478814	-0.9763086278417465
11.50506113304947	-0.95193128459939
11.52981472131081	-0.9281780101569123
11.55456830957214	-0.905031754926939
11.57932189783347	-0.8824760067010597
11.60407548609481	-0.8604947691442145
11.62882907435614	-0.8390725413963049
11.65358266261747	-0.8181942987163248
11.67833625087881	-0.7978454741076655
11.70308983914014	-0.7780113169557871
11.72784342740147	-0.7586789247568789
11.75259701566281	-0.7398373130555932
11.77735060392414	-0.7214681838821964
11.80210419218547	-0.7035626988363304
11.82685778044681	-0.6861080116737566
11.85161136870814	-0.6690922536698787
11.87636495696947	-0.6525039398676661
11.90111854523081	-0.6363319231381849
11.92587213349214	-0.6205653765665571
11.95062572175348	-0.6051936066349703
11.97537931001481	-0.5902067661419467
12.00013289827614	-0.5755947282209707
12.02488648653748	-0.561347829816252
12.04964007479881	-0.5474566760406858
12.07439366306014	-0.5339121316197539
12.09914725132148	-0.5207053126552582
12.12390083958281	-0.5078275786993117
12.14865442784414	-0.495270525128337
12.17340801610548	-0.4830259758064442
12.19816160436681	-0.4710855842212254
12.22291519262814	-0.4594424619989299
12.24766878088948	-0.4480886344868785
12.27242236915081	-0.4370167635145143
12.29717595741214	-0.426219707805827
12.32192954567348	-0.4156905170629808
12.34668313393481	-0.4054224262372061
12.37143672219614	-0.3954088499910139
12.39619031045748	-0.3856433773514853
12.42094389871881	-0.376119766551584
12.44569748698014	-0.3668320327554923
12.47045107524148	-0.3577740620198823
12.49520466350281	-0.3489401875541982
12.51995825176414	-0.3403247973643533
12.54471184002548	-0.3319224255489114
12.56946542828681	-0.3237277481419818
12.59421901654814	-0.3157355791222368
12.61897260480948	-0.3079408665905373
12.64372619307081	-0.3003386891279268
12.66847978133215	-0.2929242523640404
12.69323336959348	-0.2856932773996076
12.71798695785481	-0.2786404401572207
12.74274054611615	-0.2717616573705622
12.76749413437748	-0.2650526033746161
12.79224772263881	-0.258509062741232
12.81700131090015	-0.2521269272706864
12.84175489916148	-0.2459021930787044
12.86650848742281	-0.2398309577747124
12.89126207568415	-0.2339094177273563
12.91601566394548	-0.2281338654135474
12.94076925220681	-0.2225007407983469
12.96552284046815	-0.2170064075345944
12.99027642872948	-0.2116474865034355
13.01503001699081	-0.2064206302477468
13.03978360525215	-0.201322575468284
13.06453719351348	-0.1963501408003215
13.08929078177481	-0.1915002246562519
13.11404437003615	-0.1867698031316358
13.13879795829748	-0.1821559279723328
13.16355154655881	-0.1776557246004734
13.18830513482015	-0.173266413491831
13.21305872308148	-0.1689852124038338
13.23781231134281	-0.1648094808299753
13.26256589960415	-0.1607366206003891
13.28731948786548	-0.1567640982155392
13.31207307612681	-0.1528894431751883
13.33682666438815	-0.1491102463548467
13.36158025264948	-0.1454241584280486
13.38633384091082	-0.1418288883328859
13.41108742917215	-0.1383222017812979
13.43584101743348	-0.1349019390949948
13.46059460569482	-0.1315659342615675
13.48534819395615	-0.1283121351063083
13.51010178221748	-0.1251385206448369
13.53485537047882	-0.1220431198404391
13.55960895874015	-0.1190240103326932
13.58436254700148	-0.1160793172015357
13.60911613526282	-0.1132072117655427
13.63386972352415	-0.110405910413258
13.65862331178548	-0.1076736734664629
13.68337690004682	-0.1050088365963149
13.70813048830815	-0.1024096751992006
13.73288407656948	-0.0998746097873713
13.75763766483082	-0.09740206623730678
13.78239125309215	-0.09499050913890933
13.80714484135348	-0.09263844081390141
13.83189842961482	-0.09034440036307945
13.85665201787615	-0.08810696274107124
13.88140560613748	-0.08592473785737101
13.90615919439882	-0.08379636970253204
13.93091278266015	-0.08172054464078692
13.95566637092148	-0.07969595260028335
13.98041995918282	-0.0777213448607938
14.00517354744415	-0.07579549365297036
14.02992713570548	-0.07391720125495968
14.05468072396682	-0.07208529924729541
14.07943431222815	-0.07029864778834005
14.10418790048949	-0.06855613490936383
14.12894148875082	-0.06685667582844718
14.15369507701215	-0.06519921228247441
14.17844866527349	-0.06358270887864813
14.20320225353482	-0.06200616484919964
14.22795584179615	-0.0604685944538214
14.25270943005749	-0.05896903911239507
14.27746301831882	-0.0575065636702275
14.30221660658015	-0.05608025582766894
14.32697019484149	-0.05468922558379777
14.35172378310282	-0.05333260469380292
14.37647737136415	-0.05200954613970696
14.40123095962549	-0.05071922361408581
14.42598454788682	-0.04946082953802765
14.45073813614815	-0.04823358064551107
14.47549172440949	-0.04703670825338382
14.50024531267082	-0.04586946396100957
14.52499890093215	-0.04473111768402756
14.54975248919349	-0.04362095709676199
14.57450607745482	-0.04253828759814345
14.59925966571615	-0.0414824312572505
14.62401325397749	-0.04045272690836915
14.64876684223882	-0.03944852955147266
14.67352043050015	-0.0384692086168379
14.69827401876149	-0.03751415322265486
14.72302760702282	-0.03658276318544506
14.74778119528415	-0.03567445440963204
14.77253478354549	-0.03478865710940302
14.79728837180682	-0.03392481526966101
14.82204196006816	-0.03308238750999134
14.84679554832949	-0.03226084400377045
14.87154913659082	-0.03145966924488456
14.89630272485216	-0.03067835997667579
14.92105631311349	-0.02991642386100948
14.94580990137482	-0.02917338516277758
14.97056348963616	-0.02844877526092553
14.99531707789749	-0.02774213853692867
15.02007066615882	-0.02705303056654916
15.04482425442016	-0.02638101784816908
15.06957784268149	-0.02572567753752906
15.09433143094282	-0.02508659718873581
15.11908501920416	-0.02446337450140289
15.14383860746549	-0.0238556170737909
15.16859219572682	-0.02326294050828104
15.19334578398816	-0.02268497503364435
15.21809937224949	-0.0221213547211018
15.24285296051082	-0.02157172437863039
15.26760654877216	-0.02103573756460511
15.29236013703349	-0.02051305637496233
15.31711372529482	-0.02000335123538647
15.34186731355616	-0.01950630069864426
15.36662090181749	-0.01902159124785628
15.39137449007882	-0.01854891711155642
15.41612807834016	-0.01808799134646898
15.44088166660149	-0.01763850792699562
15.46563525486282	-0.01720031616686091
15.49038884312416	-0.01677270630902583
15.51514243138549	-0.0163558890946685
15.53989601964683	-0.01594941808425139
15.56464960790816	-0.0155530414773003
15.58940319616949	-0.01516650981716367
15.61415678443083	-0.01478957922752843
15.63891037269216	-0.01442201170103929
15.66366396095349	-0.01406357297056362
15.68841754921483	-0.01371404114959666
15.71317113747616	-0.01337319292526099
15.73792472573749	-0.01304081284810885
15.76267831399883	-0.01271669079832305
15.78743190226016	-0.01240062185447582
15.81218549052149	-0.01209240616548463
15.83693907878283	-0.01179184882568695
15.86169266704416	-0.01149875975295698
15.88644625530549	-0.01121295356978941
15.91119984356683	-0.01093424998302632
15.93595343182816	-0.0106624716469011
15.96070702008949	-0.01039744710627349
15.98546060835083	-0.01013900867297676
16.01021419661216	-0.009886992813133235
16.03496778487349	-0.009641240044785875
16.05972137313483	-0.009401594838267505
16.08447496139616	-0.009167905520060065
16.10922854965749	-0.008940024187648967
16.13398213791883	-0.008717804990507356
16.15873572618016	-0.008501112054410955
16.18348931444149	-0.008289803294552959
16.20824290270283	-0.008083746639934686
16.23299649096416	-0.007882811371247299
16.2577500792255	-0.007686870627999109
16.28250366748683	-0.007495800138604776
16.30725725574816	-0.007309478926000154
16.3320108440095	-0.007127788996928007
16.35676443227083	-0.006950615283671945
16.38151802053216	-0.0067778455731354
16.4062716087935	-0.006609370485549011
16.43102519705483	-0.006445083202112839
16.45577878531616	-0.006284879709141516
16.4805323735775	-0.006128658522891751
16.50528596183883	-0.00597632074149353
16.53003955010016	-0.005827769710238472
16.5547931383615	-0.005682911447511279
16.57954672662283	-0.005541654145776342
16.60430031488416	-0.005403908309309821
16.6290539031455	-0.005269586665573992
16.65380749140683	-0.005138604129102138
16.67856107966816	-0.005010877668543103
16.7033146679295	-0.004886326370026101
16.72806825619083	-0.004764871313909166
16.75282184445216	-0.004646435540400795
16.7775754327135	-0.004530944001213671
16.80232902097483	-0.004418323512236994
16.82708260923616	-0.004308502707332574
16.8518361974975	-0.004201411993257671
16.87658978575883	-0.00409698350569619
16.90134337402016	-0.003995151075000222
16.9260969622815	-0.003895850148933667
16.95085055054283	-0.003799017805745368
16.97560413880417	-0.003704592678564119
17.0003577270655	-0.003612514925389007
17.02511131532683	-0.003522726191245492
17.04986490358817	-0.003435169571278168
17.0746184918495	-0.003349789574757032
17.09937208011083	-0.003266532089974878
17.12412566837217	-0.003185344350013783
17.1488792566335	-0.003106174908437833
17.17363284489483	-0.003028973568516749
17.19838643315617	-0.002953691411568604
17.2231400214175	-0.002880280724154072
17.24789360967883	-0.002808694978794611
17.27264719794017	-0.002738888804507455
17.2974007862015	-0.00267081795807829
17.32215437446283	-0.002604439296048822
17.34690796272417	-0.002539710747399978
17.3716615509855	-0.002476591286912909
17.39641513924683	-0.002415040910173769
17.42116872750817	-0.002355020604168816
17.4459223157695	-0.002296492328834739
17.47067590403083	-0.002239418988751488
17.49542949229217	-0.002183764410693893
17.5201830805535	-0.002129493320719183
17.54493666881483	-0.002076571321822923
17.56969025707617	-0.002024964872149303
17.5944438453375	-0.001974641263742063
17.61919743359883	-0.001925568601822689
17.64395102186017	-0.001877715784297145
17.6687046101215	-0.001831052483226083
17.69345819838284	-0.001785549123813932
17.71821178664417	-0.001741176866866448
17.7429653749055	-0.001697907590221036
17.76771896316684	-0.001655713870925697
17.79247255142817	-0.001614568967860426
17.8172261396895	-0.001574446804790047
17.84197972795084	-0.001535321953837835
17.86673331621217	-0.001497169619369499
17.8914869044735	-0.001459965622828183
17.91624049273484	-0.001423686385180913
17.94099408099617	-0.001388308915303667
17.9657476692575	-0.001353810793221911
17.99050125751884	-0.001320170156426878
18.01525484578017	-0.001287365686010258
18.0400084340415	-0.001255376593131428
18.06476202230284	-0.001224182605772828
18.08951561056417	-0.001193763955516146
18.1142691988255	-0.001164101356835454
18.13902278708684	-0.001135176049880819
18.16377637534817	-0.001106969662931399
18.1885299636095	-0.001079464337387253
18.21328355187084	-0.001052642643915808
18.23803714013217	-0.00102648758657856
18.2627907283935	-0.001000982592054816
18.28754431665484	-0.0009761114991332469
18.31229790491617	-0.0009518585484646153
18.3370514931775	-0.0009282083725691869
18.36180508143884	-0.0009051459860925046
18.38655866970017	-0.0008826567754684068
18.41131225796151	-0.0008607264927539734
18.43606584622284	-0.0008393412422998083
18.46081943448417	-0.0008184874745878283
18.48557302274551	-0.0007981519771036599
18.51032661100684	-0.0007783218649945534
18.53508019926817	-0.0007589845759669046
18.55983378752951	-0.0007401278578255376
18.58458737579084	-0.0007217397640620791
18.60934096405217	-0.000703808645093662
18.63409455231351	-0.0006863231421057344
18.65884814057484	-0.0006692721751865733
18.68360172883617	-0.0006526449436659043
18.70835531709751	-0.0006364309141320842
18.73310890535884	-0.0006206198150880987
18.75786249362017	-0.0006052016304379575
18.78261608188151	-0.0005901665931350575
18.80736967014284	-0.0005755051789884914
18.83212325840417	-0.0005612081006233769
18.85687684666551	-0.0005472663015913816
18.88163043492684	-0.0005336709510887832
18.90638402318817	-0.0005204134364802889
18.93113761144951	-0.0005074853606620164
18.95589119971084	-0.0004948785348707024
18.98064478797217	-0.0004825849739434644
19.00539837623351	-0.000470596891245549
19.03015196449484	-0.0004589066936978976
19.05490555275617	-0.0004475069767126539
19.07965914101751	-0.0004363905674724076
19.10441272927884	-0.0004255502891488324
19.12916631754018	-0.0004149794075436679
19.15391990580151	-0.0004046711872445773
19.17867349406284	-0.0003946190984399218
19.20342708232418	-0.0003848167750414538
19.22818067058551	-0.0003752580092404773
19.25293425884684	-0.0003659367475749677
19.27768784710818	-0.0003568470871012803
19.30244143536951	-0.0003479832716906132
19.32719502363084	-0.0003393396886398413
19.35194861189218	-0.000330910888601518
19.37670220015351	-0.0003226914568437973
19.40145578841484	-0.0003146762679622807
19.42620937667618	-0.0003068602196864376
19.45096296493751	-0.0002992383627982321
19.47571655319884	-0.0002918058710796544
19.50047014146018	-0.0002845580379066459
19.52522372972151	-0.0002774902778929444
19.54997731798284	-0.0002705981090229507
19.57473090624418	-0.0002638771719777102
19.59948449450551	-0.000257323210622347
19.62423808276684	-0.0002509320928275059
19.64899167102818	-0.0002446997206512113
19.67374525928951	-0.0002386221980217238
19.69849884755084	-0.0002326956618417154
19.72325243581218	-0.0002269163596922282
19.74800602407351	-0.0002212806326817343
19.77275961233484	-0.0002157849129162809
19.79751320059618	-0.0002104257212055545
19.82226678885751	-0.0002051996648491539
19.84702037711885	-0.0002001034354832212
19.87177396538018	-0.0001951338069484384
19.89652755364151	-0.0001902876333968091
19.92128114190285	-0.0001855618470373607
19.94603473016418	-0.0001809534563914396
19.97078831842551	-0.0001764595443382431
19.99554190668685	-0.0001720772662659277
20.02029549494818	-0.0001678038482686997
20.04504908320951	-0.0001636365853887462
20.06980267147085	-0.0001595728399018946
20.09455625973218	-0.0001556100396459121
20.11930984799351	-0.0001517456763851912
20.14406343625485	-0.0001479773042430083
20.16881702451618	-0.000144302538117257
20.19357061277751	-0.0001407190521925948
20.21832420103885	-0.0001372245784605367
20.24307778930018	-0.0001338169052822113
20.26783137756151	-0.0001304938759868645
20.29258496582285	-0.0001272533875052194
20.31733855408418	-0.0001240933890368255
20.34209214234551	-0.0001210118807505517
20.36684573060685	-0.0001180069124494678
20.39159931886818	-0.0001150765826016939
20.41635290712951	-0.0001122190367502172
20.44110649539085	-0.000109432466584715
20.46586008365218	-0.0001067151087393956
20.49061367191351	-0.0001040652436823281
20.51536726017485	-0.000101481194654558
20.54012084843618	-9.896132685188283e-05
20.56487443669752	-9.650403946644396e-05
20.58962802495885	-9.410779223973893e-05
20.61438161322018	-9.177105836579463e-05
20.63913520148152	-8.949229416438343e-05
20.66388878974285	-8.727025362403018e-05
20.68864237800418	-8.510333865911323e-05
20.71339596626552	-8.299024117434477e-05
20.73814955452685	-8.09296243903625e-05
20.76290314278818	-7.89201845927277e-05
20.78765673104952	-7.696065043813725e-05
20.81241031931085	-7.504978216816447e-05
20.83716390757218	-7.318637082874259e-05
20.86191749583352	-7.136923745371241e-05
20.88667108409485	-6.959723253855176e-05
20.91142467235618	-6.78692349678468e-05
20.93617826061752	-6.618415154341691e-05
20.96093184887885	-6.454091623122621e-05
20.98568543714018	-6.293848948618734e-05
21.01043902540152	-6.137585759375422e-05
21.03519261366285	-5.985203202788566e-05
21.05994620192418	-5.836604882497309e-05
21.08469979018552	-5.691696797333496e-05
21.10945337844685	-5.550387279138719e-05
21.13420696670818	-5.412586945434651e-05
21.15896055496952	-5.278208626794362e-05
21.18371414323085	-5.14716732213666e-05
21.20846773149218	-5.01938014235271e-05
21.23322131975352	-4.89476625782077e-05
21.25797490801485	-4.773246847230982e-05
21.28272849627619	-4.654745047694494e-05
21.30748208453752	-4.539185906125204e-05
21.33223567279885	-4.426496331933634e-05
21.35698926106019	-4.316605026654294e-05
21.38174284932152	-4.209442527224445e-05
21.40649643758285	-4.104941037832371e-05
21.43125002584419	-4.003034464931989e-05
21.45600361410552	-3.903658357032795e-05
21.48075720236685	-3.806749863892422e-05
21.50551079062819	-3.712247696723565e-05
21.53026437888952	-3.620092089390027e-05
21.55501796715085	-3.530224760567368e-05
21.57977155541219	-3.442588876844157e-05
21.60452514367352	-3.357129016781109e-05
21.62927873193485	-3.273791135661623e-05
21.65403232019619	-3.192522531515665e-05
21.67878590845752	-3.113271811600966e-05
21.70353949671885	-3.035988859905206e-05
21.72829308498019	-2.960624805419813e-05
21.75304667324152	-2.887131991202414e-05
21.77780026150285	-2.815463944208383e-05
21.80255384976419	-2.745575345872408e-05
21.82730743802552	-2.677422003421529e-05
21.85206102628685	-2.610960822792839e-05
21.87681461454819	-2.54614977783687e-05
21.90156820280952	-2.482947888850551e-05
21.92632179107085	-2.421315193338779e-05
21.95107537933219	-2.361212721508371e-05
21.97582896759352	-2.302602471601704e-05
22.00058255585486	-2.245447385843425e-05
22.02533614411619	-2.189711326985021e-05
22.05008973237752	-2.135359055432351e-05
22.07484332063886	-2.082356206941675e-05
22.09959690890019	-2.030669270499773e-05
22.12435049716152	-1.980265568622129e-05
22.14910408542286	-1.931113234403387e-05
22.17385767368419	-1.883181192843635e-05
22.19861126194552	-1.83643914081737e-05
22.22336485020686	-1.79085752789558e-05
22.24811843846819	-1.746407537644387e-05
22.27287202672952	-1.703061069388353e-05
22.29762561499086	-1.660790720426768e-05
22.32237920325219	-1.619569768691443e-05
22.34713279151352	-1.579372155699835e-05
22.37188637977486	-1.540172470585542e-05
22.39663996803619	-1.501945933241355e-05
22.42139355629752	-1.464668379099121e-05
22.44614714455886	-1.42831624358544e-05
22.47090073282019	-1.392866546238721e-05
22.49565432108152	-1.358297049348101e-05
22.52040790934286	-1.324585411549244e-05
22.54516149760419	-1.291710797329738e-05
22.56991508586552	-1.259652276057515e-05
22.59466867412686	-1.228389580301653e-05
22.61942226238819	-1.19790295513575e-05
22.64417585064952	-1.168173127501962e-05
22.66892943891086	-1.139181306340349e-05
22.69368302717219	-1.110909167281793e-05
22.71843661543353	-1.083338841054355e-05
22.74319020369486	-1.056452902177712e-05
22.76794379195619	-1.030234357938534e-05
22.79269738021753	-1.004666637639813e-05
22.81745096847886	-9.797335821173163e-06
22.84220455674019	-9.554194346696744e-06
22.86695814500153	-9.317088261754793e-06
22.89171173326286	-9.085867732181316e-06
22.91646532152419	-8.860386630460765e-06
22.94121890978553	-8.640502458032572e-06
22.96597249804686	-8.426076255142824e-06
22.99072608630819	-8.216972512937855e-06
23.01547967456953	-8.013059087742883e-06
23.04023326283086	-7.814207117470971e-06
23.06498685109219	-7.62029094010907e-06
23.08974043935353	-7.431188015595557e-06
23.11449402761486	-7.24677884264116e-06
23.13924761587619	-7.066946891865774e-06
23.16400120413753	-6.891578526195079e-06
23.18875479239886	-6.720562930450861e-06
23.21350838066019	-6.553792041259085e-06
23.23826196892153	-6.391160478699397e-06
23.26301555718286	-6.232565479652848e-06
23.28776914544419	-6.077906832805639e-06
23.31252273370553	-5.927086815267712e-06
23.33727632196686	-5.780010120818093e-06
23.36202991022819	-5.636583841239705e-06
23.38678349848953	-5.496717342739633e-06
23.41153708675086	-5.360322253102561e-06
23.4362906750122	-5.227312394497488e-06
23.46104426327353	-5.097603728969291e-06
23.48579785153486	-4.971114305287335e-06
23.5105514397962	-4.847764207115977e-06
23.53530502805753	-4.727475502473515e-06
23.56005861631886	-4.610172194447204e-06
23.5848122045802	-4.495780172378067e-06
23.60956579284153	-4.384227168128191e-06
23.63431938110286	-4.275442705549288e-06
23.6590729693642	-4.169358059180252e-06
23.68382655762553	-4.065906209975223e-06
23.70858014588686	-3.965021802924052e-06
23.7333337341482	-3.866641105725536e-06
23.75808732240953	-3.770701968487269e-06
23.78284091067086	-3.677143784426592e-06
23.8075944989322	-3.585907451547809e-06
23.83234808719353	-3.496935335082998e-06
23.85710167545486	-3.410171231822338e-06
23.8818552637162	-3.325560333403236e-06
23.90660885197753	-3.243049192435703e-06
23.93136244023886	-3.162585688517331e-06
23.9561160285002	-3.084118995279112e-06
23.98086961676153	-3.007599548249852e-06
24.00562320502286	-2.932979013518807e-06
24.0303767932842	-2.860210257176738e-06
24.05513038154553	-2.789247315516025e-06
24.07988396980686	-2.720045365036291e-06
24.1046375580682	-2.652560697866211e-06
24.12939114632953	-2.586750688551336e-06
24.15414473459087	-2.522573770738404e-06
24.1788983228522	-2.459989410021236e-06
24.20365191111353	-2.398958078317408e-06
24.22840549937487	-2.3394412288834e-06
24.2531590876362	-2.281401271955072e-06
24.27791267589753	-2.22480155100537e-06
24.30266626415887	-2.16960631962905e-06
24.3274198524202	-2.115780708016474e-06
24.35217344068153	-2.063290741119494e-06
24.37692702894287	-2.01210326079665e-06
24.4016806172042	-1.962185940141438e-06
24.42643420546553	-1.913507254758429e-06
24.45118779372687	-1.866036462836763e-06
24.4759413819882	-1.819743585718493e-06
24.50069497024953	-1.774599388949482e-06
24.52544855851087	-1.730575363800893e-06
24.5502021467722	-1.68764370924957e-06
24.57495573503353	-1.645777315500009e-06
24.59970932329487	-1.604949742505321e-06
24.6244629115562	-1.565135209629964e-06
24.64921649981753	-1.526308575216715e-06
24.67397008807887	-1.488445321640991e-06
24.6987236763402	-1.451521539580578e-06
24.72347726460153	-1.415513909823361e-06
24.74823085286287	-1.380399721974057e-06
24.7729844411242	-1.346156760303954e-06
24.79773802938553	-1.312763428841618e-06
24.82249161764687	-1.280198637015679e-06
24.8472452059082	-1.248441826669129e-06
24.87199879416954	-1.21747294390447e-06
24.89675238243087	-1.187272435042861e-06
24.9215059706922	-1.157821231768158e-06
24.94625955895354	-1.129100739076465e-06
24.97101314721487	-1.101092823524949e-06
24.9957667354762	-1.073779801772461e-06
25.02052032373754	-1.047144429404747e-06
25.04527391199887	-1.021169890037153e-06
25.0700275002602	-9.958397847962948e-07
25.09478108852154	-9.711381215101239e-07
25.11953467678287	-9.470493052863676e-07
25.1442882650442	-9.235581282000495e-07
25.16904185330554	-9.006497597967217e-07
25.19379544156687	-8.783097377212425e-07
25.2185490298282	-8.56523958579267e-07
25.24330261808954	-8.35278669025672e-07
25.26805620635087	-8.145604570742724e-07
25.2928097946122	-7.943562436233384e-07
25.31756338287354	-7.746532738221755e-07
25.34231697113487	-7.55439110473131e-07
25.3670705593962	-7.367016240358913e-07
25.39182414765754	-7.184289863495e-07
25.41657773591887	-7.006096628506937e-07
25.4413313241802	-6.832324054452272e-07
25.46608491244154	-6.662864514883915e-07
25.49083850070287	-6.497604806630521e-07
25.5155920889642	-6.336446878225542e-07
25.54034567722554	-6.179286903661433e-07
25.56509926548687	-6.026025689138694e-07
25.58985285374821	-5.876566485906676e-07
25.61460644200954	-5.730814962248403e-07
25.63936003027087	-5.588679121512038e-07
25.66411361853221	-5.450069250198023e-07
25.68886720679354	-5.314897861283829e-07
25.71362079505487	-5.183079638955886e-07
25.73837438331621	-5.054531384713749e-07
25.76312797157754	-4.92917196481242e-07
25.78788155983887	-4.806922259009605e-07
25.81263514810021	-4.687705097299901e-07
25.83738873636154	-4.571445270373189e-07
25.86214232462287	-4.458069381240886e-07
25.88689591288421	-4.347505878033713e-07
25.91164950114554	-4.239684983196639e-07
25.93640308940687	-4.134538650478357e-07
25.96115667766821	-4.032000522166504e-07
25.98591026592954	-3.932005887237318e-07
26.01066385419087	-3.834491640505315e-07
26.03541744245221	-3.739396242774126e-07
26.06017103071354	-3.646659681203889e-07
26.08492461897487	-3.556223434616679e-07
26.10967820723621	-3.468030431547251e-07
26.13443179549754	-3.38202501760475e-07
26.15918538375887	-3.29815291946361e-07
26.18393897202021	-3.216361210584919e-07
26.20869256028154	-3.136598277788793e-07
26.23344614854287	-3.058813788656612e-07
26.25819973680421	-2.982958659742532e-07
26.28295332506554	-2.908985025574149e-07
26.30770691332688	-2.836846208398803e-07
26.33246050158821	-2.76649668880272e-07
26.35721408984954	-2.697892076813635e-07
26.38196767811088	-2.630989083966871e-07
26.40672126637221	-2.565745495942894e-07
26.43147485463354	-2.502120145908098e-07
26.45622844289488	-2.44007288851738e-07
26.48098203115621	-2.379564574562102e-07
26.50573561941754	-2.32055702624738e-07
26.53048920767888	-2.263013013083107e-07
26.55524279594021	-2.20689622831493e-07
26.57999638420154	-2.152171266237476e-07
26.60474997246288	-2.098803599471957e-07
26.62950356072421	-2.046759557405716e-07
26.65425714898554	-1.996006304871227e-07
26.67901073724688	-1.946511821412355e-07
26.70376432550821	-1.898244881065286e-07
26.72851791376954	-1.851175032641351e-07
26.75327150203088	-1.805272580499292e-07
26.77802509029221	-1.760508565794802e-07
26.80277867855354	-1.716854747578938e-07
26.82753226681488	-1.674283587438634e-07
26.85228585507621	-1.632768228453943e-07
26.87703944333754	-1.592282480615161e-07
26.90179303159888	-1.55280080371739e-07
26.92654661986021	-1.514298291240326e-07
26.95130020812154	-1.47675065463542e-07
26.97605379638288	-1.440134208024851e-07
27.00080738464421	-1.404425853363295e-07
27.02556097290555	-1.369603066442525e-07
27.05031456116688	-1.33564386886494e-07
27.07506814942821	-1.302526856999476e-07
27.09982173768955	-1.27023113361489e-07
27.12457532595088	-1.238736327044482e-07
27.14932891421221	-1.208022571033573e-07
27.17408250247355	-1.178070492197877e-07
27.19883609073488	-1.14886119779315e-07
27.22358967899621	-1.120376263788401e-07
27.24834326725755	-1.092597723235108e-07
27.27309685551888	-1.065508054925106e-07
27.29785044378021	-1.039090171689889e-07
27.32260403204155	-1.013327412313054e-07
27.34735762030288	-9.882035267666037e-08
27.37211120856421	-9.637026688992301e-08
27.39686479682555	-9.398093856770448e-08
27.42161838508688	-9.165086074283954e-08
27.44637197334821	-8.937856383310397e-08
27.47112556160955	-8.71626147135549e-08
27.49587914987088	-8.500161581190165e-08
27.52063273813221	-8.289420422633211e-08
27.54538632639355	-8.083905084322991e-08
27.57013991465488	-7.883485958610325e-08
27.59489350291621	-7.68803664675725e-08
27.61964709117755	-7.497433887659858e-08
27.64440067943888	-7.311557478109594e-08
27.66915426770021	-7.130290197714063e-08
27.69390785596155	-6.953527950123617e-08
27.71866144422288	-6.781128586372497e-08
27.74341503248422	-6.613014079105676e-08
27.76816862074555	-6.449068177754427e-08
27.79292220900688	-6.289187500239274e-08
27.81767579726822	-6.13327121932607e-08
27.84242938552955	-5.981221018109318e-08
27.86718297379088	-5.832941015097879e-08
27.89193656205222	-5.688337707205983e-08
27.91669015031355	-5.547319910743399e-08
27.94144373857488	-5.409798703870207e-08
27.96619732683622	-5.275687370479884e-08
27.99095091509755	-5.144901345475484e-08
28.01570450335888	-5.017358161404939e-08
28.04045809162022	-4.89297740056681e-08
28.06521167988155	-4.77168062795188e-08
28.08996526814288	-4.653391365518348e-08
28.11471885640422	-4.538035028667195e-08
28.13947244466555	-4.425538882825449e-08
28.16422603292688	-4.315831997547994e-08
28.18897962118822	-4.208845201758312e-08
28.21373320944955	-4.104511040099933e-08
28.23848679771088	-4.002763730370978e-08
28.26324038597222	-3.903539122014942e-08
28.28799397423355	-3.806774656086207e-08
28.31274756249488	-3.71240932393905e-08
28.33750115075622	-3.620383631542764e-08
28.36225473901755	-3.530639560058325e-08
28.38700832727888	-3.443120529694983e-08
28.41176191554022	-3.35777136400992e-08
28.43651550380155	-3.274538255093762e-08
28.46126909206289	-3.193368729620007e-08
28.48602268032422	-3.114211615736875e-08
28.51077626858555	-3.037017010780697e-08
28.53552985684689	-2.961736248993513e-08
28.56028344510822	-2.888321874040095e-08
28.58503703336955	-2.816727604257145e-08
28.60979062163089	-2.746908306603499e-08
28.63454420989222	-2.678819967422734e-08
28.65929779815355	-2.612419664677961e-08
28.68405138641489	-2.547665540879095e-08
28.70880497467622	-2.484516776691334e-08
28.73355856293755	-2.422933565228391e-08
28.75831215119889	-2.36287708710759e-08
28.78306573946022	-2.304309477532162e-08
28.80781932772155	-2.247193830852157e-08
28.83257291598289	-2.191494139304349e-08
28.85732650424422	-2.137175293280923e-08
28.88208009250555	-2.084203053910687e-08
28.90683368076689	-2.032544031460062e-08
28.93158726902822	-1.982165664269927e-08
28.95634085728955	-1.933036198215064e-08
28.98109444555089	-1.885124666673215e-08
29.00584803381222	-1.838400870991111e-08
29.03060162207355	-1.792835360422229e-08
29.05535521033489	-1.748399417768861e-08
29.08010879859622	-1.705065034735604e-08
29.10486238685755	-1.662804898700812e-08
29.12961597511889	-1.621592374377073e-08
29.15436956338022	-1.581401487010314e-08
29.17912315164156	-1.542206905995774e-08
29.20387673990289	-1.503983928900487e-08
29.22863032816422	-1.466708465882152e-08
29.25338391642556	-1.430357024494584e-08
29.27813750468689	-1.394906694842438e-08
29.30289109294822	-1.360335135245732e-08
29.32764468120956	-1.326620557972781e-08
29.35239826947089	-1.293741715616247e-08
29.37715185773222	-1.261677887662951e-08
29.40190544599356	-1.230408867425357e-08
29.42665903425489	-1.199914949297249e-08
29.45141262251622	-1.170176916325573e-08
29.47616621077756	-1.141176028090597e-08
29.50091979903889	-1.112894008886724e-08
29.52567338730022	-1.085313036186432e-08
29.55042697556156	-1.058415729441445e-08
29.57518056382289	-1.032185139059214e-08
29.59993415208422	-1.006604735754824e-08
29.62468774034556	-9.816584001167783e-09
29.64944132860689	-9.573304124414572e-09
29.67419491686822	-9.33605442819745e-09
29.69894850512956	-9.104685414695714e-09
29.72370209339089	-8.879051293082688e-09
29.74845568165222	-8.659009887587918e-09
29.77320926991356	-8.444422548775504e-09
29.79796285817489	-8.235154062272734e-09
29.82271644643622	-8.031072569333946e-09
29.84747003469756	-7.832049479816879e-09
29.87222362295889	-7.637959392047147e-09
29.89697721122023	-7.448680013742766e-09
29.92173079948156	-7.264092084900169e-09
29.94648438774289	-7.084079302593112e-09
29.97123797600423	-6.908528247636964e-09
29.99599156426556	-6.73732831307209e-09
30.02074515252689	-6.570371634234842e-09
30.04549874078823	-6.407553021511934e-09
30.07025232904956	-6.248769892845769e-09
30.09500591731089	-6.093922209833873e-09
30.11975950557223	-5.942912414460863e-09
30.14451309383356	-5.795645367586992e-09
30.16926668209489	-5.652028288962414e-09
30.19402027035623	-5.511970698729339e-09
30.21877385861756	-5.375384360375163e-09
30.24352744687889	-5.242183225100531e-09
30.26828103514023	-5.112283378121548e-09
30.29303462340156	-4.985602983466538e-09
30.31778821166289	-4.862062235914369e-09
30.34254179992423	-4.741583308298023e-09
30.36729538818556	-4.624090303030104e-09
30.39204897644689	-4.509509204253293e-09
30.41680256470823	-4.397767831177599e-09
30.44155615296956	-4.288795792575001e-09
30.46630974123089	-4.182524442402741e-09
30.49106332949223	-4.078886836527261e-09
30.51581691775356	-3.977817690492336e-09
30.54057050601489	-3.879253338482921e-09
30.56532409427623	-3.783131693007571e-09
30.59007768253756	-3.689392205880133e-09
30.61483127079889	-3.597975830020791e-09
30.63958485906023	-3.508824982233653e-09
30.66433844732156	-3.421883506907513e-09
30.6890920355829	-3.33709664061688e-09
30.71384562384423	-3.254410977600939e-09
30.73859921210556	-3.173774436098659e-09
30.7633528003669	-3.095136225455524e-09
30.78810638862823	-3.018446814360555e-09
30.81285997688956	-2.943657899252483e-09
30.8376135651509	-2.870722374113071e-09
30.86236715341223	-2.799594300717053e-09
30.88712074167356	-2.730228879676315e-09
30.9118743299349	-2.662582422202298e-09
30.93662791819623	-2.596612322568841e-09
30.96138150645756	-2.532277031258297e-09
30.9861350947189	-2.469536028774424e-09
31.01088868298023	-2.408349794253441e-09
31.03564227124156	-2.348679803577652e-09
31.0603958595029	-2.290488471210311e-09
31.08514944776423	-2.233739148568301e-09
31.10990303602556	-2.17839609557334e-09
31.1346566242869	-2.124424458125369e-09
31.15941021254823	-2.071790246134921e-09
31.18416380080956	-2.020460312100489e-09
31.2089173890709	-1.970402330217273e-09
31.23367097733223	-1.921584776004072e-09
31.25842456559356	-1.873976907092712e-09
31.2831781538549	-1.827548740968099e-09
31.30793174211623	-1.782271040875651e-09
31.33268533037756	-1.738115293774035e-09
31.3574389186389	-1.695053693438513e-09
31.38219250690023	-1.653059122920554e-09
31.40694609516157	-1.612105137453776e-09
31.4316996834229	-1.572165947786878e-09
31.45645327168423	-1.533216403930898e-09
31.48120685994557	-1.495231979309917e-09
31.5059604482069	-1.458188755414654e-09
31.53071403646823	-1.422063406278522e-09
31.55546762472957	-1.386833184466786e-09
31.5802212129909	-1.352475906281405e-09
31.60497480125223	-1.318969937896086e-09
31.62972838951357	-1.286294181723956e-09
31.6544819777749	-1.254428063123262e-09
31.67923556603623	-1.223351517432684e-09
31.70398915429757	-1.193044977328063e-09
31.7287427425589	-1.163489360492482e-09
31.75349633082023	-1.134666057591642e-09
31.77824991908157	-1.106556920545913e-09
31.8030035073429	-1.07914425108619e-09
31.82775709560423	-1.05241078953018e-09
31.85251068386557	-1.026339707117615e-09
31.8772642721269	-1.000914581599966e-09
31.90201786038823	-9.761194119438356e-10
31.92677144864957	-9.519385853103953e-10
31.9515250369109	-9.283568775878607e-10
31.97627862517223	-9.053594420458736e-10
32.00103221343357	-8.829317999436151e-10
32.0257858016949	-8.610598314016056e-10
32.05053938995623	-8.397297665041117e-10
32.07529297821757	-8.189281766231498e-10
32.1000465664789	-7.986419659579184e-10
32.12480015474024	-7.788583632841107e-10
32.14955374300157	-7.595649139078439e-10
32.1743073312629	-7.407494718191072e-10
32.19906091952424	-7.22400192039763e-10
32.22381450778557	-7.045055231612782e-10
