0
1000	105.6583745	100000000000000.1
5	0	0	1
5	0	0	0
4.673998997513734	0.01805025871009893
4.701574977808284	0.01803828808567395
4.729150958102834	0.01802458594465152
4.756726938397384	0.01800933087737812
4.784302918691934	0.01799287082591406
4.811878898986484	0.01797530328225876
4.839454879281035	0.01795672821424412
4.867030859575585	0.01793740726783197
4.894606839870135	0.01791732839590215
4.922182820164685	0.01789659517692082
4.949758800459235	0.01787540495364377
4.977334780753785	0.01785369337942726
5.004910761048335	0.01783168037521472
5.032486741342885	0.01780915007142596
5.060062721637435	0.01778630390524452
5.087638701931986	0.01776313846871597
5.115214682226536	0.01773971536045493
5.142790662521086	0.01771598420990638
5.170366642815636	0.0176921245940362
5.197942623110186	0.01766804987277686
5.225518603404736	0.01764389976580929
5.253094583699286	0.01761951249044054
5.280670563993836	0.01759502812701889
5.308246544288386	0.01757042852195728
5.335822524582936	0.01754593141413546
5.363398504877487	0.01752110445461692
5.390974485172037	0.01749617512095462
5.418550465466587	0.01747116470968165
5.446126445761137	0.01744606275531605
5.473702426055687	0.01742090130303612
5.501278406350237	0.01739563657065895
5.528854386644787	0.01737037182702391
5.556430366939337	0.01734502180704669
5.584006347233887	0.01731970341415915
5.611582327528438	0.01729434650781701
5.639158307822988	0.01726897759696538
5.666734288117538	0.01724358414504167
5.694310268412088	0.01721821425122504
5.721886248706638	0.01719300098213823
5.749462229001188	0.01716746955898967
5.777038209295738	0.0171420978025514
5.804614189590288	0.01711675459207449
5.832190169884838	0.01709142697047717
5.859766150179389	0.01706605102640256
5.887342130473939	0.0170407826524538
5.914918110768489	0.01701547876506385
5.942494091063039	0.01699031493004784
5.970070071357589	0.01696515950930474
5.997646051652139	0.01694004513750146
6.025222031946689	0.01691497396752149
6.052798012241239	0.01688995105453017
6.080373992535789	0.01686497104232704
6.107949972830339	0.01684005611333072
6.13552595312489	0.01681516783492896
6.16310193341944	0.01679034488052487
6.19067791371399	0.01676556926660523
6.21825389400854	0.01674077549344703
6.24582987430309	0.01671610611039918
6.27340585459764	0.0166914992780177
6.30098183489219	0.0166669619588558
6.32855781518674	0.01664248003333064
6.35613379548129	0.01661805649676316
6.383709775775841	0.01659369419381139
6.411285756070391	0.01656938863240877
6.438861736364941	0.01654513096374531
6.466437716659491	0.01652093651794474
6.494013696954041	0.01649681262946031
6.521589677248591	0.01647274042939799
6.549165657543141	0.01644867649760911
6.576741637837691	0.01642470646439175
6.604317618132241	0.01640078573143938
6.631893598426791	0.01637695662322084
6.659469578721342	0.0163531827370059
6.687045559015892	0.01632946871021692
6.714621539310442	0.01630572973672616
6.742197519604992	0.0162822235270356
6.769773499899542	0.01625869230687247
6.797349480194092	0.01623521857019497
6.824925460488642	0.01621179899101591
6.852501440783192	0.01618845563999548
6.880077421077742	0.01616508275433988
6.907653401372293	0.01614187372676644
6.935229381666843	0.01611864498021704
6.962805361961393	0.0160955415168006
6.990381342255943	0.01607249644443895
7.017957322550493	0.01604951552126828
7.045533302845043	0.01602659594761833
7.073109283139593	0.01600373656368087
7.100685263434143	0.01598093663652012
7.128261243728693	0.01595819520387606
7.155837224023244	0.01593551101517404
7.183413204317794	0.01591281849174004
7.210989184612344	0.01589025638363897
7.238565164906894	0.01586772329521761
7.266141145201444	0.01584528532063798
7.293717125495994	0.01582289768445241
7.321293105790544	0.01580057003982458
7.348869086085094	0.01577829835346034
7.376445066379644	0.01575608148948265
7.404021046674194	0.0157339181452613
7.431597026968745	0.01571180739204216
7.459173007263295	0.01568974754277652
7.486748987557845	0.01566774183524895
7.514324967852395	0.0156457363085892
7.541900948146945	0.01562379243283337
7.569476928441495	0.01560193392631878
7.597052908736045	0.01558012944458561
7.624628889030595	0.01555837638496252
7.652204869325145	0.01553667570515635
7.679780849619696	0.01551502461287844
7.707356829914246	0.01549342246398517
7.734932810208796	0.01547186889310645
7.762508790503346	0.015450362354378
7.790084770797896	0.01542890331557894
7.817660751092446	0.01540749181444369
7.845236731386996	0.01538605846712227
7.872812711681546	0.0153647549407068
7.900388691976096	0.01534348722780966
7.927964672270646	0.01532226638472288
7.955540652565197	0.01530108776650686
7.983116632859747	0.01527995223681929
8.010692613154298	0.0152588553318005
8.038268593448848	0.01523779588626393
8.065844573743398	0.01521677215982737
8.093420554037948	0.01519578242681543
8.120996534332498	0.01517482864772947
8.148572514627048	0.01515390136093239
8.176148494921598	0.01513299011227042
8.203724475216148	0.01511214004036
8.231300455510699	0.01509129715927149
8.258876435805249	0.01507048103841776
8.286452416099799	0.0150496887904617
8.314028396394349	0.01502892188111369
8.341604376688899	0.01500817705007677
8.369180356983449	0.01498745441218222
8.396756337277999	0.01496675243301326
8.424332317572549	0.0149460707818165
8.451908297867099	0.01492540828340838
8.47948427816165	0.01490476311771414
8.5070602584562	0.01488414265902567
8.53463623875075	0.01486353242076379
8.5622122190453	0.01484294020623056
8.58978819933985	0.01482236353838994
8.6173641796344	0.0148018035484282
8.64494015992895	0.01478125750756323
8.6725161402235	0.01476072599856374
8.70009212051805	0.01474020829044374
8.7276681008126	0.01471970391861934
8.755244081107151	0.01469921205645406
8.782820061401701	0.01467873117234132
8.810396041696251	0.01465827286111668
8.837972021990801	0.01463781352863572
8.865548002285351	0.01461736905890461
8.893123982579901	0.01459693482762541
8.920699962874451	0.0145765129090448
8.948275943169001	0.01455610080353835
8.975851923463551	0.01453569878322681
9.003427903758102	0.01451530644917866
9.031003884052652	0.01449492343621052
9.058579864347202	0.01447454934250194
9.086155844641752	0.01445418199421042
9.113731824936302	0.01443383384561301
9.141307805230852	0.01441348407616764
9.168883785525402	0.01439314482482518
9.196459765819952	0.0143728127865663
9.224035746114502	0.01435249011245227
9.251611726409052	0.01433217508930252
9.279187706703603	0.0143118676656259
9.306763686998153	0.01429156766943661
9.334339667292703	0.01427127490144281
9.361915647587253	0.01425098895086208
9.389491627881803	0.01423065878150198
9.417067608176353	0.01421044177337554
9.444643588470903	0.01419017662221637
9.472219568765453	0.01416991886020122
9.499795549060003	0.01414966783605406
9.527371529354554	0.01412942345573435
9.554947509649104	0.01410918544357975
9.582523489943654	0.01408895380536744
9.610099470238204	0.01406872838890064
9.637675450532754	0.01404850888458723
9.665251430827304	0.0140282917363108
9.692827411121854	0.01400809376954039
9.720403391416404	0.01398789179894377
9.747979371710954	0.01396769716311157
9.775555352005505	0.01394750813937155
9.803131332300055	0.01392732610056012
9.830707312594605	0.01390715013206872
9.858283292889155	0.01388698000634098
9.885859273183705	0.01386681591628862
9.913435253478255	0.01384665778429225
9.941011233772805	0.01382650559980082
9.968587214067355	0.01380635936367922
9.996163194361905	0.0137862190712846
10.02373917465646	0.0137660847522632
10.05131515495101	0.01374595661322037
10.07889113524556	0.01372583421679002
10.10646711554011	0.01370571774443521
10.13404309583466	0.01368560724619553
10.16161907612921	0.01366550272815005
10.18919505642376	0.01364540422606868
10.21677103671831	0.01362531175047235
10.24434701701286	0.01360522535076284
10.27192299730741	0.01358514503673956
10.29949897760196	0.01356507082319979
10.32707495789651	0.01354500293980813
10.35465093819106	0.01352494098800091
10.38222691848561	0.01350488538962583
10.40980289878016	0.01348483597170579
10.43737887907471	0.01346479283447653
10.46495485936926	0.01344475599177891
10.49253083966381	0.01342472554683331
10.52010681995836	0.01340470149715462
10.54768280025291	0.01338468389657491
10.57525878054746	0.0133646727912589
10.60283476084201	0.01334466832718454
10.63041074113656	0.0133246703246166
10.65798672143111	0.01330467891391783
10.68556270172566	0.01328469435219951
10.71313868202021	0.0132647178373316
10.74071466231476	0.01324474525998492
10.76829064260931	0.01322478092735055
10.79586662290386	0.01320482343433139
10.82344260319841	0.01318487295088057
10.85101858349296	0.0131649294042405
10.87859456378751	0.01314499295351219
10.90617054408206	0.01312506348290367
10.93374652437661	0.01310514114060386
10.96132250467116	0.01308522598757283
10.98889848496571	0.01306531815600604
11.01647446526026	0.01304541755383305
11.04405044555481	0.01302552427923718
11.07162642584936	0.01300563838622932
11.09920240614391	0.01298575993600185
11.12677838643846	0.01296588894351041
11.15435436673301	0.01294602547631575
11.18193034702756	0.01292616960006055
11.20950632732211	0.01290632134034364
11.23708230761666	0.01288648077053043
11.26465828791121	0.01286664802817556
11.29223426820576	0.0128468229852458
11.31981024850031	0.01282700574473615
11.34738622879486	0.01280719636711916
11.37496220908941	0.01278739484496639
11.40253818938396	0.01276760133239193
11.43011416967851	0.01274781570971027
11.45769014997306	0.01272803819132902
11.48526613026761	0.0127082686898034
11.51284211056216	0.01268850729331868
11.54041809085671	0.01266875414206579
11.56799407115126	0.0126490090984532
11.59557005144581	0.01262927226490491
11.62314603174036	0.01260954367117067
11.65072201203491	0.01258982335365293
11.67829799232946	0.01257011137455886
11.70587397262401	0.01255040767385722
11.73344995291856	0.0125307122700726
11.76102593321311	0.01251102543257274
11.78860191350766	0.01249134700403325
11.81617789380221	0.01247167705612427
11.84375387409676	0.01245201557547592
11.87132985439131	0.01243236260120984
11.89890583468586	0.0124127181664222
11.92648181498041	0.01239308228016368
11.95405779527496	0.01237345498644985
11.98163377556951	0.01235383627989117
12.00920975586406	0.01233422619719138
12.03678573615861	0.01231462480221004
12.06436171645316	0.01229503215096756
12.09193769674771	0.0122754481309914
12.11951367704226	0.01225587281217981
12.14708965733681	0.01223630614628574
12.17466563763136	0.01221674837832075
12.20224161792591	0.01219719928155533
12.22981759822046	0.012177658973882
12.25739357851501	0.01215812742002776
12.28496955880956	0.01213860469035602
12.31254553910411	0.01211909081188889
12.34012151939866	0.01209958579178118
12.36769749969321	0.01208008956934554
12.39527347998776	0.01206060219599983
12.42284946028231	0.01204112367654964
12.45042544057686	0.01202165403098506
12.47800142087141	0.01200219326986663
12.50557740116597	0.01198274138743961
12.53315338146052	0.01196329839933116
12.56072936175507	0.01194386434647415
12.58830534204962	0.01192443922400615
12.61588132234417	0.01190502296377596
12.64345730263872	0.01188561563650099
12.67103328293327	0.01186621723519558
12.69860926322782	0.01184682776149315
12.72618524352237	0.01182744720949725
12.75376122381692	0.01180807562743321
12.78133720411147	0.01178871297370646
12.80891318440602	0.01176935926213211
12.83648916470057	0.01175001457941012
12.86406514499512	0.01173067846922878
12.89164112528967	0.01171135193856601
12.91921710558422	0.01169203405454406
12.94679308587877	0.01167272511245237
12.97436906617332	0.01165342513752164
13.00194504646787	0.0116341340970393
13.02952102676242	0.01161485204323313
13.05709700705697	0.01159557891354702
13.08467298735152	0.011576314756273
13.11224896764607	0.0115570595546464
13.13982494794062	0.01153781328948334
13.16740092823517	0.01151857599744947
13.19497690852972	0.01149934762940492
13.22255288882427	0.01148012822193208
13.25012886911882	0.01146091774851535
13.27770484941337	0.01144171620427057
13.30528082970792	0.01142252361252453
13.33285681000247	0.01140333998907142
13.36043279029702	0.01138416523672507
13.38800877059157	0.01136499941572809
13.41558475088612	0.01134584255369019
13.44316073118067	0.011326694596792
13.47073671147522	0.01130755556359714
13.49831269176977	0.01128842543475236
13.52588867206432	0.01126930420656796
13.55346465235887	0.01125019189805943
13.58104063265342	0.01123108847757159
13.60861661294797	0.01121199399473171
13.63619259324252	0.01119290834706607
13.66376857353707	0.01117383156241708
13.69134455383162	0.01115476368568151
13.71892053412617	0.01113570468310303
13.74649651442072	0.01111665441758487
13.77407249471527	0.0110976132762997
13.80164847500982	0.01107858084868132
13.82922445530437	0.01105955727570749
13.85680043559892	0.01104054255159267
13.88437641589347	0.01102153665142422
13.91195239618802	0.01100253960343139
13.93952837648257	0.01098355136232552
13.96710435677712	0.01096457195260657
13.99468033707167	0.01094560133143227
14.02225631736622	0.01092663952740522
14.04983229766077	0.01090768653238036
14.07740827795532	0.01088874227644402
14.10498425824987	0.01086980689581086
14.13256023854442	0.01085088029286652
14.16013621883897	0.01083196235708915
14.18771219913352	0.01081305324749285
14.21528817942807	0.01079415288744891
14.24286415972262	0.01077526127644006
14.27044014001717	0.01075637847661401
14.29801612031172	0.01073750427884652
14.32559210060627	0.01071863886426191
14.35316808090082	0.01069978217734851
14.38074406119537	0.01068093420568199
14.40832004148992	0.01066209457445187
14.43589602178447	0.01064326437511127
14.46347200207902	0.01062444249085216
14.49104798237357	0.01060562929147977
14.51862396266812	0.0105868247664168
14.54619994296267	0.01056802890635339
14.57377592325722	0.01054924170141611
14.60135190355177	0.01053046316388705
14.62892788384632	0.01051169325748448
14.65650386414087	0.01049293198797773
14.68407984443542	0.01047417935269658
14.71165582472997	0.01045543533046969
14.73923180502452	0.01043669992036744
14.76680778531907	0.01041797311436038
14.79438376561362	0.01039925489502139
14.82195974590817	0.01038054528538686
14.84953572620272	0.01036184423949468
14.87711170649727	0.01034315177040669
14.90468768679182	0.01032446786113094
14.93226366708637	0.01030579251724154
14.95983964738092	0.01028712569676658
14.98741562767547	0.01026846744670342
15.01499160797002	0.01024981787546328
15.04256758826457	0.01023117650000576
15.07014356855912	0.01021254380695449
15.09771954885368	0.01019391962108592
15.12529552914823	0.01017530392487733
15.15287150944278	0.01015669671954405
15.18044748973733	0.01013809801565519
15.20802347003188	0.01011950776987969
15.23559945032643	0.01010092599130741
15.26317543062098	0.01008235267064464
15.29075141091553	0.01006378779684928
15.31832739121008	0.01004523137836896
15.34590337150463	0.01002668337815078
15.37347935179918	0.01000814380466186
15.40105533209373	0.009989612653725988
15.42863131238828	0.009971089906290238
15.45620729268283	0.009952575554997315
15.48378327297738	0.009934069600612414
15.51135925327193	0.009915572035798527
15.53893523356648	0.009897082833209121
15.56651121386103	0.009878602016930679
15.59408719415558	0.009860129547617096
15.62166317445013	0.009841665435914302
15.64923915474468	0.009823209658933827
15.67681513503923	0.009804762220682403
15.70439111533378	0.009786323107573044
15.73196709562833	0.0097678923175985
15.75954307592288	0.009749469904724939
15.78711905621743	0.009731055658204221
15.81469503651198	0.00971264976518932
15.84227101680653	0.009694252178630111
15.86984699710108	0.009675862852675968
15.89742297739563	0.009657481798312903
15.92499895769018	0.009639109013047742
15.95257493798473	0.009620744472577722
15.98015091827928	0.009602388079186524
16.00772689857383	0.009584040146125876
16.03530287886838	0.009565700264161184
16.06287885916293	0.009547368730857538
16.09045483945748	0.009529045347369225
16.11803081975203	0.009510730167288001
16.14560680004658	0.009492423195803044
16.17318278034113	0.009474124400838174
16.20075876063568	0.009455833807093132
16.22833474093023	0.009437551368596392
16.25591072122478	0.009419277107232938
16.28348670151933	0.009401011001042639
16.31106268181388	0.00938275304528377
16.33863866210843	0.009364503235140993
16.36621464240298	0.009346261563337517
16.39379062269753	0.00932802801784661
16.42136660299208	0.009309802589132827
16.44894258328663	0.009291585284893227
16.47651856358118	0.009273376065514321
16.50409454387573	0.009255174949062535
16.53167052417028	0.009236981923925231
16.55924650446483	0.009218796979968216
16.58682248475938	0.009200620107408602
16.61439846505393	0.009182451312327854
16.64197444534848	0.009164290576267962
16.66955042564303	0.009146137869986228
16.69712640593758	0.009127993217616572
16.72470238623213	0.009109856599532238
16.75227836652668	0.009091728017590568
16.77985434682123	0.009073607444384738
16.80743032711578	0.009055494873329489
16.83500630741033	0.009037390345088346
16.86258228770488	0.009019293796686026
16.89015826799943	0.00900120523524265
16.91773424829398	0.008983124657367701
16.94531022858853	0.008965052057487452
16.97288620888308	0.008946987423260847
17.00046218917763	0.008928930742810785
17.02803816947218	0.008910882048777869
17.05561414976673	0.008892841263179383
17.08319013006128	0.008874808425440124
17.11076611035583	0.008856783520848789
17.13834209065038	0.008838766541052576
17.16591807094493	0.008820757477386447
17.19349405123948	0.008802756344332259
17.22107003153403	0.008784763073714678
17.24864601182858	0.008766777690217564
17.27622199212313	0.008748800246265035
17.30379797241768	0.008730830663091872
17.33137395271223	0.00871286894209152
17.35894993300678	0.008694915095172652
17.38652591330133	0.008676969099172852
17.41410189359588	0.008659030958494253
17.44167787389043	0.008641100660535982
17.46925385418498	0.008623178203460154
17.49682983447953	0.008605263574122144
17.52440581477408	0.008587356767517953
17.55198179506863	0.008569457774988199
17.57955777536318	0.008551566598142863
17.60713375565773	0.008533683216189492
17.63470973595228	0.008515807619595198
17.66228571624683	0.00849793983212248
17.68986169654139	0.008480079814480644
17.71743767683594	0.008462227570307127
17.74501365713049	0.008444383092449799
17.77258963742504	0.008426546375883978
17.80016561771959	0.008408717407712908
17.82774159801414	0.00839089619796388
17.85531757830869	0.008373082709185251
17.88289355860324	0.008355276958674791
17.91046953889779	0.008337478933566008
17.93804551919234	0.008319688626624458
17.96562149948689	0.00830190603039418
17.99319747978144	0.008284131137643294
18.02077346007599	0.008266363944432423
18.04834944037054	0.008248604437496311
18.07592542066509	0.008230852619749313
18.10350140095964	0.00821310847376225
18.13107738125419	0.008195371998402201
18.15865336154874	0.008177643187938491
18.18622934184329	0.008159922035948871
18.21380532213784	0.008142208523770639
18.24138130243239	0.008124502664153738
18.26895728272694	0.008106804437335696
18.29653326302149	0.008089113836493017
18.32410924331604	0.008071430866831505
18.35168522361059	0.008053755506229476
18.37926120390514	0.008036087757243038
18.40683718419969	0.00801842760807104
18.43441316449424	0.008000775055957388
18.46198914478879	0.007983130093214974
18.48956512508334	0.007965492712853968
18.51714110537789	0.00794786291493524
18.54471708567244	0.007930240676949946
18.57229306596699	0.007912626000520217
18.59986904626154	0.007895018883033306
18.62744502655609	0.007877419315064832
18.65502100685064	0.007859827290273536
18.68259698714519	0.007842242801525637
18.71017296743974	0.007824665842433012
18.73774894773429	0.007807096402451278
18.76532492802884	0.007789534488482418
18.79290090832339	0.007771980077122632
18.82047688861794	0.007754433169333858
18.84805286891249	0.007736893759433007
18.87562884920704	0.007719361841927067
18.90320482950159	0.007701837406045894
18.93078080979614	0.007684320448176703
18.95835679009069	0.007666810959550943
18.98593277038524	0.007649308941473041
19.01350875067979	0.007631814374272493
19.04108473097434	0.007614327261302583
19.06866071126889	0.007596847593805449
19.09623669156344	0.00757937536492682
19.12381267185799	0.007561910568308963
19.15138865215254	0.007544453196682599
19.17896463244709	0.007527003233321694
19.20654061274164	0.007509560710004797
19.23411659303619	0.007492125577457905
19.26169257333074	0.007474697846765831
19.28926855362529	0.0074572775105156
19.31684453391984	0.007439864561782629
19.34442051421439	0.007422458993320476
19.37199649450894	0.007405060799986095
19.39957247480349	0.007387669978940431
19.42714845509804	0.007370286516529158
19.45472443539259	0.007352910411997123
19.48230041568714	0.007335541656471921
19.50987639598169	0.007318180249355589
19.53745237627624	0.007300826170495727
19.56502835657079	0.007283479426138495
19.59260433686534	0.007266140011895988
19.62018031715989	0.007248807910212588
19.64775629745444	0.007231483123058679
19.67533227774899	0.007214165641996796
19.70290825804354	0.007196855459939346
19.73048423833809	0.007179552572179631
19.75806021863264	0.007162256971008381
19.78563619892719	0.007144968656235495
19.81321217922174	0.007127687613106352
19.84078815951629	0.007110413837962121
19.86836413981084	0.007093147326042131
19.89594012010539	0.007075888070997466
19.92351610039994	0.007058636066534394
19.95109208069449	0.007041391303338691
19.97866806098904	0.007024153787171094
20.00624404128359	0.007006923497027688
20.03382002157814	0.006989700434101237
20.06139600187269	0.006972484590409934
20.08897198216724	0.006955275959834519
20.11654796246179	0.006938074539316247
20.14412394275634	0.006920880323512863
20.17169992305089	0.006903693297126254
20.19927590334544	0.006886513463073837
20.22685188363999	0.006869340812229438
20.25442786393454	0.006852175339264747
20.2820038442291	0.006835017037472729
20.30957982452365	0.006817865919899424
20.3371558048182	0.006800721926426536
20.36473178511275	0.006783585095305527
20.3923077654073	0.00676645542784276
20.41988374570185	0.006749332893939658
20.4474597259964	0.006732217495578056
20.47503570629095	0.006715109221336906
20.5026116865855	0.006698008082731753
20.53018766688005	0.006680914054923437
20.5577636471746	0.006663827138767657
20.58533962746915	0.006646747328533403
20.6129156077637	0.006629674617902438
20.64049158805825	0.006612608987886754
20.6680675683528	0.006595550475990519
20.69564354864735	0.006578499029118979
20.7232195289419	0.006561454658899423
20.75079550923645	0.006544417359233111
20.778371489531	0.006527387123392736
20.80594746982555	0.006510363953055378
20.8335234501201	0.006493347824293816
20.86109943041465	0.00647633874625585
20.8886754107092	0.00645933671047434
20.91625139100375	0.006442341709094928
20.9438273712983	0.006425353736642353
20.97140335159285	0.006408372789949058
20.9989793318874	0.006391398857708594
21.02655531218195	0.006374431938634734
21.0541312924765	0.006357472025467568
21.08170727277105	0.006340519112172078
21.1092832530656	0.006323573234857586
21.13685923336015	0.006306634265910484
21.1644352136547	0.006289702317158649
21.19201119394925	0.006272777346900097
21.2195871742438	0.006255859347891953
21.24716315453835	0.006238948313023466
21.2747391348329	0.006222044242659535
21.30231511512745	0.006205147121873806
21.329891095422	0.00618825695034692
21.35746707571655	0.006171373722559956
21.3850430560111	0.006154497429940869
21.41261903630565	0.00613762807127071
21.4401950166002	0.006120765634796886
21.46777099689475	0.006103910119276433
21.4953469771893	0.006087061517916007
21.52292295748385	0.006070219824036262
21.5504989377784	0.006053385036333073
21.57807491807295	0.006036557142011395
21.6056508983675	0.006019736139854016
21.63322687866205	0.006002922023356255
21.6608028589566	0.005986114786593246
21.68837883925115	0.005969314427746211
21.7159548195457	0.005952520933438632
21.74353079984025	0.005935734303641551
21.7711067801348	0.005918954530376046
21.79868276042935	0.005902181611012691
21.8262587407239	0.005885415538947811
21.85383472101845	0.005868656305199453
21.881410701313	0.005851903907132192
21.90898668160755	0.005835158338265822
21.9365626619021	0.005818419583311162
21.96413864219665	0.00580168766891226
21.9917146224912	0.005784962556058386
22.01929060278575	0.005768244250048043
22.0468665830803	0.005751532745655727
22.07444256337485	0.005734828037841821
22.1020185436694	0.005718130120684687
22.12959452396395	0.005701438988512264
22.1571705042585	0.005684754635976586
22.18474648455305	0.005668077058073799
22.2123224648476	0.005651406248088556
22.23989844514215	0.005634742201099266
22.2674744254367	0.00561808491214457
22.29505040573125	0.005601434375206757
22.3226263860258	0.005584790584580483
22.35020236632035	0.005568153535029863
22.3777783466149	0.005551523222449858
22.40535432690945	0.005534899638943644
22.432930307204	0.005518282780490752
22.46050628749855	0.00550167264124068
22.4880822677931	0.005485069216057153
22.51565824808765	0.005468472498971659
22.5432342283822	0.005451882476209756
22.57081020867675	0.005435299169275189
22.5983861889713	0.005418722545312795
22.62596216926585	0.005402152608272642
22.6535381495604	0.005385589352619785
22.68111412985495	0.005369032773011371
22.7086901101495	0.005352482863660187
22.73626609044405	0.005335939620566839
22.7638420707386	0.005319403036594518
22.79141805103315	0.005302873107165093
22.8189940313277	0.005286349826698267
22.84657001162225	0.0052698331902082
22.87414599191681	0.005253323192145023
22.90172197221136	0.005236819828032767
22.92929795250591	0.005220323090701791
22.95687393280046	0.005203832976174831
22.98444991309501	0.005187349478817405
23.01202589338956	0.005170872593073448
23.03960187368411	0.005154402313821057
23.06717785397866	0.005137938636437195
23.09475383427321	0.005121481554391689
23.12232981456776	0.005105031063110652
23.14990579486231	0.005088587157292613
23.17748177515686	0.005072149831265404
23.20505775545141	0.00505571907847092
23.23263373574596	0.005039294898945251
23.26020971604051	0.005022877281688392
23.28778569633506	0.005006466223601476
23.31536167662961	0.004990061719141226
23.34293765692416	0.004973663763235246
23.37051363721871	0.004957272351409622
23.39808961751326	0.004940887476784218
23.42566559780781	0.004924509135252485
23.45324157810236	0.004908137321426282
23.48081755839691	0.004891772030127715
23.50839353869146	0.004875413257507072
23.53596951898601	0.004859060994358236
23.56354549928056	0.004842715239082838
23.59112147957511	0.004826375985609895
23.61869745986966	0.004810043228773807
23.64627344016421	0.004793716960024152
23.67384942045876	0.004777397184163376
23.70142540075331	0.004761083885871369
23.72900138104786	0.004744777063585164
23.75657736134241	0.004728476711938888
23.78415334163696	0.004712182811683421
23.81172932193151	0.004695895400875454
23.83930530222606	0.004679614430881654
23.86688128252061	0.004663339911079229
23.89445726281516	0.004647071836339445
23.92203324310971	0.004630810202794388
23.94960922340426	0.004614555002497899
23.97718520369881	0.004598306232537341
24.00476118399336	0.004582063887298954
24.03233716428791	0.004565827961917885
24.05991314458246	0.00454959845157437
24.08748912487701	0.004533375350341353
24.11506510517156	0.004517158653396192
24.14264108546611	0.004500948356099868
24.17021706576066	0.004484744450505371
24.19779304605521	0.004468546939603536
24.22536902634976	0.004452355810274195
24.25294500664431	0.004436171060097069
24.28052098693886	0.004419992684074982
24.30809696723341	0.004403820678051626
24.33567294752796	0.004387655035548584
24.36324892782251	0.004371495752186296
24.39082490811706	0.004355342822995877
24.41840088841161	0.004339196243525496
24.44597686870616	0.004323056007710216
24.47355284900071	0.004306922111147679
24.50112882929526	0.004290794548846201
24.52870480958981	0.004274673316788515
24.55628078988436	0.004258558407260821
24.58385677017891	0.00424244981765318
24.61143275047346	0.004226347542561013
24.63900873076801	0.004210251577995414
24.66658471106256	0.004194161916018527
24.69416069135711	0.004178078554341985
24.72173667165166	0.004162001487059693
24.74931265194621	0.004145930710037339
24.77688863224076	0.004129866217093394
24.80446461253531	0.004113808004200034
24.83204059282986	0.004097756066147187
24.85961657312441	0.004081710398626001
24.88719255341896	0.004065670995467901
24.91476853371351	0.004049637852755812
24.94234451400806	0.00403361096515509
24.96992049430261	0.004017590328729175
24.99749647459716	0.004001575937168071
25.02507245489171	0.003985567786479041
25.05264843518626	0.003969565872085716
25.08022441548081	0.003953570187735523
25.10780039577536	0.003937580729937063
25.13537637606991	0.003921597493323304
25.16295235636446	0.003905620473677494
25.19052833665901	0.003889649664935204
25.21810431695356	0.003873685063140899
25.24568029724811	0.003857726663946241
25.27325627754266	0.003841774460896333
25.30083225783721	0.003825828450434238
25.32840823813176	0.003809888626841002
25.35598421842631	0.003793954987322985
25.38356019872086	0.003778027524794995
25.41113617901541	0.003762106235360871
25.43871215930996	0.003746191114882686
25.46628813960452	0.003730282157333099
25.49386411989907	0.003714379358453831
25.52144010019362	0.003698482714237139
25.54901608048817	0.003682592218755457
25.57659206078272	0.003666707867835454
25.60416804107727	0.003650829656688525
25.63174402137182	0.003634957580399007
25.65932000166637	0.003619091634290075
25.68689598196092	0.003603231814227702
25.71447196225547	0.003587378114384195
25.74204794255002	0.003571530530631984
25.76962392284457	0.003555689058419781
25.79719990313912	0.003539853692743251
25.82477588343367	0.003524024429037607
25.85235186372822	0.003508201262587159
25.87992784402277	0.00349238418861661
25.90750382431732	0.003476573202473772
25.93507980461187	0.003460768299464205
25.96265578490642	0.00344496947505029
25.99023176520097	0.003429176724230882
26.01780774549552	0.003413390042577933
26.04538372579007	0.003397609425491358
26.07295970608462	0.003381834868186309
26.10053568637917	0.003366066365921122
26.12811166667372	0.003350303914358764
26.15568764696827	0.003334547508582461
26.18326362726282	0.003318797144091902
26.21083960755737	0.00330305281605262
26.23841558785192	0.003287314520048437
26.26599156814647	0.003271582251510146
26.29356754844102	0.003255856005562343
26.32114352873557	0.003240135777731047
26.34871950903012	0.003224421563416164
26.37629548932467	0.003208713358107413
26.40387146961922	0.003193011157116529
26.43144744991377	0.003177314955717821
26.45902343020832	0.003161624749597903
26.48659941050287	0.00314594053402284
26.51417539079742	0.003130262304295685
26.54175137109197	0.003114590055975994
26.56932735138652	0.003098923784627156
26.59690333168107	0.003083263485545598
26.62447931197562	0.00306760915414653
26.65205529227017	0.003051960786005754
26.67963127256472	0.00303631837651692
26.70720725285927	0.003020681921048556
26.73478323315382	0.003005051415207275
26.76235921344837	0.002989426854468399
26.78993519374292	0.002973808233981141
26.81751117403747	0.002958195549754651
26.84508715433202	0.002942588797007747
26.87266313462657	0.00292698797127992
26.90023911492112	0.002911393067904498
26.92781509521567	0.002895804082664029
26.95539107551022	0.002880221010829549
26.98296705580477	0.002864643847876114
27.01054303609932	0.002849072589638545
27.03811901639387	0.002833507231378119
27.06569499668842	0.002817947768666098
27.09327097698297	0.002802394197155657
27.12084695727752	0.002786846512352959
27.14842293757207	0.002771304709569058
27.17599891786662	0.00275576878468927
27.20357489816117	0.002740238732928574
27.23115087845572	0.002724714550178803
27.25872685875027	0.002709196231866556
27.28630283904482	0.002693683773518266
27.31387881933937	0.002678177170786521
27.34145479963392	0.002662676419239303
27.36903077992847	0.002647181514241953
27.39660676022302	0.002631692451745355
27.42418274051757	0.002616209227065291
27.45175872081212	0.002600731836050328
27.47933470110667	0.002585260274157762
27.50691068140122	0.002569794536842571
27.53448666169577	0.002554334620001988
27.56206264199032	0.002538880519087929
27.58963862228487	0.002523432229802127
27.61721460257942	0.002507989747763691
27.64479058287397	0.002492553068648873
27.67236656316852	0.002477122188010001
27.69994254346307	0.002461697101325349
27.72751852375762	0.00244627780465055
27.75509450405217	0.002430864293306683
27.78267048434672	0.002415456563191311
27.81024646464127	0.002400054609753912
27.83782244493582	0.002384658428870525
27.86539842523037	0.002369268015901021
27.89297440552492	0.002353883366944396
27.92055038581947	0.002338504477407492
27.94812636611402	0.002323131343071462
27.97570234640857	0.002307763959547775
28.00327832670312	0.002292402322626647
28.03085430699767	0.002277046427882114
28.05843028729223	0.002261696271285103
28.08600626758678	0.002246351848251745
28.11358224788133	0.002231013154612931
28.14115822817588	0.002215680186244225
28.16873420847043	0.00220035293865802
28.19631018876498	0.002185031407709745
28.22388616905953	0.002169715589072203
28.25146214935408	0.00215440547846526
28.27903812964863	0.002139101071682461
28.30661410994318	0.002123802364556603
28.33419009023773	0.002108509352671442
28.36176607053228	0.002093222031892361
28.38934205082683	0.00207794039795946
28.41691803112138	0.002062664446714575
28.44449401141593	0.002047394173828528
28.47206999171048	0.002032129574972609
28.49964597200503	0.002016870646214562
28.52722195229958	0.002001617383180785
28.55479793259413	0.00198636978170488
28.58237391288868	0.001971127837409756
28.60994989318323	0.001955891546383885
28.63752587347778	0.001940660904331327
28.66510185377233	0.001925435906931936
28.69267783406688	0.001910216550106978
28.72025381436143	0.001895002829772231
28.74782979465598	0.00187979474159419
28.77540577495053	0.001864592281440959
28.80298175524508	0.001849395445183509
28.83055773553963	0.001834204228698259
28.85813371583418	0.001819018627731339
28.88570969612873	0.001803838638248596
28.91328567642328	0.001788664256020503
28.94086165671783	0.001773495476936818
28.96843763701238	0.001758332296904143
28.99601361730693	0.001743174711750008
29.02358959760148	0.001728022717222332
29.05116557789603	0.00171287630940079
29.07874155819058	0.001697735484084419
29.10631753848513	0.001682600237028994
29.13389351877968	0.001667470564360831
29.16146949907423	0.001652346461782928
29.18904547936878	0.001637227925271526
29.21662145966333	0.001622114950730484
29.24419743995788	0.0016070075339993
29.27177342025243	0.001591905671072191
29.29934940054698	0.001576809357796414
29.32692538084153	0.001561718590162106
29.35450136113608	0.001546633364013157
29.38207734143063	0.001531553675375673
29.40965332172518	0.001516479520127177
29.43722930201973	0.001501410894147412
29.46480528231428	0.001486347793510822
29.49238126260883	0.001471290214001604
29.51995724290338	0.001456238151757102
29.54753322319793	0.001441191602563316
29.57510920349248	0.001426150562533125
29.60268518378703	0.001411115027503385
29.63026116408158	0.001396084993546434
29.65783714437613	0.001381060456533662
29.68541312467068	0.001366041412535198
29.71298910496523	0.001351027857563176
29.74056508525978	0.001336019787457585
29.76814106555433	0.001321017198390393
29.79571704584888	0.001306020086193753
29.82329302614343	0.001291028447004693
29.85086900643798	0.001276042276787256
29.87844498673253	0.001261061571503356
29.90602096702708	0.001246086327185633
29.93359694732163	0.001231116539918611
29.96117292761618	0.001216152205669418
29.98874890791073	0.001201193320452712
30.01632488820528	0.001186239880381592
30.04390086849983	0.001171291881375602
30.07147684879438	0.001156349319540776
30.09905282908893	0.001141412190923379
30.12662880938348	0.00112648049156712
30.15420478967803	0.001111554217560744
30.18178076997258	0.001096633364933491
30.20935675026713	0.001081717929704824
30.23693273056168	0.001066807908000385
30.26450871085623	0.001051903295879885
30.29208469115078	0.00103700408942372
30.31966067144533	0.001022110284694016
30.34723665173988	0.001007221877814052
30.37481263203443	0.0009923388648341814
30.40238861232898	0.0009774612418631617
30.42996459262353	0.0009625890050127735
30.45754057291808	0.00094772215035519
30.48511655321263	0.0009328606739785133
30.51269253350718	0.0009180045720669318
30.54026851380173	0.0009031538406867781
30.56784449409628	0.0008883084759685122
30.59542047439083	0.0008734684740214522
30.62299645468539	0.0008586338310230815
30.65057243497994	0.0008438045430618923
30.67814841527449	0.0008289806062796649
30.70572439556904	0.0008141620168241988
30.73330037586359	0.0007993487708400063
30.76087635615814	0.0007845408644411565
30.78845233645269	0.0007697382938295309
30.81602831674724	0.0007549410551175404
30.84360429704179	0.0007401491445026405
30.87118027733634	0.0007253625581244423
30.89875625763089	0.0007105812921618972
30.92633223792544	0.0006958053427798214
30.95390821821999	0.0006810347061500379
30.98148419851454	0.0006662693784531103
31.00906017880909	0.0006515093558799624
31.03663615910364	0.0006367546346056124
31.06421213939819	0.0006220052108312091
31.09178811969274	0.0006072610807547514
31.11936409998729	0.000592522240570242
31.14694008028184	0.0005777886864890751
31.17451606057639	0.0005630604147138556
31.20209204087094	0.0005483374214627951
31.22966802116549	0.0005336197029519213
31.25724400146004	0.0005189072553938268
31.28481998175459	0.0005042000750256283
31.31239596204914	0.000489498158073695
31.33997194234369	0.0004748015007635901
31.36754792263824	0.0004601100993372752
31.39512390293279	0.0004454239500396968
31.42269988322734	0.0004307430491072795
31.45027586352189	0.0004160673927950418
31.47785184381644	0.0004013969773580897
31.50542782411099	0.0003867317990530107
31.53300380440554	0.0003720718541409052
31.56057978470009	0.0003574171388870301
31.58815576499464	0.000342767649560703
31.61573174528919	0.0003281233824352646
31.64330772558374	0.0003134843337880588
31.67088370587829	0.0002988504999004213
31.69845968617284	0.000284221877057668
31.72603566646739	0.0002695984615490902
31.75361164676194	0.0002549802496679453
31.78118762705649	0.0002403672377114509
31.80876360735104	0.0002257594219807793
31.83633958764559	0.0002111567987810503
31.86391556794014	0.0001965593644213262
31.89149154823469	0.0001819671152146052
31.91906752852924	0.0001673800474778162
31.94664350882379	0.0001527981575318123
31.97421948911834	0.0001382214417013658
32.00179546941289	0.0001236498963151621
32.02937144970744	0.0001090835177057933
32.05694743000199	9.452230220975427e-05
32.08452341029654	7.996624616743473e-05
32.11209939059109	6.541534592311534e-05
32.13967537088564	5.086959782496108e-05
32.16725135118019	3.632899822501576e-05
32.19482733147474	2.179354347919656e-05
32.22240331176929	7.263229947288125e-06
0
1000	105.6583745	100000000000000.1
5	0	0	1
5	0	0	0
4.673998997513734	-4.825673997639527e-06
4.701574977808284	-4.288855621685581e-06
4.729150958102834	-4.510882055051597e-06
4.756726938397384	-4.782101478946816e-06
4.784302918691934	-5.015665019313626e-06
4.811878898986484	-5.1966743834651e-06
4.839454879281035	-5.327064643963573e-06
4.867030859575585	-5.413155776421497e-06
4.894606839870135	-5.461934639127851e-06
4.922182820164685	-5.479860298348101e-06
4.949758800459235	-5.472529671065619e-06
4.977334780753785	-5.444654736507658e-06
5.004910761048335	-5.400148105096578e-06
5.032486741342885	-5.342237639717195e-06
5.060062721637435	-5.273579336194271e-06
5.087638701931986	-5.196357574718051e-06
5.115214682226536	-5.112370103910301e-06
5.142790662521086	-5.023098414964722e-06
5.170366642815636	-4.929765316766869e-06
5.197942623110186	-4.833381760867997e-06
5.225518603404736	-4.734784833900737e-06
5.253094583699286	-4.634668577924363e-06
5.280670563993836	-4.533609022007562e-06
5.308246544288386	-4.432084553733961e-06
5.335822524582936	-4.330492541303613e-06
5.363398504877487	-4.229162937208411e-06
5.390974485172037	-4.128369450389594e-06
5.418550465466587	-4.028338763351819e-06
5.446126445761137	-3.929258201962785e-06
5.473702426055687	-3.831281962765066e-06
5.501278406350237	-3.736747996810458e-06
5.528854386644787	-3.640990669835251e-06
5.556430366939337	-3.546521196591855e-06
5.584006347233887	-3.453449022390519e-06
5.611582327528438	-3.361867589939527e-06
5.639158307822988	-3.271855696104327e-06
5.666734288117538	-3.183478797976593e-06
5.694310268412088	-3.096790254669945e-06
5.721886248706638	-3.01183249670844e-06
5.749462229001188	-2.928638118838664e-06
5.777038209295738	-2.847216121555172e-06
5.804614189590288	-2.767624144796792e-06
5.832190169884838	-2.689750761014812e-06
5.859766150179389	-2.613840876088111e-06
5.887342130473939	-2.539686294744927e-06
5.914918110768489	-2.467332250463078e-06
5.942494091063039	-2.396768670493318e-06
5.970070071357589	-2.327980059576931e-06
5.997646051652139	-2.260947423248584e-06
6.025222031946689	-2.195648940221609e-06
6.052798012241239	-2.132069285214189e-06
6.080373992535789	-2.070163374913884e-06
6.107949972830339	-2.009913382159927e-06
6.13552595312489	-1.951286663099323e-06
6.16310193341944	-1.894259598711167e-06
6.19067791371399	-1.838796898144778e-06
6.21825389400854	-1.784867465852692e-06
6.24582987430309	-1.732439052784043e-06
6.27340585459764	-1.681478978261372e-06
6.30098183489219	-1.631954309066249e-06
6.32855781518674	-1.583833459452746e-06
6.35613379548129	-1.537079597059749e-06
6.383709775775841	-1.491661900967456e-06
6.411285756070391	-1.447547564711747e-06
6.438861736364941	-1.404704018278754e-06
6.466437716659491	-1.363098985491425e-06
6.494013696954041	-1.322700531280512e-06
6.521589677248591	-1.28347709712763e-06
6.549165657543141	-1.245397521234725e-06
6.576741637837691	-1.208431035581698e-06
6.604317618132241	-1.172496080262915e-06
6.631893598426791	-1.137660330253909e-06
6.659469578721342	-1.103850799354027e-06
6.687045559015892	-1.071039196837178e-06
6.714621539310442	-1.039197778615453e-06
6.742197519604992	-1.008299363566265e-06
6.769773499899542	-9.783173466553825e-07
6.797349480194092	-9.492257088668577e-07
6.824925460488642	-9.209990240781774e-07
6.852501440783192	-8.936124631064498e-07
6.880077421077742	-8.670205827154351e-07
6.907653401372293	-8.412617852786795e-07
6.935229381666843	-8.162551991574838e-07
6.962805361961393	-7.919933927964917e-07
6.990381342255943	-7.684552656655485e-07
7.017957322550493	-7.45618528176696e-07
7.045533302845043	-7.234488353234018e-07
7.073109283139593	-7.020054585819877e-07
7.100685263434143	-6.81148479264235e-07
7.128261243728693	-6.609243693715322e-07
7.155837224023244	-6.413035043982354e-07
7.183413204317794	-6.222753771463971e-07
7.210989184612344	-6.038170251266866e-07
7.238565164906894	-5.859114443646305e-07
7.266141145201444	-5.685421150522745e-07
7.293717125495994	-5.516929905686759e-07
7.321293105790544	-5.353484864341417e-07
7.348869086085094	-5.19493469243504e-07
7.376445066379644	-5.041132456169935e-07
7.404021046674194	-4.891935512016589e-07
7.431597026968745	-4.747323028735576e-07
7.459173007263295	-4.606913491211073e-07
7.486748987557845	-4.470696655194921e-07
7.514324967852395	-4.33854720825242e-07
7.541900948146945	-4.210343961325416e-07
7.569476928441495	-4.085969736630918e-07
7.597052908736045	-3.96531126763274e-07
7.624628889030595	-3.848259112474738e-07
7.652204869325145	-3.734707582858589e-07
7.679780849619696	-3.624554691164051e-07
7.707356829914246	-3.517151895690517e-07
7.734932810208796	-3.413544246633243e-07
7.762508790503346	-3.313100713775249e-07
7.790084770797896	-3.215732618206227e-07
7.817660751092446	-3.121352981483846e-07
7.845236731386996	-3.029876493126411e-07
7.872812711681546	-2.941219489797193e-07
7.900388691976096	-2.855300015648924e-07
7.927964672270646	-2.772036993324585e-07
7.955540652565197	-2.69135257637929e-07
7.983116632859747	-2.61251991383198e-07
8.010692613154298	-2.536868789137278e-07
8.038268593448848	-2.463601843191331e-07
8.065844573743398	-2.392631457326643e-07
8.093420554037948	-2.323873588448781e-07
8.120996534332498	-2.257247563082477e-07
8.148572514627048	-2.192676042951489e-07
8.176148494921598	-2.130084979385257e-07
8.203724475216148	-2.069403536592501e-07
8.231300455510699	-2.010563988788829e-07
8.258876435805249	-1.953528860719075e-07
8.286452416099799	-1.898176902833557e-07
8.314028396394349	-1.84447989796403e-07
8.341604376688899	-1.792381878290357e-07
8.369180356983449	-1.74182923956271e-07
8.396756337277999	-1.692770610751098e-07
8.424332317572549	-1.645156732361756e-07
8.451908297867099	-1.598940342828526e-07
8.47948427816165	-1.554076072418023e-07
8.5070602584562	-1.51052034411905e-07
8.53463623875075	-1.468229713739393e-07
8.5622122190453	-1.427167295988746e-07
8.58978819933985	-1.387292631098074e-07
8.6173641796344	-1.348568417736336e-07
8.64494015992895	-1.310958741283775e-07
8.6725161402235	-1.274429007076382e-07
8.70009212051805	-1.238945877848083e-07
8.7276681008126	-1.204477215035356e-07
8.755244081107151	-1.170992023649839e-07
8.782820061401701	-1.138460400454859e-07
8.810396041696251	-1.106853196905411e-07
8.837972021990801	-1.076143153700237e-07
8.865548002285351	-1.046303074141392e-07
8.893123982579901	-1.017306953132031e-07
8.920699962874451	-9.89129660248028e-08
8.948275943169001	-9.617469036677341e-08
8.975851923463551	-9.351351959514401e-08
9.003427903758102	-9.092718215836525e-08
9.031003884052652	-8.841348061811372e-08
9.058579864347202	-8.597028872694549e-08
9.086155844641752	-8.359551104082101e-08
9.113731824936302	-8.12872368815918e-08
9.141307805230852	-7.904349564820796e-08
9.168883785525402	-7.686241861657667e-08
9.196459765819952	-7.474219574542736e-08
9.224035746114502	-7.268107353307677e-08
9.251611726409052	-7.067735296920478e-08
9.279187706703603	-6.872938757725763e-08
9.306763686998153	-6.683558154319584e-08
9.334339667292703	-6.499438792644442e-08
9.361915647587253	-6.320424733832063e-08
9.389491627881803	-6.146383414625701e-08
9.417067608176353	-5.977167216157526e-08
9.444643588470903	-5.812639242414745e-08
9.472219568765453	-5.652666710701605e-08
9.499795549060003	-5.497120814306906e-08
9.527371529354554	-5.345876590090087e-08
9.554947509649104	-5.198812790944887e-08
9.582523489943654	-5.055811763049617e-08
9.610099470238204	-4.916759327779064e-08
9.637675450532754	-4.781555601917117e-08
9.665251430827304	-4.650071191957215e-08
9.692827411121854	-4.522211713956183e-08
9.720403391416404	-4.397875440592545e-08
9.747979371710954	-4.276962959573531e-08
9.775555352005505	-4.159374741347269e-08
9.803131332300055	-4.044970233154041e-08
9.830707312594605	-3.933912253105684e-08
9.858283292889155	-3.825747683069985e-08
9.885859273183705	-3.720580810180599e-08
9.913435253478255	-3.618296723495764e-08
9.941011233772805	-3.518843446765562e-08
9.968587214067355	-3.422124089977844e-08
9.996163194361905	-3.328062925122737e-08
10.02373917465646	-3.236586377369546e-08
10.05131515495101	-3.147622959441558e-08
10.07889113524556	-3.061103208301882e-08
10.10646711554011	-2.976959624037577e-08
10.13404309583466	-2.895126610836254e-08
10.16161907612921	-2.815540419955674e-08
10.18919505642376	-2.738140374319615e-08
10.21677103671831	-2.66286357176828e-08
10.24434701701286	-2.589652782621203e-08
10.27192299730741	-2.518451124926355e-08
10.29949897760196	-2.4492033094737e-08
10.32707495789651	-2.381855592941886e-08
10.35465093819106	-2.316355732586489e-08
10.38222691848561	-2.252652942406026e-08
10.40980289878016	-2.190697850725643e-08
10.43737887907471	-2.130442459141861e-08
10.46495485936926	-2.071840608067892e-08
10.49253083966381	-2.014845856959974e-08
10.52010681995836	-1.959414622741169e-08
10.54768280025291	-1.905504022446973e-08
10.57525878054746	-1.853072360800588e-08
10.60283476084201	-1.802079096097177e-08
10.63041074113656	-1.752484807164428e-08
10.65798672143111	-1.704251161358115e-08
10.68556270172566	-1.657340883553463e-08
10.71313868202021	-1.611717726095226e-08
10.74071466231476	-1.567347003958618e-08
10.76829064260931	-1.524193235345813e-08
10.79586662290386	-1.482223684429192e-08
10.82344260319841	-1.441405940628366e-08
10.85101858349296	-1.401708484443139e-08
10.87859456378751	-1.363100662184241e-08
10.90617054408206	-1.325552661501485e-08
10.93374652437661	-1.289035487676288e-08
10.96132250467116	-1.253520940647617e-08
10.98889848496571	-1.218981592742402e-08
11.01647446526026	-1.185391131901085e-08
11.04405044555481	-1.152722827350902e-08
11.07162642584936	-1.120951839222923e-08
11.09920240614391	-1.090053627027194e-08
11.12677838643846	-1.060004320847866e-08
11.15435436673301	-1.03078070261876e-08
11.18193034702756	-1.0023601879885e-08
11.20950632732211	-9.747208087467957e-09
11.23708230761666	-9.478411957863049e-09
11.26465828791121	-9.217005625768869e-09
11.29223426820576	-8.962786109341172e-09
11.31981024850031	-8.715558388891396e-09
11.34738622879486	-8.475130294938523e-09
11.37496220908941	-8.241315694075946e-09
11.40253818938396	-8.013933521797615e-09
11.43011416967851	-7.792807644436261e-09
11.45769014997306	-7.577766724949309e-09
11.48526613026761	-7.368644092435343e-09
11.51284211056216	-7.165277615268541e-09
11.54041809085671	-6.967509577742651e-09
11.56799407115126	-6.775186152660411e-09
11.59557005144581	-6.588158964430564e-09
11.62314603174036	-6.406282410043846e-09
11.65072201203491	-6.229415264018842e-09
11.67829799232946	-6.057420148329421e-09
11.70587397262401	-5.890163428256686e-09
11.73344995291856	-5.727515111065749e-09
11.76102593321311	-5.569348747428077e-09
11.78860191350766	-5.415541335512635e-09
11.81617789380221	-5.265973227671481e-09
11.84375387409676	-5.120527703702347e-09
11.87132985439131	-4.979092268649784e-09
11.89890583468586	-4.841556447374159e-09
11.92648181498041	-4.707813119643864e-09
11.95405779527496	-4.57775808875048e-09
11.98163377556951	-4.451290002509336e-09
12.00920975586406	-4.328310276367384e-09
12.03678573615861	-4.208723018562813e-09
12.06436171645316	-4.092434957282353e-09
12.09193769674771	-3.979355369763546e-09
12.11951367704226	-3.869395690626061e-09
12.14708965733681	-3.762470779576635e-09
12.17466563763136	-3.658496808121017e-09
12.20224161792591	-3.557392571964833e-09
12.22981759822046	-3.459079088582577e-09
12.25739357851501	-3.363479537133811e-09
12.28496955880956	-3.270519199957505e-09
12.31254553910411	-3.180125405607417e-09
12.34012151939866	-3.092227473391763e-09
12.36769749969321	-3.006756659380788e-09
12.39527347998776	-2.923645667396132e-09
12.42284946028231	-2.842830415728944e-09
12.45042544057686	-2.76424717384899e-09
12.47800142087141	-2.68783442409052e-09
12.50557740116597	-2.613532337181621e-09
12.53315338146052	-2.541282726362086e-09
12.56072936175507	-2.471029002695758e-09
12.58830534204962	-2.402716131557228e-09
12.61588132234417	-2.336290590270131e-09
12.64345730263872	-2.271700326872436e-09
12.67103328293327	-2.208894855869758e-09
12.69860926322782	-2.147824664247617e-09
12.72618524352237	-2.088442011693999e-09
12.75376122381692	-2.030700338899873e-09
12.78133720411147	-1.974554367324005e-09
12.80891318440602	-1.919960064190961e-09
12.83648916470057	-1.866874608466002e-09
12.86406514499512	-1.815256357800664e-09
12.89164112528967	-1.765064816462495e-09
12.91921710558422	-1.716260604306133e-09
12.94679308587877	-1.668806052081718e-09
12.97436906617332	-1.622662718087838e-09
13.00194504646787	-1.577794926087787e-09
13.02952102676242	-1.534167451970089e-09
13.05709700705697	-1.491746041921049e-09
13.08467298735152	-1.45049738580945e-09
13.11224896764607	-1.410389091295816e-09
13.13982494794062	-1.371389658646668e-09
13.16740092823517	-1.333468456234712e-09
13.19497690852972	-1.296595696706413e-09
13.22255288882427	-1.260742472723716e-09
13.25012886911882	-1.225880493097456e-09
13.27770484941337	-1.191982426412624e-09
13.30528082970792	-1.159021637401554e-09
13.33285681000247	-1.126972225530003e-09
13.36043279029702	-1.095809004800121e-09
13.38800877059157	-1.065507484105192e-09
13.41558475088612	-1.036043848121208e-09
13.44316073118067	-1.007394938720759e-09
13.47073671147522	-9.795382368950799e-10
13.49831269176977	-9.52451867038187e-10
13.52588867206432	-9.261144897447198e-10
13.55346465235887	-9.005054227579212e-10
13.58104063265342	-8.756045327121656e-10
13.60861661294797	-8.513922421882643e-10
13.63619259324252	-8.278495143994894e-10
13.66376857353707	-8.049578382981042e-10
13.69134455383162	-7.826992140905254e-10
13.71892053412617	-7.610561391498395e-10
13.74649651442072	-7.400115943147919e-10
13.77407249471527	-7.1954903833537e-10
13.80164847500982	-6.996523629629927e-10
13.82922445530437	-6.803059289904342e-10
13.85680043559892	-6.614945215795921e-10
13.88437641589347	-6.432033463101873e-10
13.91195239618802	-6.254180175821121e-10
13.93952837648257	-6.081245473357353e-10
13.96710435677712	-5.913093340802648e-10
13.99468033707167	-5.749591522177882e-10
14.02225631736622	-5.590611416387021e-10
14.04983229766077	-5.43602802517993e-10
14.07740827795532	-5.285719668624248e-10
14.10498425824987	-5.13956816047408e-10
14.13256023854442	-4.997458540776341e-10
14.16013621883897	-4.859279027613635e-10
14.18771219913352	-4.724920929350362e-10
14.21528817942807	-4.594278559295697e-10
14.24286415972262	-4.467249152717236e-10
14.27044014001717	-4.343732786140859e-10
14.29801612031172	-4.223632298874141e-10
14.32559210060627	-4.106853224312196e-10
14.35316808090082	-3.993303684353064e-10
14.38074406119537	-3.882894365077792e-10
14.40832004148992	-3.775538414640123e-10
14.43589602178447	-3.671151382886637e-10
14.46347200207902	-3.569651154993699e-10
14.49104798237357	-3.470957886934801e-10
14.51862396266812	-3.374993942727969e-10
14.54619994296267	-3.281683833414338e-10
14.57377592325722	-3.19095415772029e-10
14.60135190355177	-3.102733544424204e-10
14.62892788384632	-3.016952595919544e-10
14.65650386414087	-2.933543834247822e-10
14.68407984443542	-2.852441647592382e-10
14.71165582472997	-2.773582238810323e-10
14.73923180502452	-2.696903575266556e-10
14.76680778531907	-2.622345340052731e-10
14.79438376561362	-2.549848884552793e-10
14.82195974590817	-2.479357182317891e-10
14.84953572620272	-2.410814784214072e-10
14.87711170649727	-2.344167810078357e-10
14.90468768679182	-2.279363634035633e-10
14.93226366708637	-2.216351653213643e-10
14.95983964738092	-2.155082035160396e-10
14.98741562767547	-2.095506644928038e-10
15.01499160797002	-2.037578626371995e-10
15.04256758826457	-1.981252416597678e-10
15.07014356855912	-1.92648371246046e-10
15.09771954885368	-1.873229436124376e-10
15.12529552914823	-1.821447701283874e-10
15.15287150944278	-1.771097779608133e-10
15.18044748973733	-1.722140071473821e-10
15.20802347003188	-1.674536070345135e-10
15.23559945032643	-1.628248335681204e-10
15.26317543062098	-1.583240462629764e-10
15.29075141091553	-1.539477053379971e-10
15.31832739121008	-1.496923689307153e-10
15.34590337150463	-1.45554690388765e-10
15.37347935179918	-1.415314156362479e-10
15.40105533209373	-1.376193806129139e-10
15.42863131238828	-1.338155088605326e-10
15.45620729268283	-1.301168087873189e-10
15.48378327297738	-1.265203717929838e-10
15.51135925327193	-1.230233696598815e-10
15.53893523356648	-1.196230524058633e-10
15.56651121386103	-1.163167461199696e-10
15.59408719415558	-1.131018508579788e-10
15.62166317445013	-1.099758385961571e-10
15.64923915474468	-1.069362512416003e-10
15.67681513503923	-1.039806986976068e-10
15.70439111533378	-1.011068570372487e-10
15.73196709562833	-9.831246644597313e-11
15.75954307592288	-9.55953297967472e-11
15.78711905621743	-9.295331068151448e-11
15.81469503651198	-9.038433178926609e-11
15.84227101680653	-8.788637327113364e-11
15.86984699710108	-8.545747115080296e-11
15.89742297739563	-8.309571577911901e-11
15.92499895769018	-8.079925033202875e-11
15.95257493798473	-7.856626935197595e-11
15.98015091827928	-7.639501604166603e-11
16.00772689857383	-7.428378646615768e-11
16.03530287886838	-7.223091869356182e-11
16.06287885916293	-7.02347992024448e-11
16.09045483945748	-6.829385884587873e-11
16.11803081975203	-6.640657184473894e-11
16.14560680004658	-6.457145461373387e-11
16.17318278034113	-6.278706459997177e-11
16.20075876063568	-6.105199914960079e-11
16.22833474093023	-5.936489440465414e-11
16.25591072122478	-5.772442417532132e-11
16.28348670151933	-5.612929910921112e-11
16.31106268181388	-5.457826536816775e-11
16.33863866210843	-5.307010384225852e-11
16.36621464240298	-5.160362915083617e-11
16.39379062269753	-5.017768916515533e-11
16.42136660299208	-4.879116146685077e-11
16.44894258328663	-4.744295821932596e-11
16.47651856358118	-4.613201909602319e-11
16.50409454387573	-4.485731383086464e-11
16.53167052417028	-4.361784075468758e-11
16.55924650446483	-4.241262552453542e-11
16.58682248475938	-4.124072112722486e-11
16.61439846505393	-4.010120660949888e-11
16.64197444534848	-3.899318648650707e-11
16.66955042564303	-3.791579003398326e-11
16.69712640593758	-3.68681705862679e-11
16.72470238623213	-3.584950460197015e-11
16.75227836652668	-3.48589934395262e-11
16.77985434682123	-3.389585605090594e-11
16.80743032711578	-3.295933691407345e-11
16.83500630741033	-3.204870038736656e-11
16.86258228770488	-3.116323062011596e-11
16.89015826799943	-3.030223279126645e-11
16.91773424829398	-2.946502864175556e-11
16.94531022858853	-2.865096161798669e-11
16.97288620888308	-2.785939189086191e-11
17.00046218917763	-2.708969753339966e-11
17.02803816947218	-2.634127383032963e-11
17.05561414976673	-2.561353279103605e-11
17.08319013006128	-2.49059027386837e-11
17.11076611035583	-2.421782763945756e-11
17.13834209065038	-2.354876700077916e-11
17.16591807094493	-2.289819522022075e-11
17.19349405123948	-2.226560122767948e-11
17.22107003153403	-2.16504880811642e-11
17.24864601182858	-2.105237256360337e-11
17.27622199212313	-2.047078455601675e-11
17.30379797241768	-1.990526858334733e-11
17.33137395271223	-1.935537854933961e-11
17.35894993300678	-1.882068341922399e-11
17.38652591330133	-1.830076318943265e-11
17.41410189359588	-1.779520942691785e-11
17.44167787389043	-1.73036250457676e-11
17.46925385418498	-1.682562393887988e-11
17.49682983447953	-1.636083067426791e-11
17.52440581477408	-1.590888019979447e-11
17.55198179506863	-1.546941755608602e-11
17.57955777536318	-1.504209759739476e-11
17.60713375565773	-1.462658472018571e-11
17.63470973595228	-1.422255260197388e-11
17.66228571624683	-1.382968393328911e-11
17.68986169654139	-1.344767018592302e-11
17.71743767683594	-1.307621135823324e-11
17.74501365713049	-1.2715015742295e-11
17.77258963742504	-1.236379969454151e-11
17.80016561771959	-1.202228741274947e-11
17.82774159801414	-1.169021071919408e-11
17.85531757830869	-1.13673088498028e-11
17.88289355860324	-1.105332824914197e-11
17.91046953889779	-1.074802237195787e-11
17.93804551919234	-1.045115148574876e-11
17.96562149948689	-1.01624824877247e-11
17.99319747978144	-9.881788717974573e-12
18.02077346007599	-9.608849782157404e-12
18.04834944037054	-9.343451378248314e-12
18.07592542066509	-9.085385128077308e-12
18.10350140095964	-8.834448413528273e-12
18.13107738125419	-8.590444217269582e-12
18.15865336154874	-8.35318096789128e-12
18.18622934184329	-8.122472373127848e-12
18.21380532213784	-7.898137330200497e-12
18.24138130243239	-7.679999697826721e-12
18.26895728272694	-7.467888739716753e-12
18.29653326302149	-7.261636524933434e-12
18.32410924331604	-7.061082452311547e-12
18.35168522361059	-6.866068682969645e-12
18.37926120390514	-6.676442120631967e-12
18.40683718419969	-6.492053905820835e-12
18.43441316449424	-6.312759294364697e-12
18.46198914478879	-6.138417548467781e-12
18.48956512508334	-5.96889180260177e-12
18.51714110537789	-5.804048992857246e-12
18.54471708567244	-5.643759726465014e-12
18.57229306596699	-5.487898186832133e-12
18.59986904626154	-5.336342034674046e-12
18.62744502655609	-5.188972311880928e-12
18.65502100685064	-5.04567334804259e-12
18.68259698714519	-4.906332669558409e-12
18.71017296743974	-4.770840911260735e-12
18.73774894773429	-4.639091739005243e-12
18.76532492802884	-4.510981735123168e-12
18.79290090832339	-4.386410363826699e-12
18.82047688861794	-4.265279720627115e-12
18.84805286891249	-4.14749509818719e-12
18.87562884920704	-4.032963736705331e-12
18.90320482950159	-3.921595844822631e-12
18.93078080979614	-3.813304025224481e-12
18.95835679009069	-3.708003293992432e-12
18.98593277038524	-3.605611015390014e-12
19.01350875067979	-3.506046836982579e-12
19.04108473097434	-3.409232627396506e-12
19.06866071126889	-3.315092413740555e-12
19.09623669156344	-3.223552322720018e-12
19.12381267185799	-3.134540522425399e-12
19.15138865215254	-3.047987165907753e-12
19.17896463244709	-2.96382433631328e-12
19.20654061274164	-2.88198599353446e-12
19.23411659303619	-2.802407922336032e-12
19.26169257333074	-2.72502768191507e-12
19.28926855362529	-2.649784556912811e-12
19.31684453391984	-2.576619509481556e-12
19.34442051421439	-2.505475133301625e-12
19.37199649450894	-2.436295608220436e-12
19.39957247480349	-2.369026656480219e-12
19.42714845509804	-2.303615500087924e-12
19.45472443539259	-2.2400108193637e-12
19.48230041568714	-2.178162712635379e-12
19.50987639598169	-2.118022657047262e-12
19.53745237627624	-2.059543470452384e-12
19.56502835657079	-2.002679274444196e-12
19.59260433686534	-1.947385457991113e-12
19.62018031715989	-1.893618642882455e-12
19.64775629745444	-1.841336649362881e-12
19.67533227774899	-1.7904984630793e-12
19.70290825804354	-1.74106420287326e-12
19.73048423833809	-1.69299508946378e-12
19.75806021863264	-1.646253414996112e-12
19.78563619892719	-1.600802513432581e-12
19.81321217922174	-1.556606731762581e-12
19.84078815951629	-1.513631404683692e-12
19.86836413981084	-1.471842816804856e-12
19.89594012010539	-1.431208191669909e-12
19.92351610039994	-1.391695656026057e-12
19.95109208069449	-1.353274217196348e-12
19.97866806098904	-1.315913738745281e-12
20.00624404128359	-1.279584916817079e-12
20.03382002157814	-1.244259257128028e-12
20.06139600187269	-1.209909052594809e-12
20.08897198216724	-1.176507361581207e-12
20.11654796246179	-1.144027986098629e-12
20.14412394275634	-1.112445453865183e-12
20.17169992305089	-1.081734994370931e-12
20.19927590334544	-1.051872522018086e-12
20.22685188363999	-1.022834616583989e-12
20.25442786393454	-9.945985048363574e-13
20.2820038442291	-9.671420426576892e-13
20.30957982452365	-9.404436976661047e-13
20.3371558048182	-9.144825323227632e-13
20.36473178511275	-8.892381875257905e-13
20.3923077654073	-8.646908616314714e-13
20.41988374570185	-8.40821313282764e-13
20.4474597259964	-8.176108205083254e-13
20.47503570629095	-7.950411822076882e-13
20.5026116865855	-7.730947000562563e-13
20.53018766688005	-7.517541646136869e-13
20.5577636471746	-7.310028418161632e-13
20.58533962746915	-7.108244598419512e-13
20.6129156077637	-6.912031963399271e-13
20.64049158805825	-6.721236660110518e-13
20.6680675683528	-6.535709086413715e-13
20.69564354864735	-6.35530376921425e-13
20.7232195289419	-6.179879256861799e-13
20.75079550923645	-6.0092980038187e-13
20.778371489531	-5.843426263760015e-13
20.80594746982555	-5.682133984606398e-13
20.8335234501201	-5.525294706455997e-13
20.86109943041465	-5.372785462333051e-13
20.8886754107092	-5.224486681669076e-13
20.91625139100375	-5.080282096420258e-13
20.9438273712983	-4.940058658265448e-13
20.97140335159285	-4.803706419198708e-13
20.9989793318874	-4.671118487853184e-13
21.02655531218195	-4.542190919186231e-13
21.0541312924765	-4.416822639079721e-13
21.08170727277105	-4.294915365027305e-13
21.1092832530656	-4.176373529013335e-13
21.13685923336015	-4.061104202522844e-13
21.1644352136547	-3.949017023623711e-13
21.19201119394925	-3.840024126063711e-13
21.2195871742438	-3.734040068755761e-13
21.24716315453835	-3.630981775086533e-13
21.2747391348329	-3.530768458263598e-13
21.30231511512745	-3.433321564121796e-13
21.329891095422	-3.338564707990261e-13
21.35746707571655	-3.246423614764202e-13
21.3850430560111	-3.156826060634658e-13
21.41261903630565	-3.069701816433058e-13
21.4401950166002	-2.98498259255301e-13
21.46777099689475	-2.902601985428323e-13
21.4953469771893	-2.822495411552504e-13
21.52292295748385	-2.744600108404291e-13
21.5504989377784	-2.66885501247416e-13
21.57807491807295	-2.595200757046253e-13
21.6056508983675	-2.523579614868398e-13
21.63322687866205	-2.453935452866862e-13
21.6608028589566	-2.386213688112218e-13
21.68837883925115	-2.320361245001755e-13
21.7159548195457	-2.256326513624806e-13
21.74353079984025	-2.194059309278352e-13
21.7711067801348	-2.133510834558789e-13
21.79868276042935	-2.074633635240221e-13
21.8262587407239	-2.017381571702088e-13
21.85383472101845	-1.961709777100599e-13
21.881410701313	-1.907574623518384e-13
21.90898668160755	-1.854933687696499e-13
21.9365626619021	-1.803745717591491e-13
21.96413864219665	-1.753970599113159e-13
21.9917146224912	-1.705569308775631e-13
22.01929060278575	-1.658504016861055e-13
22.0468665830803	-1.612737693782102e-13
22.07444256337485	-1.568234568725748e-13
22.1020185436694	-1.524959750130435e-13
22.12959452396395	-1.482879328976195e-13
22.1571705042585	-1.441960332552087e-13
22.18474648455305	-1.402170698596572e-13
22.2123224648476	-1.363479250152256e-13
22.23989844514215	-1.325855671115279e-13
22.2674744254367	-1.289270482460153e-13
22.29505040573125	-1.253695019121369e-13
22.3226263860258	-1.219101407614437e-13
22.35020236632035	-1.185462543759015e-13
22.3777783466149	-1.152752072067687e-13
22.40535432690945	-1.120944364643912e-13
22.432930307204	-1.090014501192984e-13
22.46050628749855	-1.059938249480255e-13
22.4880822677931	-1.030692046329191e-13
22.51565824808765	-1.002252979144317e-13
22.5432342283822	-9.74598767944568e-14
22.57081020867675	-9.477077478929346e-14
22.5983861889713	-9.215588521351896e-14
22.62596216926585	-8.961315959890934e-14
22.6535381495604	-8.714060598146632e-14
22.68111412985495	-8.47362874100806e-14
22.7086901101495	-8.239832041058259e-14
22.73626609044405	-8.012487350897431e-14
22.7638420707386	-7.791416579544726e-14
22.79141805103315	-7.576446552805751e-14
22.8189940313277	-7.367408877495715e-14
22.84657001162225	-7.164139809410551e-14
22.87414599191681	-6.966480111138913e-14
22.90172197221136	-6.774274982831063e-14
22.92929795250591	-6.58737385766305e-14
22.95687393280046	-6.405630338573347e-14
22.98444991309501	-6.228902070105597e-14
23.01202589338956	-6.057050626805416e-14
23.03960187368411	-5.889941404700212e-14
23.06717785397866	-5.727443515776598e-14
23.09475383427321	-5.569429685372453e-14
23.12232981456776	-5.415776152403082e-14
23.14990579486231	-5.266362571971269e-14
23.17748177515686	-5.12107192256249e-14
23.20505775545141	-4.979790411966629e-14
23.23263373574596	-4.842407389649296e-14
23.26020971604051	-4.708815259627764e-14
23.28778569633506	-4.578909396130514e-14
23.31536167662961	-4.452588061586041e-14
23.34293765692416	-4.329752326876595e-14
23.37051363721871	-4.210305993794269e-14
23.39808961751326	-4.094155519638592e-14
23.42566559780781	-3.981209944464262e-14
23.45324157810236	-3.871380817474756e-14
23.48081755839691	-3.764582131171669e-14
23.50839353869146	-3.660730251655221e-14
23.53596951898601	-3.559743853631637e-14
23.56354549928056	-3.461543856673322e-14
23.59112147957511	-3.366053363239261e-14
23.61869745986966	-3.273197598407032e-14
23.64627344016421	-3.18290385126913e-14
23.67384942045876	-3.095101417947658e-14
23.70142540075331	-3.009721546289432e-14
23.72900138104786	-2.926697381544395e-14
23.75657736134241	-2.845963914644175e-14
23.78415334163696	-2.76745793080606e-14
23.81172932193151	-2.691117960103862e-14
23.83930530222606	-2.616884229295987e-14
23.86688128252061	-2.544698614983741e-14
23.89445726281516	-2.474504598063111e-14
23.92203324310971	-2.406247219434303e-14
23.94960922340426	-2.339873036934307e-14
23.97718520369881	-2.275330082902484e-14
24.00476118399336	-2.212567825715339e-14
24.03233716428791	-2.151537126807352e-14
24.05991314458246	-2.092190204387927e-14
24.08748912487701	-2.034480595460606e-14
24.11506510517156	-1.978363119416331e-14
24.14264108546611	-1.92379384263204e-14
24.17021706576066	-1.870730044046939e-14
24.19779304605521	-1.819130181689628e-14
24.22536902634976	-1.768953860130293e-14
24.25294500664431	-1.720161795227043e-14
24.28052098693886	-1.672715797180843e-14
24.30809696723341	-1.626578720753578e-14
24.33567294752796	-1.581714448784182e-14
24.36324892782251	-1.538087860896861e-14
24.39082490811706	-1.495664805985455e-14
24.41840088841161	-1.454412075457508e-14
24.44597686870616	-1.414297377217076e-14
24.47355284900071	-1.375289310365859e-14
24.50112882929526	-1.337357340602837e-14
24.52870480958981	-1.300471775119495e-14
24.55628078988436	-1.264603744338718e-14
24.58385677017891	-1.229725171409789e-14
24.61143275047346	-1.195808755707196e-14
24.63900873076801	-1.162827950025259e-14
24.66658471106256	-1.130756939780594e-14
24.69416069135711	-1.099570622789241e-14
24.72173667165166	-1.069244589602352e-14
24.74931265194621	-1.039755104384914e-14
24.77688863224076	-1.011079086322437e-14
24.80446461253531	-9.83194091435222e-15
24.83204059282986	-9.560782954377415e-15
24.85961657312441	-9.297104759630286e-15
24.88719255341896	-9.040699964004325e-15
24.91476853371351	-8.791367896159997e-15
24.94234451400806	-8.548913422342607e-15
24.96992049430261	-8.313146793539505e-15
24.99749647459716	-8.083883496856785e-15
25.02507245489171	-7.860944110998999e-15
25.05264843518626	-7.644154165738524e-15
25.08022441548081	-7.433344004790833e-15
25.10780039577536	-7.228348654874956e-15
25.13537637606991	-7.029007693566722e-15
25.16295235636446	-6.835165125600976e-15
25.19052833665901	-6.646669260220092e-15
25.21810431695356	-6.463372592371654e-15
25.24568029724811	-6.285131687185715e-15
25.27325627754266	-6.111807067641013e-15
25.30083225783721	-5.94326310533213e-15
25.32840823813176	-5.779367914251913e-15
25.35598421842631	-5.619993250744239e-15
25.38356019872086	-5.46501439979291e-15
25.41113617901541	-5.314310097504683e-15
25.43871215930996	-5.16776242275976e-15
25.46628813960452	-5.025256708151317e-15
25.49386411989907	-4.886681450189302e-15
25.52144010019362	-4.751928221983002e-15
25.54901608048817	-4.620891588334008e-15
25.57659206078272	-4.493469023172942e-15
25.60416804107727	-4.369560829275273e-15
25.63174402137182	-4.249070055310399e-15
25.65932000166637	-4.131902438007218e-15
25.68689598196092	-4.017966301478548e-15
25.71447196225547	-3.907171932129116e-15
25.74204794255002	-3.799434389462291e-15
25.76962392284457	-3.69466762355943e-15
25.79719990313912	-3.592790264628025e-15
25.82477588343367	-3.49372260790505e-15
25.85235186372822	-3.397387148896979e-15
25.87992784402277	-3.30370852164778e-15
25.90750382431732	-3.212613441037791e-15
25.93507980461187	-3.124030639242477e-15
25.96265578490642	-3.037890819541566e-15
25.99023176520097	-2.954126595394423e-15
26.01780774549552	-2.872672439393234e-15
26.04538372579007	-2.793464631961096e-15
26.07295970608462	-2.716441211466073e-15
26.10053568637917	-2.641541925712111e-15
26.12811166667372	-2.568708184768811e-15
26.15568764696827	-2.497883015103114e-15
26.18326362726282	-2.429011012768966e-15
26.21083960755737	-2.362038309161552e-15
26.23841558785192	-2.296912514854262e-15
26.26599156814647	-2.233582687988744e-15
26.29356754844102	-2.171999292066273e-15
26.32114352873557	-2.112114157169868e-15
26.34871950903012	-2.05388044225657e-15
26.37629548932467	-1.997252598490369e-15
26.40387146961922	-1.942186333587027e-15
26.43144744991377	-1.888638577142929e-15
26.45902343020832	-1.836567447034403e-15
26.48659941050287	-1.785932216168319e-15
26.51417539079742	-1.736693281308474e-15
26.54175137109197	-1.688812131607794e-15
26.56932735138652	-1.642251318579375e-15
26.59690333168107	-1.596974426784478e-15
26.62447931197562	-1.552946045329466e-15
26.65205529227017	-1.510131740149368e-15
26.67963127256472	-1.468498027056381e-15
26.70720725285927	-1.428012345532235e-15
26.73478323315382	-1.388643033543614e-15
26.76235921344837	-1.350359301600078e-15
26.78993519374292	-1.313131210320056e-15
26.81751117403747	-1.27692964594646e-15
26.84508715433202	-1.241726297809367e-15
26.87266313462657	-1.207493636169008e-15
26.90023911492112	-1.174204890670171e-15
26.92781509521567	-1.141834029391172e-15
26.95539107551022	-1.110355738470958e-15
26.98296705580477	-1.079745402298399e-15
27.01054303609932	-1.049979084584862e-15
27.03811901639387	-1.021033508233772e-15
27.06569499668842	-9.928860392811808e-16
27.09327097698297	-9.655146677240313e-16
27.12084695727752	-9.38897990659898e-16
27.14842293757207	-9.130151955381489e-16
27.17599891786662	-8.878460438732563e-16
27.20357489816117	-8.633708554075131e-16
27.23115087845572	-8.395704927107447e-16
27.25872685875027	-8.164263462049691e-16
27.28630283904482	-7.939203195629842e-16
27.31387881933937	-7.720348157098059e-16
27.34145479963392	-7.50752722806397e-16
27.36903077992847	-7.300574010246072e-16
27.39660676022302	-7.099326694864748e-16
27.42418274051757	-6.903627936033107e-16
27.45175872081212	-6.713324727641201e-16
27.47933470110667	-6.528268283637326e-16
27.50691068140122	-6.348313921612555e-16
27.53448666169577	-6.173320949597459e-16
27.56206264199032	-6.003152556643526e-16
27.58963862228487	-5.837675703133834e-16
27.61721460257942	-5.676761020600043e-16
27.64479058287397	-5.520282707974717e-16
27.67236656316852	-5.368118433775465e-16
27.69994254346307	-5.220149240395883e-16
27.72751852375762	-5.076259451037102e-16
27.75509450405217	-4.93633657920718e-16
27.78267048434672	-4.800271240717377e-16
27.81024646464127	-4.6679570681065e-16
27.83782244493582	-4.539290627007242e-16
27.86539842523037	-4.414171336874146e-16
27.89297440552492	-4.292501389922992e-16
27.92055038581947	-4.174185676119992e-16
27.94812636611402	-4.059131708423279e-16
27.97570234640857	-3.947249550433461e-16
28.00327832670312	-3.838451746042531e-16
28.03085430699767	-3.732653251029262e-16
28.05843028729223	-3.629771366556719e-16
28.08600626758678	-3.529725674553214e-16
28.11358224788133	-3.432437964485142e-16
28.14115822817588	-3.33783220987524e-16
28.16873420847043	-3.245834456084743e-16
28.19631018876498	-3.156372795467683e-16
28.22388616905953	-3.06937730337064e-16
28.25146214935408	-2.98477998343803e-16
28.27903812964863	-2.902514714426191e-16
28.30661410994318	-2.822517198484683e-16
28.33419009023773	-2.744724910864303e-16
28.36176607053228	-2.669077051012463e-16
28.38934205082683	-2.595514494090909e-16
28.41691803112138	-2.523979748669787e-16
28.44449401141593	-2.454416905493522e-16
28.47206999171048	-2.386771598179254e-16
28.49964597200503	-2.320990959522789e-16
28.52722195229958	-2.257023580151386e-16
28.55479793259413	-2.194819468316578e-16
28.58237391288868	-2.134330010795921e-16
28.60994989318323	-2.075507934873168e-16
28.63752587347778	-2.018307271367197e-16
28.66510185377233	-1.96268332024037e-16
28.69267783406688	-1.908592609220585e-16
28.72025381436143	-1.855992869587789e-16
28.74782979465598	-1.80484299659288e-16
28.77540577495053	-1.755103018916739e-16
28.80298175524508	-1.70673406741053e-16
28.83055773553963	-1.659698344698344e-16
28.85813371583418	-1.613959095618374e-16
28.88570969612873	-1.569480578479495e-16
28.91328567642328	-1.526228037110744e-16
28.94086165671783	-1.484167672081324e-16
28.96843763701238	-1.443266620858462e-16
28.99601361730693	-1.403492922064841e-16
29.02358959760148	-1.364815497186226e-16
29.05116557789603	-1.327204124620525e-16
29.07874155819058	-1.290629416046537e-16
29.10631753848513	-1.255062793444493e-16
29.13389351877968	-1.220476466750406e-16
29.16146949907423	-1.186843412126747e-16
29.18904547936878	-1.154137350832436e-16
29.21662145966333	-1.122332729086169e-16
29.24419743995788	-1.091404696403214e-16
29.27177342025243	-1.061329088718199e-16
29.29934940054698	-1.032082407797081e-16
29.32692538084153	-1.003641803280208e-16
29.35450136113608	-9.759850548164673e-17
29.38207734143063	-9.490905546902013e-17
29.40965332172518	-9.229372909272798e-17
29.43722930201973	-8.975048308671238e-17
29.46480528231428	-8.72773305187817e-17
29.49238126260883	-8.487233928125468e-17
29.51995724290338	-8.253363039889667e-17
29.54753322319793	-8.025937683678262e-17
29.57510920349248	-7.804780188711968e-17
29.60268518378703	-7.589717782572278e-17
29.63026116408158	-7.380582456128797e-17
29.65783714437613	-7.177210832192018e-17
29.68541312467068	-6.979444037788656e-17
29.71298910496523	-6.787127579959786e-17
29.74056508525978	-6.600111224984414e-17
29.76814106555433	-6.418248879268593e-17
29.79571704584888	-6.241398481992455e-17
29.82329302614343	-6.069421883610089e-17
29.85086900643798	-5.902184744821347e-17
29.87844498673253	-5.739556429842862e-17
29.90602096702708	-5.58140990428973e-17
29.93359694732163	-5.427621635873468e-17
29.96117292761618	-5.278071497838523e-17
29.98874890791073	-5.132642675061781e-17
30.01632488820528	-4.991221572741625e-17
30.04390086849983	-4.853697729306455e-17
30.07147684879438	-4.719963723138924e-17
30.09905282908893	-4.589915099050546e-17
30.12662880938348	-4.463450279751728e-17
30.15420478967803	-4.340470488135006e-17
30.18178076997258	-4.220879670068478e-17
30.20935675026713	-4.104584419318421e-17
30.23693273056168	-3.99149390454228e-17
30.26450871085623	-3.88151979829498e-17
30.29208469115078	-3.774576207993018e-17
30.31966067144533	-3.67057960760347e-17
30.34723665173988	-3.569448777129816e-17
30.37481263203443	-3.471104732014014e-17
30.40238861232898	-3.375470666067628e-17
30.42996459262353	-3.282471890314672e-17
30.45754057291808	-3.192035774622038e-17
30.48511655321263	-3.104091690942401e-17
30.51269253350718	-3.01857095812937e-17
30.54026851380173	-2.935406788294132e-17
30.56784449409628	-2.854534234708647e-17
30.59542047439083	-2.775890130676551e-17
30.62299645468539	-2.699413077140969e-17
30.65057243497994	-2.62504334386568e-17
30.67814841527449	-2.552722854131248e-17
30.70572439556904	-2.482395132056114e-17
30.73330037586359	-2.414005258463139e-17
30.76087635615814	-2.347499827963091e-17
30.78845233645269	-2.282826907221476e-17
30.81602831674724	-2.219935994376126e-17
30.84360429704179	-2.158777979573765e-17
30.87118027733634	-2.099305104453286e-17
30.89875625763089	-2.041470933912895e-17
30.92633223792544	-1.985230305406851e-17
30.95390821821999	-1.930539303782782e-17
30.98148419851454	-1.877355224318266e-17
31.00906017880909	-1.825636539351036e-17
31.03663615910364	-1.775342865829828e-17
31.06421213939819	-1.72643493376016e-17
31.09178811969274	-1.678874555520266e-17
31.11936409998729	-1.632624596023118e-17
31.14694008028184	-1.587648943607843e-17
31.17451606057639	-1.543912482215631e-17
31.20209204087094	-1.501381063342245e-17
31.22966802116549	-1.460021479775701e-17
31.25724400146004	-1.419801439545467e-17
31.28481998175459	-1.380689540692608e-17
31.31239596204914	-1.342655246735564e-17
31.33997194234369	-1.305668862812365e-17
31.36754792263824	-1.269701512480632e-17
31.39512390293279	-1.234725115157229e-17
31.42269988322734	-1.200712364629319e-17
31.45027586352189	-1.167636705697157e-17
31.47785184381644	-1.135472316926447e-17
31.50542782411099	-1.104194087671165e-17
31.53300380440554	-1.073777599398055e-17
31.56057978470009	-1.044199106562127e-17
31.58815576499464	-1.015435518047337e-17
31.61573174528919	-9.874643791251086e-18
31.64330772558374	-9.602638539117824e-18
31.67088370587829	-9.338127083102021e-18
31.69845968617284	-9.080902934217794e-18
31.72603566646739	-8.830765294159543e-18
31.75361164676194	-8.587518898443916e-18
31.78118762705649	-8.350973863876396e-18
31.80876360735104	-8.120945540223111e-18
31.83633958764559	-7.897254365971893e-18
31.86391556794014	-7.679725728069775e-18
31.89149154823469	-7.468189825527349e-18
31.91906752852924	-7.262481536783228e-18
31.94664350882379	-7.06244029072507e-18
31.97421948911834	-6.867909941266223e-18
32.00179546941289	-6.67873864538002e-18
32.02937144970744	-6.49477874449637e-18
32.05694743000199	-6.315886649167916e-18
32.08452341029654	-6.141922726915645e-18
32.11209939059109	-5.972751193166256e-18
32.13967537088564	-5.808240005196061e-18
32.16725135118019	-5.648260758998501e-18
32.19482733147474	-5.492688588994697e-18
32.22240331176929	-5.341402070508611e-18
