0
1000	1776.86	100000000000000.1
5	0	0	1
5	0	0	0
7.494979834713454	1.07641770184762
7.519733422974787	4.116003673835625
7.544487011236121	8.460090323615729
7.569240599497454	14.20667074470786
7.593994187758788	21.41334684859661
7.618747776020121	30.11072690315334
7.643501364281454	40.31204018556685
7.668254952542788	52.01975068502682
7.693008540804121	65.23001057255323
7.717762129065455	79.93562129489132
7.742515717326788	96.12798251356672
7.767269305588122	113.7983583664331
7.792022893849455	132.9386792853946
7.816776482110789	153.542065758165
7.841530070372122	175.6031254957224
7.866283658633455	199.1181183795368
7.891037246894789	224.0850327350248
7.915790835156122	250.5036040454039
7.940544423417456	278.3752945691909
7.965298011678789	307.7032504068664
7.990051599940123	338.4922444443781
8.014805188201457	370.7486118087849
8.03955877646279	404.480181439814
8.064312364724124	439.6962088369394
8.089065952985457	476.4073091634489
8.113819541246791	514.6253914574196
8.138573129508124	554.3636000619158
8.163326717769458	595.6362542208333
8.188080306030791	638.4587952134774
8.212833894292125	682.8477364181094
8.237587482553458	728.823420902273
8.262341070814792	776.4061279718484
8.287094659076125	825.6073446523675
8.311848247337458	876.4496841561051
8.336601835598792	928.9571986498117
8.361355423860125	983.1465597585833
8.386109012121459	1039.037749773558
8.410862600382792	1096.663439792866
8.435616188644126	1156.042278499216
8.460369776905459	1217.198612313023
8.485123365166793	1280.167813788638
8.509876953428126	1344.97050591582
8.534630541689459	1411.636115039614
8.559384129950793	1480.18972696865
8.584137718212126	1550.652842103732
8.60889130647346	1623.076930115263
8.633644894734793	1697.467697351025
8.658398482996127	1773.879389906577
8.68315207125746	1852.329225044003
8.707905659518794	1932.86509810864
8.732659247780127	2015.509960209622
8.75741283604146	2100.310016602104
8.782166424302794	2187.298072822609
8.806920012564127	2276.516995392748
8.831673600825461	2368.009062447299
8.856427189086794	2461.811409646507
8.881180777348128	2557.969392120085
8.905934365609461	2656.528738147973
8.930687953870795	2757.526189301268
8.955441542132128	2861.023878872816
8.980195130393462	2967.05372377397
9.004948718654795	3075.676536914737
9.029702306916128	3186.943552954934
9.054455895177462	3300.907209214889
9.079209483438795	3417.611982131051
9.103963071700129	3537.120312527723
9.128716659961462	3659.479637137087
9.153470248222796	3784.769964567731
9.178223836484129	3913.037927230283
9.202977424745463	4044.330842179125
9.227731013006796	4178.73409597859
9.252484601268129	4316.304025431638
9.277238189529463	4457.097523068542
9.301991777790796	4601.207470235336
9.32674536605213	4748.67799415653
9.351498954313463	4899.593591646617
9.376252542574797	5054.025553418723
9.40100613083613	5212.045056495597
9.425759719097464	5373.737874418072
9.450513307358797	5539.167953537854
9.47526689562013	5708.439667872557
9.500020483881464	5881.611243131976
9.524774072142797	6058.795819978767
9.549527660404131	6240.04830541386
9.574281248665464	6425.48282921702
9.599034836926798	6615.178218610989
9.623788425188131	6809.235513215505
9.648542013449465	7007.741213728673
9.673295601710798	7210.810403407736
9.698049189972132	7418.535388800491
9.722802778233465	7631.010536465677
9.747556366494798	7848.358838658118
9.772309954756132	8070.68006840096
9.797063543017465	8298.076248148103
9.821817131278799	8530.678513312178
9.846570719540132	8768.592873635718
9.871324307801466	9011.938171329184
9.896077896062799	9260.850617240025
9.920831484324133	9515.432972371276
9.945585072585466	9775.835885825589
9.970338660846799	10042.18205010197
9.995092249108133	10314.59326433985
10.01984583736947	10593.21803287818
10.0445994256308	10878.21335196515
10.06935301389213	11169.69232934337
10.09410660215347	11467.81615007539
10.1188601904148	11772.75192417366
10.14361377867613	12084.62883643257
10.16836736693747	12403.6229779091
10.1931209551988	12729.88547130022
10.21787454346013	13063.60045480536
10.24262813172147	13404.92158927051
10.2673817199828	13754.02462891896
10.29213530824413	14111.09301076822
10.31688889650547	14476.31217982054
10.3416424847668	14849.85348220408
10.36639607302813	15231.91254995841
10.39114966128947	15622.67867061788
10.4159032495508	16022.38648724945
10.44065683781213	16431.20221449094
10.46541042607347	16849.34939924343
10.4901640143348	17276.89730649012
10.51491760259614	17714.28176615651
10.53967119085747	18161.76227322154
10.5644247791188	18619.34578348347
10.58917836738014	19087.45512197908
10.61393195564147	19566.46348088698
10.6386855439028	20056.42587405233
10.66343913216414	20557.80239532327
10.68819272042547	21070.62324863214
10.7129463086868	21595.35983315481
10.73769989694814	22132.25155002187
10.76245348520947	22681.68132538954
10.7872070734708	23244.18193613485
10.81196066173214	23819.5398579319
10.83671424999347	24408.80910479628
10.8614678382548	25011.63711280765
10.88622142651614	25629.10351419297
10.91097501477747	26261.01524042707
10.9357286030388	26907.96780290404
10.96048219130014	27570.40757110032
10.98523577956147	28248.61517873347
11.0099893678228	28943.10363335868
11.03474295608414	29654.29439368415
11.05949654434547	30382.61304159974
11.0842501326068	31128.31016724322
11.10900372086814	31892.05636337052
11.13375730912947	32674.1718884707
11.1585108973908	33475.28439504645
11.18326448565214	34295.67264706968
11.20801807391347	35136.27596537377
11.23277166217481	35997.04393942584
11.25752525043614	36878.72743257805
11.28227883869747	37781.70405570475
11.30703242695881	38706.81059897396
11.33178601522014	39654.50765800101
11.35653960348147	40625.16228153506
11.38129319174281	41619.73004003577
11.40604678000414	42638.38141380549
11.43080036826547	43682.13848398894
11.45555395652681	44751.58045774192
11.48030754478814	45846.65555048927
11.50506113304947	46969.13865703875
11.52981472131081	48118.74121745664
11.55456830957214	49296.98390569259
11.57932189783347	50503.73839151055
11.60407548609481	51740.52990268102
11.62882907435614	53007.86428000413
11.65358266261747	54305.88085765285
11.67833625087881	55636.08364309426
11.70308983914014	56999.15662074688
11.72784342740147	58395.76347784355
11.75259701566281	59827.13713187976
11.77735060392414	61293.14033726899
11.80210419218547	62795.52235082906
11.82685778044681	64335.02493444442
11.85161136870814	65912.82089430206
11.87636495696947	67529.33606586455
11.90111854523081	69185.66382008929
11.92587213349214	70883.29279190741
11.95062572175348	72622.45030869688
11.97537931001481	74405.23692115903
12.00013289827614	76231.74473583972
12.02488648653748	78103.18503245758
12.04964007479881	80021.46049871595
12.07439366306014	81987.10185060001
12.09914725132148	84001.05987941302
12.12390083958281	86065.36425996423
12.14865442784414	88180.82492171739
12.17340801610548	90348.21691128235
12.19816160436681	92569.56419170866
12.22291519262814	94846.20303468384
12.24766878088948	97178.81554478593
12.27242236915081	99569.31485031878
12.29717595741214	102019.4514629491
12.32192954567348	104530.1731406815
12.34668313393481	107103.1590153845
12.37143672219614	109739.783005184
12.39619031045748	112441.8761010504
12.42094389871881	115211.3008092684
12.44569748698014	118049.0986958208
12.47045107524148	120957.9105731517
12.49520466350281	123937.8339785879
12.51995825176414	126992.2733665762
12.54471184002548	130122.3817471401
12.56946542828681	133329.9888159744
12.59421901654814	136617.530279595
12.61897260480948	139986.6982612741
12.64372619307081	143439.9375931945
12.66847978133215	146977.2647977876
12.69323336959348	150603.5189196244
12.71798695785481	154319.7686927592
12.74274054611615	158127.9008844128
12.76749413437748	162030.7304303761
12.79224772263881	166030.2185286398
12.81700131090015	170129.2271331772
12.84175489916148	174329.773683892
12.86650848742281	178634.3604452373
12.89126207568415	183045.7960883962
12.91601566394548	187566.9304378205
12.94076925220681	192200.1085219962
12.96552284046815	196948.3933944274
12.99027642872948	201814.0711958882
13.01503001699081	206800.720516607
13.03978360525215	211910.865851885
13.06453719351348	217148.1429916715
13.08929078177481	222514.9585501698
13.11404437003615	228015.1208781025
13.13879795829748	233651.0201319172
13.16355154655881	239427.5324459339
13.18830513482015	245347.0728941095
13.21305872308148	251412.8851459641
13.23781231134281	257629.5526697058
13.26256589960415	263999.9818733621
13.28731948786548	270528.3845394971
13.31207307612681	277218.7371623956
13.33682666438815	284074.9278433436
13.36158025264948	291096.7073713463
13.38633384091082	298300.6433091795
13.41108742917215	305679.1876834545
13.43584101743348	313240.3308827355
13.46059460569482	320988.954611677
13.48534819395615	328929.1306831378
13.51010178221748	337066.2629762665
13.53485537047882	345404.9556876022
13.55960895874015	353950.1003196518
13.58436254700148	362706.5053567764
13.60911613526282	371679.596729357
13.63386972352415	380875.0104246389
13.65862331178548	390298.2277018816
13.68337690004682	399954.6117437832
13.70813048830815	409850.032164095
13.73288407656948	419985.800074057
13.75763766483082	430380.841591822
13.78239125309215	441028.5774164285
13.80714484135348	451940.13346523
13.83189842961482	463121.6364004532
13.85665201787615	474579.6420542877
13.88140560613748	486320.7785047163
13.90615919439882	498352.272704209
13.93091278266015	510681.0847329752
13.95566637092148	523315.0898847677
13.98041995918282	536261.3158797969
14.00517354744415	549528.2033664046
14.02992713570548	563121.4541827776
14.05468072396682	577051.4801362733
14.07943431222815	591325.5115149327
14.10418790048949	605952.0893815188
14.12894148875082	620940.4851998753
14.15369507701215	636248.1482118714
14.17844866527349	652036.9236591018
14.20320225353482	668163.7300021687
14.22795584179615	684688.8215553798
14.25270943005749	701622.0261777483
14.27746301831882	718972.6312651651
14.30221660658015	736752.5685067117
14.32697019484149	754971.0730359373
14.35172378310282	773639.6686305492
14.37647737136415	792769.1142182238
14.40123095962549	812370.8039147137
14.42598454788682	832456.3443346049
14.45073813614815	853037.3881499495
14.47549172440949	874126.0637283012
14.50024531267082	895735.950030289
14.52499890093215	917878.9036262187
14.54975248919349	940568.2316268303
14.57450607745482	963817.4577984855
14.59925966571615	987640.4881926922
14.62401325397749	1012050.465755192
14.64876684223882	1037062.835114944
14.67352043050015	1062692.352442304
14.69827401876149	1088954.340803843
14.72302760702282	1115864.099857585
14.74778119528415	1143437.236391593
14.77253478354549	1171691.088501367
14.79728837180682	1200641.47359824
14.82204196006816	1230305.496832633
14.84679554832949	1260700.896187113
14.87154913659082	1291846.220865254
14.89630272485216	1323759.145112124
14.92105631311349	1356459.331950305
14.94580990137482	1389965.756927588
14.97056348963616	1424298.328363102
14.99531707789749	1459477.888997259
15.02007066615882	1495523.262344885
15.04482425442016	1532457.837950563
15.06957784268149	1570303.27167223
15.09433143094282	1609081.425580445
15.11908501920416	1648815.552858695
15.14383860746549	1689528.870413111
15.16859219572682	1731245.920875617
15.19334578398816	1773932.292846074
15.21809937224949	1817789.761006299
15.24285296051082	1862668.118062952
15.26760654877216	1908651.903441322
15.29236013703349	1955769.49273699
15.31711372529482	2004048.283062637
15.34186731355616	2053516.82760303
15.36662090181749	2104204.479951663
15.39137449007882	2156141.009932359
15.41612807834016	2209356.708939463
15.44088166660149	2263885.196352851
15.46563525486282	2319756.880357723
15.49038884312416	2377005.25646253
15.51514243138549	2435665.696315295
15.53989601964683	2495767.498034508
15.56464960790816	2557352.960605293
15.58940319616949	2620455.770900215
15.61415678443083	2685115.041446433
15.63891037269216	2751362.887936823
15.66366396095349	2819246.042072596
15.68841754921483	2888801.487296612
15.71317113747616	2960070.971932527
15.73792472573749	3033094.858819481
15.76267831399883	3107918.972208778
15.78743190226016	3184586.622262407
15.81218549052149	3263143.316805708
15.83693907878283	3343634.160865158
15.86169266704416	3426109.014395836
15.88644625530549	3510615.998608019
15.91119984356683	3597204.702750085
15.93595343182816	3685928.160406831
15.96070702008949	3776833.43865451
15.98546060835083	3869980.720918083
16.01021419661216	3965422.654777643
16.03496778487349	4063215.383718393
16.05972137313483	4163416.500226315
16.08447496139616	4266088.211816619
16.10922854965749	4371287.855099471
16.13398213791883	4479079.713063268
16.15873572618016	4589527.731793368
16.18348931444149	4702694.287118734
16.20824290270283	4818650.360165257
16.23299649096416	4937462.587064431
16.2577500792255	5059201.972577312
16.28250366748683	5183947.972501324
16.30725725574816	5311751.285584084
16.3320108440095	5442710.870962594
16.35676443227083	5576896.666735328
16.38151802053216	5714388.703942186
16.4062716087935	5855263.259861151
16.43102519705483	5999616.261205728
16.45577878531616	6147521.783846089
16.4805323735775	6299071.017203126
16.50528596183883	6454353.560812632
16.53003955010016	6613451.717212614
16.5547931383615	6776488.144226603
16.57954672662283	6943531.444409853
16.60430031488416	7114690.446690345
16.6290539031455	7290064.764096189
16.65380749140683	7469761.691494972
16.67856107966816	7653882.675160558
16.7033146679295	7842541.288058876
16.72806825619083	8035847.589154994
16.75282184445216	8233915.993457904
16.7775754327135	8436864.277246593
16.80232902097483	8644810.585975423
16.82708260923616	8857881.523464123
16.8518361974975	9076201.486567207
16.87658978575883	9299899.835449999
16.90134337402016	9529109.616381558
16.9260969622815	9763952.330937335
16.95085055054283	10004606.64845738
16.97560413880417	10251176.89596389
17.0003577270655	10503822.44660633
17.02511131532683	10762692.18853295
17.04986490358817	11027939.9042272
17.0746184918495	11299721.30314027
17.09937208011083	11578199.94985275
17.12412566837217	11863539.15198756
17.1488792566335	12155908.39553271
17.17363284489483	12455481.05679112
17.19838643315617	12762434.86276019
17.2231400214175	13076948.56028138
17.24789360967883	13399214.16910905
17.27264719794017	13729419.05933275
17.2974007862015	14067759.72542317
17.32215437446283	14414435.39271299
17.34690796272417	14769654.20231368
17.3716615509855	15133623.02986096
17.39641513924683	15506561.53718442
17.42116872750817	15888688.77312447
17.4459223157695	16280230.82871286
17.47067590403083	16681420.4506559
17.49542949229217	17092495.36377249
17.5201830805535	17513697.75130317
17.54493666881483	17945281.93320796
17.56969025707617	18387495.55408225
17.5944438453375	18840607.97280841
17.61919743359883	19304885.08770581
17.64395102186017	19780602.32774418
17.6687046101215	20268076.48466727
17.69345819838284	20767490.51757301
17.71821178664417	21279247.14142591
17.7429653749055	21803613.92818681
17.76771896316684	22340902.39960944
17.79247255142817	22891430.44878964
17.8172261396895	23455524.72887362
17.84197972795084	24033517.36957837
17.86673331621217	24625755.32129201
17.8914869044735	25232587.08137827
17.91624049273484	25854371.78886668
17.94099408099617	26491479.48741118
17.9657476692575	27144287.2491354
17.99050125751884	27813182.65265931
18.01525484578017	28498560.23474061
18.0400084340415	29200829.18197787
18.06476202230284	29920404.34194479
18.08951561056417	30657712.64474985
18.1142691988255	31413191.11346442
18.13902278708684	32187287.01121943
18.16377637534817	32980461.34393893
18.1885299636095	33793180.73405306
18.21328355187084	34625931.12045167
18.23803714013217	35479204.63820009
18.2627907283935	36353507.25512218
18.28754431665484	37249356.4840076
18.31229790491617	38167285.46335369
18.3370514931775	39107837.44723669
18.36180508143884	40071567.6900126
18.38655866970017	41059053.15388908
18.41131225796151	42070875.55970453
18.43606584622284	43107635.64982547
18.46081943448417	44169949.35253034
18.48557302274551	45258444.11574635
18.51032661100684	46373767.90596863
18.53508019926817	47516582.44906051
18.55983378752951	48687561.15297242
18.58458737579084	49887403.16289114
18.60934096405217	51116819.19455737
18.63409455231351	52376537.8666333
18.65884814057484	53667306.66094287
18.68360172883617	54989892.06635432
18.70835531709751	56345073.47620977
18.73310890535884	57733650.84844732
18.75786249362017	59156474.47326445
18.78261608188151	60614360.32290638
18.80736967014284	62108181.96679302
18.83212325840417	63638825.62908428
18.85687684666551	65207199.35468579
18.88163043492684	66814233.19422821
18.90638402318817	68460880.83512901
18.93113761144951	70148032.25134967
18.95589119971084	71876946.59119233
18.98064478797217	73648392.56949538
19.00539837623351	75463505.95560372
19.03015196449484	77323363.88166691
19.05490555275617	79229069.83208151
19.07965914101751	81181753.36712657
19.10441272927884	83182574.43893436
19.12916631754018	85232718.92780899
19.15391990580151	87333403.43846443
19.17867349406284	89485874.57704549
19.20342708232418	91691409.59475973
19.22818067058551	93951316.1142683
19.25293425884684	96266935.9995515
19.27768784710818	98639642.91381691
19.30244143536951	101070844.3349919
19.32719502363084	103561982.9738844
19.35194861189218	106114520.5466347
19.37670220015351	108730019.0570284
19.40145578841484	111409984.5648883
19.42620937667618	114156023.8347024
19.45096296493751	116969760.8385332
19.47571655319884	119852870.2738375
19.50047014146018	122807061.7798114
19.52522372972151	125834088.2271617
19.54997731798284	128935746.2111549
19.57473090624418	132113867.9665627
19.59948449450551	135370268.8261906
19.62423808276684	138707137.9999814
19.64899167102818	142126186.0229596
19.67374525928951	145629533.4541566
19.69849884755084	149219263.1265531
19.72325243581218	152897495.1834622
19.74800602407351	156666422.0972966
19.77275961233484	160528278.1886688
19.79751320059618	164485355.9697905
19.82226678885751	168539999.6861035
19.84702037711885	172694621.1523701
19.87177396538018	176951685.314708
19.89652755364151	181313715.7881797
19.92128114190285	185783305.7814335
19.94603473016418	190363105.9177879
19.97078831842551	195055834.0251385
19.99554190668685	199864276.1315638
20.02029549494818	204791286.8978838
20.04504908320951	209839783.4783638
20.06980267147085	215012780.8206582
20.09455625973218	220313333.80132
20.11930984799351	225744590.3117831
20.14406343625485	231309781.0034692
20.16881702451618	237012201.7765262
20.19357061277751	242855247.2280577
20.21832420103885	248842417.9149783
20.24307778930018	254977148.649333
20.26783137756151	261263205.0794308
20.29258496582285	267704264.9863893
20.31733855408418	274304185.9944474
20.34209214234551	281066854.8477718
20.36684573060685	287996295.3901916
20.39159931886818	295096627.9821788
20.41635290712951	302372050.9723771
20.44110649539085	309826930.0937871
20.46586008365218	317465597.630089
20.49061367191351	325292676.3513139
20.51536726017485	333312785.577482
20.54012084843618	341530685.784779
20.56487443669752	349951288.1011838
20.58962802495885	358579495.1407885
20.61438161322018	367420528.9106117
20.63913520148152	376479615.5584004
20.66388878974285	385762102.7204323
20.68864237800418	395273535.1710128
20.71339596626552	405019549.4456878
20.73814955452685	415005927.4313484
20.76290314278818	425238606.8797238
20.78765673104952	435723660.7135608
20.81241031931085	446467314.5786204
20.83716390757218	457475946.6024224
20.86191749583352	468756101.7157061
20.88667108409485	480314493.2632355
20.91142467235618	492157914.7499701
20.93617826061752	504293475.7765716
20.96093184887885	516728358.2148316
20.98568543714018	529469941.8463297
21.01043902540152	542525801.1716775
21.03519261366285	555903685.072102
21.05994620192418	569611530.9581124
21.08469979018552	583657503.1227165
21.10945337844685	598049918.0702317
21.13420696670818	612797339.0412012
21.15896055496952	627908515.1781267
21.18371414323085	643392429.8537104
21.20846773149218	659258275.8648726
21.23322131975352	675515402.744808
21.25797490801485	692173682.4816689
21.28272849627619	709242797.6400009
21.30748208453752	726732955.621701
21.33223567279885	744654539.1688812
21.35698926106019	763018207.8316687
21.38174284932152	781834858.7859504
21.40649643758285	801115669.8145983
21.43125002584419	820872094.9774158
21.45600361410552	841115867.6818454
21.48075720236685	861859017.3288623
21.50551079062819	883113860.3900298
21.53026437888952	904893029.7980753
21.55501796715085	927209458.8912501
21.57977155541219	950076404.8557626
21.60452514367352	973507447.5168054
21.62927873193485	997516513.0769825
21.65403232019619	1022117866.802797
21.67878590845752	1047326115.945913
21.70353949671885	1073156226.603988
21.72829308498019	1099623572.5407
21.75304667324152	1126743863.130758
21.77780026150285	1154533205.009607
21.80255384976419	1183008106.683409
21.82730743802552	1212185495.391372
21.85206102628685	1242082701.896755
21.87681461454819	1272717488.035951
21.90156820280952	1304108053.835063
21.92632179107085	1336273055.133102
21.95107537933219	1369231598.103008
21.97582896759352	1403003266.302929
22.00058255585486	1437608123.690355
22.02533614411619	1473066731.755736
22.05008973237752	1509400199.562873
22.07484332063886	1546630010.316237
22.09959690890019	1584778381.257523
22.12435049716152	1623867957.297314
22.14910408542286	1663921959.732066
22.17385767368419	1704964188.781515
22.19861126194552	1747019028.631932
22.22336485020686	1790111478.303417
22.24811843846819	1834267140.315368
22.27287202672952	1879512254.72682
22.29762561499086	1925873642.509319
22.32237920325219	1973379046.461866
22.34713279151352	2022056510.644891
22.37188637977486	2071935016.148593
22.39663996803619	2123044208.649134
22.42139355629752	2175414469.910953
22.44614714455886	2229076915.034427
22.47090073282019	2284063437.570324
22.49565432108152	2340406721.294024
22.52040790934286	2398140231.99919
22.54516149760419	2457298304.868856
22.56991508586552	2517916085.929153
22.59466867412686	2580029623.244874
22.61942226238819	2643675792.418789
22.64417585064952	2708892454.280005
22.66892943891086	2775718362.839364
22.69368302717219	2844193236.337832
22.71843661543353	2914357769.675547
22.74319020369486	2986253669.49432
22.76794379195619	3059923671.308424
22.79269738021753	3135411570.728744
22.81745096847886	3212762207.592851
22.84220455674019	3292021607.033963
22.86695814500153	3373236851.69318
22.89171173326286	3456456202.899302
22.91646532152419	3541729154.795796
22.94121890978553	3629106390.025786
22.96597249804686	3718639828.027643
22.99072608630819	3810382736.043135
23.01547967456953	3904389608.936806
23.04023326283086	4000716309.136708
23.06498685109219	4099420204.982084
23.08974043935353	4200559860.277401
23.11449402761486	4304195448.953344
23.13924761587619	4410388571.511914
23.16400120413753	4519202357.531059
23.18875479239886	4630701509.531156
23.21350838066019	4744952292.701157
23.23826196892153	4862022649.882445
23.26301555718286	4981982170.348144
23.28776914544419	5104902170.138778
23.31252273370553	5230855739.355301
23.33727632196686	5359917757.77774
23.36202991022819	5492164955.299063
23.38678349848953	5627675968.958036
23.41153708675086	5766531283.211772
23.4362906750122	5908813670.96799
23.46104426327353	6054607524.210913
23.48579785153486	6203999602.88885
23.5105514397962	6357078715.841738
23.53530502805753	6513935907.96769
23.56005861631886	6674664426.460116
23.5848122045802	6839359833.04508
23.60956579284153	7008120102.817904
23.63431938110286	7181045531.458323
23.6590729693642	7358238959.492376
23.68382655762553	7539805766.493376
23.70858014588686	7725853909.135628
23.7333337341482	7916494017.565753
23.75808732240953	8111839458.237685
23.78284091067086	8312006399.610017
23.8075944989322	8517113889.633924
23.83234808719353	8727283839.899328
23.85710167545486	8942641313.052572
23.8818552637162	9163314293.883718
23.90660885197753	9389434074.096918
23.93136244023886	9621135131.979565
23.9561160285002	9858555234.886917
23.98086961676153	10101835585.12425
24.00562320502286	10351120850.08943
24.0303767932842	10606559343.34711
24.05513038154553	10868302904.84901
24.07988396980686	11136507248.41284
24.1046375580682	11411331877.97443
24.12939114632953	11692940245.89346
24.15414473459087	11981499842.2075
24.1788983228522	12277182283.44851
24.20365191111353	12580163445.60146
24.22840549937487	12890623522.13048
24.2531590876362	13208747146.60048
24.27791267589753	13534723629.496
24.30266626415887	13868746753.28551
24.3274198524202	14211015244.65562
24.35217344068153	14561732680.47757
24.37692702894287	14921107671.62671
24.4016806172042	15289353986.75448
24.42643420546553	15666690655.99194
24.45118779372687	16053342140.08453
24.4759413819882	16449538448.45572
24.50069497024953	16855515266.5227
24.52544855851087	17271514043.89935
24.5502021467722	17697782276.69237
24.57495573503353	18134573537.59954
24.59970932329487	18582147657.88769
24.6244629115562	19040770891.73336
24.64921649981753	19510716056.41646
24.67397008807887	19992262741.32868
24.6987236763402	20485697405.81097
24.72347726460153	20991313590.52972
24.74823085286287	21509412114.0482
24.7729844411242	22040301185.67602
24.79773802938553	22584296649.86349
24.82249161764687	23141722136.03952
24.8472452059082	23712909408.42566
24.87199879416954	24298197980.79292
24.89675238243087	24897936347.11322
24.9215059706922	25512481236.18067
24.94625955895354	26142198298.62524
24.97101314721487	26787462184.31297
24.9957667354762	27448656824.72052
25.02052032373754	28126175604.68196
25.04527391199887	28820421638.14872
25.0700275002602	29531808058.65958
25.09478108852154	30260758022.42094
25.11953467678287	31007705338.57379
25.1442882650442	31773094452.2671
25.16904185330554	32557380786.45379
25.19379544156687	33361031003.96952
25.2185490298282	34184523301.74443
25.24330261808954	35028347714.07961
25.26805620635087	35893006312.45889
25.2928097946122	36779013727.42663
25.31756338287354	37686896985.83977
25.34231697113487	38617196496.21387
25.3670705593962	39570465809.0736
25.39182414765754	40547272236.99739
25.41657773591887	41548196957.57008
25.4413313241802	42573835713.86732
25.46608491244154	43624798825.42802
25.49083850070287	44701711719.07445
25.5155920889642	45805215883.72862
25.54034567722554	46935966313.93896
25.56509926548687	48094637597.48001
25.58985285374821	49281918651.43243
25.61460644200954	50498516358.21117
25.63936003027087	51745154535.76163
25.66411361853221	53022575165.84882
25.68886720679354	54331538526.96028
25.71362079505487	55672823633.21262
25.73837438331621	57047228794.39813
25.76312797157754	58455572064.30678
25.78788155983887	59898691580.5605
25.81263514810021	61377446251.16312
25.83738873636154	62892716344.96658
25.86214232462287	64445403723.15083
25.88689591288421	66036432368.97205
25.91164950114554	67666749484.01453
25.93640308940687	69337325357.90227
25.96115667766821	71049154432.54517
25.98591026592954	72803255553.93443
26.01066385419087	74600673013.1853
26.03541744245221	76442476535.42654
26.06017103071354	78329762284.67331
26.08492461897487	80263653998.71693
26.10967820723621	82245302726.60495
26.13443179549754	84275888077.32445
26.15918538375887	86356618761.33139
26.18393897202021	88488733472.69209
26.20869256028154	90673501382.34363
26.23344614854287	92912223010.82591
26.25819973680421	95206231297.96786
26.28295332506554	97556891461.63748
26.30770691332688	99965603300.96642
26.33246050158821	102433800494.8281
26.35721408984954	104962952527.6208
26.38196767811088	107554565040.3451
26.40672126637221	110210180855.419
26.43147485463354	112931381092.0565
26.45622844289488	115719785729.0772
26.48098203115621	118577054860.8982
26.50573561941754	121504889654.6428
26.53048920767888	124505033044.4613
26.55524279594021	127579271463.2569
26.57999638420154	130729435125.516
26.60474997246288	133957399606.4428
26.62950356072421	137265086725.2308
26.65425714898554	140654466082.8863
26.67901073724688	144127555541.1275
26.70376432550821	147686423034.2544
26.72851791376954	151333187578.3056
26.75327150203088	155070020465.1959
26.77802509029221	158899146668.6982
26.80277867855354	162822846648.7354
26.82753226681488	166843456126.5503
26.85228585507621	170963369374.687
26.87703944333754	175185039604.886
26.90179303159888	179510980594.4485
26.92654661986021	183943768323.0212
26.95130020812154	188486042402.9908
26.97605379638288	193140507595.7085
27.00080738464421	197909935556.7925
27.02556097290555	202797166286.9073
27.05031456116688	207805110490.4175
27.07506814942821	212936750016.7448
27.09982173768955	218195140898.6648
27.12457532595088	223583414554.3716
27.14932891421221	229104779860.7564
27.17408250247355	234762524430.7008
27.19883609073488	240560018352.8659
27.22358967899621	246500713918.3627
27.24834326725755	252588149050.0802
27.27309685551888	258825949127.8008
27.29785044378021	265217829094.967
27.32260403204155	271767595588.3655
27.34735762030288	278479149590.1866
27.37211120856421	285356488139.8116
27.39686479682555	292403707366.4302
27.42161838508688	299625004002.1401
27.44637197334821	307024679703.391
27.47112556160955	314607141335.84
27.49587914987088	322376905022.2228
27.52063273813221	330338598486.686
27.54538632639355	338496963815.9932
27.57013991465488	346856860353.4702
27.59489350291621	355423267337.5972
27.61964709117755	364201287134.6168
27.64440067943888	373196148479.2046
27.66915426770021	382413208476.5109
27.69390785596155	391857958041.1458
27.71866144422288	401536022707.1238
27.74341503248422	411453167262.2825
27.76816862074555	421615299022.0029
27.79292220900688	432028471285.3572
27.81767579726822	442698887893.3243
27.84242938552955	453632901971.3022
27.86718297379088	464837029971.5893
27.89193656205222	476317945292.1477
27.91669015031355	488082486797.4728
27.94144373857488	500137662311.311
27.96619732683622	512490654093.3224
27.99095091509755	525148820757.1949
28.01570450335888	538119703076.6463
28.04045809162022	551411028147.7808
28.06521167988155	565030714204.3289
28.08996526814288	578986874705.9751
28.11471885640422	593287824546.849
28.13947244466555	607942083333.0054
28.16422603292688	622958381512.8253
28.18897962118822	638345665020.4771
28.21373320944955	654113101317.4347
28.23848679771088	670270084389.7448
28.26324038597222	686826240335.4578
28.28799397423355	703791433040.7148
28.31274756249488	721175770256.1404
28.33750115075622	738989631282.7068
28.36225473901755	757243564426.2333
28.38700832727888	775948511137.6863
28.41176191554022	795115594241.2122
28.43651550380155	814756234148.0468
28.46126909206289	834882132812.6952
28.48602268032422	855505281724.8286
28.51077626858555	876637970097.5294
28.53552985684689	898292789041.1362
28.56028344510822	920482641880.6759
28.58503703336955	943220750447.2562
28.60979062163089	966520663054.1604
28.63454420989222	990396265259.8929
28.65929779815355	1014861782053.943
28.68405138641489	1039931792852.644
28.70880497467622	1065621236271.509
28.73355856293755	1091945420497.288
28.75831215119889	1118920031551.427
28.78306573946022	1146561144733.205
28.80781932772155	1174885231153.679
28.83257291598289	1203909169692.54
28.85732650424422	1233650256317.468
28.88208009250555	1264126216215.657
28.90683368076689	1295355204949.348
28.93158726902822	1327355839815.916
28.95634085728955	1360147189199.899
28.98109444555089	1393748794850.417
29.00584803381222	1428180681953.465
29.03060162207355	1463463370448.899
29.05535521033489	1499617887494.108
29.08010879859622	1536665780673.691
29.10486238685755	1574629129633.666
29.12961597511889	1613530559848.673
29.15436956338022	1653393256106.149
29.17912315164156	1694240975624.413
29.20387673990289	1736098065382.747
29.22863032816422	1778989471682.034
29.25338391642556	1822940758379.791
29.27813750468689	1867978121192.478
29.30289109294822	1914128403383.373
29.32764468120956	1961419112096.653
29.35239826947089	2009878433524.9
29.37715185773222	2059535252489.272
29.40190544599356	2110419166212.968
29.42665903425489	2162560504267.63
29.45141262251622	2215990345441.523
29.47616621077756	2270740537439.608
29.50091979903889	2326843716322.733
29.52567338730022	2384333322830.129
29.55042697556156	2443243625406.245
29.57518056382289	2503609739792.75
29.59993415208422	2565467649599.863
29.62468774034556	2628854228270.671
29.64944132860689	2693807260213.427
29.67419491686822	2760365465266.712
29.69894850512956	2828568519436.829
29.72370209339089	2898457079345.104
29.74845568165222	2970072807675.296
29.77320926991356	3043458396981.321
29.79796285817489	3118657595332.941
29.82271644643622	3195715231887.772
29.84747003469756	3274677244327.531
29.87222362295889	3355590705768.105
29.89697721122023	3438503853747.638
29.92173079948156	3523466118166.282
29.94648438774289	3610528150891.735
29.97123797600423	3699741855711.701
29.99599156426556	3791160420576.327
30.02074515252689	3884838348323.549
30.04549874078823	3980831487789.015
30.07025232904956	4079197070505.493
30.09500591731089	4179993743518.78
30.11975950557223	4283281601238.438
30.14451309383356	4389122225706.492
30.16926668209489	4497578721176.583
30.19402027035623	4608715752109.949
30.21877385861756	4722599581802.311
30.24352744687889	4839298111818.861
30.26828103514023	4958880922918.699
30.29303462340156	5081419315094.282
30.31778821166289	5206986353652.306
30.34254179992423	5335656906907.752
30.36729538818556	5467507698721.176
30.39204897644689	5602617346201.271
30.41680256470823	5741066412979.746
30.44155615296956	5882937452309.559
30.46630974123089	6028315060290.716
30.49106332949223	6177285924321.363
30.51581691775356	6329938874961.106
30.54057050601489	6486364939575.353
30.56532409427623	6646657396129.567
30.59007768253756	6810911829145.152
30.61483127079889	6979226186249.892
30.63958485906023	7151700836831.031
30.66433844732156	7328438634088.488
30.6890920355829	7509544972178.961
30.71384562384423	7695127851605.609
30.73859921210556	7885297944544.159
30.7633528003669	8080168658772.621
30.78810638862823	8279856207358.003
30.81285997688956	8484479674390.338
30.8376135651509	8694161092391.896
30.86236715341223	8909025508964.576
30.88712074167356	9129201064762.971
30.9118743299349	9354819068361.234
30.93662791819623	9586014076685.521
30.96138150645756	9822923971377.396
30.9861350947189	10065690047830.57
31.01088868298023	10314457091327.83
31.03564227124156	10569373470464.14
31.0603958595029	10830591218575.32
31.08514944776423	11098266134545.03
31.10990303602556	11372557865672.36
31.1346566242869	11653630008162.83
31.15941021254823	11941650195836.85
31.18416380080956	12236790231679.87
31.2089173890709	12539226144335.6
31.23367097733223	12849138322574.13
31.25842456559356	13166711616763.78
31.2831781538549	13492135446442.19
31.30793174211623	13825603918754.9
31.33268533037756	14167315938740.12
31.3574389186389	14517475330841.29
31.38219250690023	14876290926165.69
31.40694609516157	15243976857989.18
31.4316996834229	15620752344725.83
31.45645327168423	16006842164040.26
31.48120685994557	16402476631083.39
31.5059604482069	16807891742072.39
31.53071403646823	17223329334214.36
31.55546762472957	17649037225351.06
31.5802212129909	18085269362535.88
31.60497480125223	18532285971943.11
31.62972838951357	18990353717764.05
31.6544819777749	19459745857474.65
31.67923556603623	19940742405123.01
31.70398915429757	20433630303933.08
31.7287427425589	20938703588548.63
31.75349633082023	21456263560535.64
31.77824991908157	21986618997408.29
31.8030035073429	22530086288788.34
31.82775709560423	23086989656888.99
31.85251068386557	23657661342888.08
31.8772642721269	24242441804639.8
31.90201786038823	24841679920153.04
31.92677144864957	25455733196977.33
31.9515250369109	26084967982647.62
31.97627862517223	26729759686614.26
32.00103221343357	27390493143471.68
32.0257858016949	28067562152771.31
32.05053938995623	28761371073185.33
32.07529297821757	29472333716911
32.1000465664789	30200874290560.13
32.12480015474024	30947427456309.16
32.14955374300157	31712438654744.31
32.1743073312629	32496364329651.93
32.19906091952424	33299672218154
32.22381450778557	34122841626335.07
0
1000	1776.86	100000000000000.1
5	0	0	1
5	0	0	0
7.494979834713454	-0.05464514467836145
7.519733422974787	-0.08042794475563192
7.544487011236121	-0.1075596773564932
7.569240599497454	-0.134884994071425
7.593994187758788	-0.16166828723528
7.618747776020121	-0.1874699302135042
7.643501364281454	-0.212047772021068
7.668254952542788	-0.2352873268491246
7.693008540804121	-0.2571546788558272
7.717762129065455	-0.2776654569986851
7.742515717326788	-0.2968646596768031
7.767269305588122	-0.3148135229299801
7.792022893849455	-0.3315814154428285
7.816776482110789	-0.3472407075792772
7.841530070372122	-0.3618632427139272
7.866283658633455	-0.3755185083375461
7.891037246894789	-0.3882725325726848
7.915790835156122	-0.4001873218072469
7.940544423417456	-0.4113206430690637
7.965298011678789	-0.4217260221584791
7.990051599940123	-0.431452872866049
8.014805188201457	-0.4405467018447978
8.03955877646279	-0.4490493530664424
8.064312364724124	-0.4569992686369372
8.089065952985457	-0.4644317512779471
8.113819541246791	-0.4713792194416137
8.138573129508124	-0.4778714497698658
8.163326717769458	-0.4839358040697619
8.188080306030791	-0.4895974395755559
8.212833894292125	-0.4948795022896321
8.237587482553458	-0.4998725115485554
8.262341070814792	-0.5044492800530841
8.287094659076125	-0.5087006345219464
8.311848247337458	-0.5126443489848395
8.336601835598792	-0.5162970554683312
8.361355423860125	-0.5196743258040508
8.386109012121459	-0.5227907477581719
8.410862600382792	-0.5256599957204596
8.435616188644126	-0.5282948961541712
8.460369776905459	-0.5307074869989802
8.485123365166793	-0.5329753293387972
8.509876953428126	-0.5349682130980778
8.534630541689459	-0.5367661032935291
8.559384129950793	-0.5383794872261403
8.584137718212126	-0.539818414916109
8.60889130647346	-0.5410925032842056
8.633644894734793	-0.5422109426146628
8.658398482996127	-0.5431825049016944
8.68315207125746	-0.5440155537100758
8.707905659518794	-0.5447180552168619
8.732659247780127	-0.5452907659328274
8.75741283604146	-0.5457553629656351
8.782166424302794	-0.5461115042836211
8.806920012564127	-0.5463655799018586
8.831673600825461	-0.5465236373726147
8.856427189086794	-0.5465913989154806
8.881180777348128	-0.5465742778971057
8.905934365609461	-0.5464773946502739
8.930687953870795	-0.5463055916298208
8.955441542132128	-0.5460634479092017
8.980195130393462	-0.5457557278543581
9.004948718654795	-0.5453855986010729
9.029702306916128	-0.5449573913424365
9.054455895177462	-0.5444747714233525
9.079209483438795	-0.5439412044836354
9.103963071700129	-0.5433599670136616
9.128716659961462	-0.5427341563944764
9.153470248222796	-0.5420667004398982
9.178223836484129	-0.5413603664588696
9.202977424745463	-0.5406177698567297
9.227731013006796	-0.5398409543065782
9.252484601268129	-0.5390331636325277
9.277238189529463	-0.5381961549862682
9.301991777790796	-0.537332006904124
9.32674536605213	-0.536442681935363
9.351498954313463	-0.5355300330742746
9.376252542574797	-0.5345958098300307
9.40100613083613	-0.5336416639543109
9.425759719097464	-0.5326691548457131
9.450513307358797	-0.5316797546490348
9.47526689562013	-0.5306742217247226
9.500020483881464	-0.5296552070807913
9.524774072142797	-0.5286232859583541
9.549527660404131	-0.5275796172428462
9.574281248665464	-0.5265252927833681
9.599034836926798	-0.5254613412781021
9.623788425188131	-0.5243887319207096
9.648542013449465	-0.5233083778229087
9.673295601710798	-0.5222211392276686
9.698049189972132	-0.5211278265266064
9.722802778233465	-0.5200286188080152
9.747556366494798	-0.5189254731666336
9.772309954756132	-0.5178184552021889
9.797063543017465	-0.5167081937696412
9.821817131278799	-0.5155952791629064
9.846570719540132	-0.5144802654615219
9.871324307801466	-0.5133636727205152
9.896077896062799	-0.5122459890150808
9.920831484324133	-0.5111276723507044
9.945585072585466	-0.5100091524484948
9.970338660846799	-0.5088903560398426
9.995092249108133	-0.5077726705701695
10.01984583736947	-0.5066559519343111
10.0445994256308	-0.5055405251685597
10.06935301389213	-0.5044266933116839
10.09410660215347	-0.5033147388228841
10.1188601904148	-0.5022049248981076
10.14361377867613	-0.5010974966929223
10.16836736693747	-0.4999926824594058
10.1931209551988	-0.4988906946038451
10.21787454346013	-0.4978010706961206
10.24262813172147	-0.4967046418040004
10.2673817199828	-0.4956107517268865
10.29213530824413	-0.4945195880798624
10.31688889650547	-0.4934313679177553
10.3416424847668	-0.4923463437306597
10.36639607302813	-0.4912648109646896
10.39114966128947	-0.4901871175405678
10.4159032495508	-0.4891136760177859
10.44065683781213	-0.4880449793037286
10.46541042607347	-0.4868870537317327
10.4901640143348	-0.4858337379826145
10.51491760259614	-0.4847967039452616
10.53967119085747	-0.4837776703003248
10.5644247791188	-0.482778272872919
10.58917836738014	-0.4818000561586623
10.61393195564147	-0.4808444658158618
10.6386855439028	-0.4799128421919813
10.66343913216414	-0.4790064149335779
10.68819272042547	-0.4781262987096055
10.7129463086868	-0.4771766448819863
10.73769989694814	-0.4763661898624877
10.76245348520947	-0.4755904304749604
10.7872070734708	-0.4748481252165087
10.81196066173214	-0.4741379323420425
10.83671424999347	-0.4734584556652177
10.8614678382548	-0.4728082787927346
10.88622142651614	-0.4721859903711907
10.91097501477747	-0.4715902023779313
10.9357286030388	-0.4710195630491445
10.96048219130014	-0.4704786088190603
10.98523577956147	-0.4699533928545594
11.0099893678228	-0.4694492509682466
11.03474295608414	-0.4689651942891055
11.05949654434547	-0.468500318296991
11.0842501326068	-0.4680538640074537
11.10900372086814	-0.467625523988099
11.13375730912947	-0.4672190240100677
11.1585108973908	-0.4667962628739804
11.18326448565214	-0.4664231917615536
11.20801807391347	-0.4660586479624107
11.23277166217481	-0.4657032190167879
11.25752525043614	-0.4653607026211285
11.28227883869747	-0.4650304875571178
11.30703242695881	-0.4647119926636735
11.33178601522014	-0.4644046652156748
11.35653960348147	-0.4641079794000843
11.38129319174281	-0.4638214348779472
11.40604678000414	-0.4635445554245547
11.43080036826547	-0.4632768876421636
11.45555395652681	-0.4630178128422967
11.48030754478814	-0.4627673179773268
11.50506113304947	-0.4625248121415659
11.52981472131081	-0.4622899184902546
11.55456830957214	-0.4620622773078495
11.57932189783347	-0.4618415451703349
11.60407548609481	-0.4616273941405703
11.62882907435614	-0.4614195109968542
11.65358266261747	-0.4612175964945766
11.67833625087881	-0.461021364660582
11.70308983914014	-0.46083017256602
11.72784342740147	-0.4606442170303974
11.75259701566281	-0.4604646934280333
11.77735060392414	-0.4602880358431865
11.80210419218547	-0.4601162879429976
11.82685778044681	-0.4599488063123059
11.85161136870814	-0.4597853421223338
11.87636495696947	-0.4596256821626181
11.90111854523081	-0.4594696273542527
11.92587213349214	-0.4593169884260841
11.95062572175348	-0.4591674522094819
11.97537931001481	-0.4590211272680818
12.00013289827614	-0.4588777065292276
12.02488648653748	-0.4587370274902757
12.04964007479881	-0.4585989337912666
12.07439366306014	-0.4584632750111672
12.09914725132148	-0.4583299064612926
12.12390083958281	-0.4581986889791699
12.14865442784414	-0.458069488725635
12.17340801610548	-0.4579421769875737
12.19816160436681	-0.4578162492185049
12.22291519262814	-0.4576924062162103
12.24766878088948	-0.4575701152212528
12.27242236915081	-0.4574492592729051
12.29717595741214	-0.4573297261383124
12.32192954567348	-0.4572114081879791
12.34668313393481	-0.4570942022493098
12.37143672219614	-0.4569780094485145
12.39619031045748	-0.4568627350481286
12.42094389871881	-0.4567482882852257
12.44569748698014	-0.4566346976084075
12.47045107524148	-0.4565216385230384
12.49520466350281	-0.4564091478275182
12.51995825176414	-0.456297149773754
12.54471184002548	-0.4561855720565434
12.56946542828681	-0.4560743457162122
12.59421901654814	-0.4559634050851906
12.61897260480948	-0.4558526877974315
12.64372619307081	-0.4557421348963456
12.66847978133215	-0.4556316911111542
12.69323336959348	-0.4555219297896342
12.71798695785481	-0.4554115860578938
12.74274054611615	-0.455301157496148
12.76749413437748	-0.4551905905917197
12.79224772263881	-0.4550798339785666
12.81700131090015	-0.4549688383369119
12.84175489916148	-0.4548575562972659
12.86650848742281	-0.454745942347922
12.89126207568415	-0.4546339527449956
12.91601566394548	-0.4545215454240381
12.94076925220681	-0.4544087900949102
12.96552284046815	-0.4542954186642815
12.99027642872948	-0.4541815028840716
13.01503001699081	-0.4540670071127398
13.03978360525215	-0.4539518974066714
13.06453719351348	-0.4538361414580069
13.08929078177481	-0.4537197085354039
13.11404437003615	-0.4536025694273537
13.13879795829748	-0.4534846963877037
13.16355154655881	-0.4533660630830484
13.18830513482015	-0.4532467054781136
13.21305872308148	-0.4531264722453132
13.23781231134281	-0.4530054027291962
13.26256589960415	-0.4528834763381618
13.28731948786548	-0.452760673876189
13.31207307612681	-0.4526369774926619
13.33682666438815	-0.4525123706341991
13.36158025264948	-0.4523868379982954
13.38633384091082	-0.4522603654885969
13.41108742917215	-0.4521329401716382
13.43584101743348	-0.4520046148525376
13.46059460569482	-0.451875242963225
13.48534819395615	-0.4517448809087876
13.51010178221748	-0.4516135207419217
13.53485537047882	-0.4514811556971969
13.55960895874015	-0.4513477801401132
13.58436254700148	-0.4512133895185492
13.60911613526282	-0.4510779803164056
13.63386972352415	-0.4509415500092676
13.65862331178548	-0.4508040970219307
13.68337690004682	-0.450665760262041
13.70813048830815	-0.4505262446597026
13.73288407656948	-0.4503856966942003
13.75763766483082	-0.4502441201662321
13.78239125309215	-0.4501015199667377
13.80714484135348	-0.4499579019928929
13.83189842961482	-0.449813273072062
13.85665201787615	-0.4496676408927009
13.88140560613748	-0.4495210139413426
13.90615919439882	-0.4493734014449113
13.93091278266015	-0.4492248635736971
13.95566637092148	-0.4490753036598463
13.98041995918282	-0.4489247865340445
14.00517354744415	-0.4487733247558954
14.02992713570548	-0.448620931442913
14.05468072396682	-0.4484676202136134
14.07943431222815	-0.448313405137167
14.10418790048949	-0.4481583006885431
14.12894148875082	-0.4480023217082764
14.15369507701215	-0.4478454833661518
14.17844866527349	-0.4476877800198985
14.20320225353482	-0.4475292719537375
14.22795584179615	-0.4473699532897012
14.25270943005749	-0.4472098399343093
14.27746301831882	-0.4470489479254015
14.30221660658015	-0.446887293416173
14.32697019484149	-0.4467248926598715
14.35172378310282	-0.4465617619951369
14.37647737136415	-0.4463979178319727
14.40123095962549	-0.4462333766383579
14.42598454788682	-0.4460681415941739
14.45073813614815	-0.4459022570755772
14.47549172440949	-0.4457357262222254
14.50024531267082	-0.445568565486516
14.52499890093215	-0.445400791340377
14.54975248919349	-0.4452324191199364
14.57450607745482	-0.4450634670621846
14.59925966571615	-0.4448939499043971
14.62401325397749	-0.444723884019207
14.64876684223882	-0.4445532854163565
14.67352043050015	-0.4443821541951492
14.69827401876149	-0.4442105393555169
14.72302760702282	-0.4440384404616869
14.74778119528415	-0.4438658728477382
14.77253478354549	-0.4436928515758398
14.79728837180682	-0.4435193889153734
14.82204196006816	-0.4433455101350562
14.84679554832949	-0.4431712173923186
14.87154913659082	-0.4429965302989083
14.89630272485216	-0.4428214628646032
14.92105631311349	-0.4426460076431475
14.94580990137482	-0.4424702238378094
14.97056348963616	-0.442294102841923
14.99531707789749	-0.4421176578773417
15.02007066615882	-0.4419409019175848
15.04482425442016	-0.4417638476953432
15.06957784268149	-0.4415865077094249
15.09433143094282	-0.4414088942312018
15.11908501920416	-0.4412310193106109
15.14383860746549	-0.4410528947817534
15.16859219572682	-0.440874500930699
15.19334578398816	-0.4406959157930185
15.21809937224949	-0.4405171174556575
15.24285296051082	-0.4403381164458076
15.26760654877216	-0.4401589230536688
15.29236013703349	-0.4399795473498912
15.31711372529482	-0.4397999992030255
15.34186731355616	-0.4396202883022907
15.36662090181749	-0.4394404242073398
15.39137449007882	-0.4392604165707785
15.41612807834016	-0.439080548800156
15.44088166660149	-0.4389004736511385
15.46563525486282	-0.4387235860216046
15.49038884312416	-0.4385388198417749
15.51514243138549	-0.4383584735916339
15.53989601964683	-0.4381778693552038
15.56464960790816	-0.4379971401955217
15.58940319616949	-0.4378163167664799
15.61415678443083	-0.4376354140665714
15.63891037269216	-0.4374544427103365
15.66366396095349	-0.4372733467714124
15.68841754921483	-0.4370922754387441
15.71317113747616	-0.4369111626628153
15.73792472573749	-0.4367300150220141
15.76267831399883	-0.4365488389432484
15.78743190226016	-0.4363676406979836
15.81218549052149	-0.4361864263976407
15.83693907878283	-0.4360052019882439
15.86169266704416	-0.4358239732441859
15.88644625530549	-0.435642745760957
15.91119984356683	-0.4354615446901186
15.93595343182816	-0.4352803345865646
15.96070702008949	-0.4350991394908667
15.98546060835083	-0.4349179641822996
16.01021419661216	-0.4347368133084777
16.03496778487349	-0.4345556913906668
16.05972137313483	-0.4343746028403691
16.08447496139616	-0.4341935520275993
16.10922854965749	-0.4340125437769433
16.13398213791883	-0.4338315025136258
16.15873572618016	-0.4336506710460187
16.18348931444149	-0.433469809192451
16.20824290270283	-0.4332890060044152
16.23299649096416	-0.4331082512880906
16.2577500792255	-0.4329275684525214
16.28250366748683	-0.4327469501242292
16.30725725574816	-0.4325664005508018
16.3320108440095	-0.4323859229073299
16.35676443227083	-0.4322055201615231
16.38151802053216	-0.4320251951552854
16.4062716087935	-0.4318449538257336
16.43102519705483	-0.4316647919790113
16.45577878531616	-0.4314847153888014
16.4805323735775	-0.4313047263491408
16.50528596183883	-0.431124831588457
16.53003955010016	-0.4309450226990394
16.5547931383615	-0.4307653111211484
16.57954672662283	-0.4305856965463342
16.60430031488416	-0.4304061809765761
16.6290539031455	-0.4302267664131863
16.65380749140683	-0.4300474564528128
16.67856107966816	-0.4298682496983973
16.7033146679295	-0.4296891493107313
16.72806825619083	-0.4295101571047729
16.75282184445216	-0.4293312748087758
16.7775754327135	-0.4291525040855826
16.80232902097483	-0.4289738465395637
16.82708260923616	-0.4287953037198023
16.8518361974975	-0.4286168771220227
16.87658978575883	-0.428438568190021
16.90134337402016	-0.4282603792415274
16.9260969622815	-0.4280823096919404
16.95085055054283	-0.4279043617591454
16.97560413880417	-0.4277265366980817
17.0003577270655	-0.4275488357212875
17.02511131532683	-0.4273712599997476
17.04986490358817	-0.4271938106637249
17.0746184918495	-0.4270164888035714
17.09937208011083	-0.4268392954705205
17.12412566837217	-0.4266622316774596
17.1488792566335	-0.4264852996461838
17.17363284489483	-0.4263084975854759
17.19838643315617	-0.4261318278557217
17.2231400214175	-0.4259552913241681
17.24789360967883	-0.4257788888284678
17.27264719794017	-0.4256026211757194
17.2974007862015	-0.425426489142452
17.32215437446283	-0.4252504934749657
17.34690796272417	-0.4250746348898208
17.3716615509855	-0.4248989140743901
17.39641513924683	-0.4247233318603145
17.42116872750817	-0.4245478885118626
17.4459223157695	-0.4243725848138819
17.47067590403083	-0.4241974213450873
17.49542949229217	-0.4240223986582591
17.5201830805535	-0.4238475172808165
17.54493666881483	-0.4236727777153811
17.56969025707617	-0.4234981804403314
17.5944438453375	-0.423323725910343
17.61919743359883	-0.4231494145569222
17.64395102186017	-0.4229752467245727
17.6687046101215	-0.4228012229348542
17.69345819838284	-0.4226273434876407
17.71821178664417	-0.422453608726242
17.7429653749055	-0.422280018973065
17.76771896316684	-0.4221065745300899
17.79247255142817	-0.4219332756793396
17.8172261396895	-0.4217601226833371
17.84197972795084	-0.421587115785553
17.86673331621217	-0.421414255210845
17.8914869044735	-0.4212415413248197
17.91624049273484	-0.4210689739952165
17.94099408099617	-0.4208965535407238
17.9657476692575	-0.4207242801128615
17.99050125751884	-0.420552153844823
18.01525484578017	-0.4203801748495241
18.0400084340415	-0.4202083432133911
18.06476202230284	-0.4200366589728601
18.08951561056417	-0.4198651219795481
18.1142691988255	-0.4196937289324296
18.13902278708684	-0.419522493314103
18.16377637534817	-0.4193513999250887
18.1885299636095	-0.4191804542565751
18.21328355187084	-0.4190096563150296
18.23803714013217	-0.4188390060944787
18.2627907283935	-0.4186685035768021
18.28754431665484	-0.4184981487320195
18.31229790491617	-0.4183279415185705
18.3370514931775	-0.4181578818835883
18.36180508143884	-0.4179879697631647
18.38655866970017	-0.4178182046873692
18.41131225796151	-0.4176485872355614
18.43606584622284	-0.417479117036036
18.46081943448417	-0.4173097939945855
18.48557302274551	-0.4171406180525583
18.51032661100684	-0.4169715886763617
18.53508019926817	-0.416802706483571
18.55983378752951	-0.4166339708614787
18.58458737579084	-0.4164653817467069
18.60934096405217	-0.4162969389970964
18.63409455231351	-0.4161286431284067
18.65884814057484	-0.4159604925005248
18.68360172883617	-0.4157924877352273
18.70835531709751	-0.415624628658036
18.73310890535884	-0.4154569150884769
18.75786249362017	-0.4152893468402766
18.78261608188151	-0.4151219237215519
18.80736967014284	-0.4149546455349911
18.83212325840417	-0.4147875120780311
18.85687684666551	-0.414620523143028
18.88163043492684	-0.4144536788754986
18.90638402318817	-0.4142869783257284
18.93113761144951	-0.4141204216144023
18.95589119971084	-0.4139540085115253
18.98064478797217	-0.41378773877891
19.00539837623351	-0.4136216121621877
19.03015196449484	-0.4134556283581
19.05490555275617	-0.4132897867785277
19.07965914101751	-0.4131241319323242
19.10441272927884	-0.4129585347173457
19.12916631754018	-0.4127931191129854
19.15391990580151	-0.4126278465792981
19.17867349406284	-0.4124627155015283
19.20342708232418	-0.412297725631856
19.22818067058551	-0.4121328767243566
19.25293425884684	-0.4119681685393297
19.27768784710818	-0.411803600855935
19.30244143536951	-0.4116391735212741
19.32719502363084	-0.4114748867749562
19.35194861189218	-0.4113107704938889
19.37670220015351	-0.4111467282951637
19.40145578841484	-0.4109828586113423
19.42620937667618	-0.4108191277546898
19.45096296493751	-0.4106555354387674
19.47571655319884	-0.4104920813178619
19.50047014146018	-0.4103287644805168
19.52522372972151	-0.4101655902193529
19.54997731798284	-0.4100025481492557
19.57473090624418	-0.4098396446303289
19.59948449450551	-0.4096768782698154
19.62423808276684	-0.4095142772908056
19.64899167102818	-0.4093517573970988
19.67374525928951	-0.4091893994356423
19.69849884755084	-0.4090271781390069
19.72325243581218	-0.4088650927141071
19.74800602407351	-0.4087031427857429
19.77275961233484	-0.4085413280538236
19.79751320059618	-0.4083796482408255
19.82226678885751	-0.4082181030782499
19.84702037711885	-0.4080566923020404
19.87177396538018	-0.4078954155800585
19.89652755364151	-0.4077342728284945
19.92128114190285	-0.4075732636716952
19.94603473016418	-0.4074123878540689
19.97078831842551	-0.4072516451210028
19.99554190668685	-0.4070910352189026
20.02029549494818	-0.4069305578952195
20.04504908320951	-0.4067702128984674
20.06980267147085	-0.4066099999782377
20.09455625973218	-0.4064499188852121
20.11930984799351	-0.406289969357269
20.14406343625485	-0.4061301511776754
20.16881702451618	-0.4059704640844389
20.19357061277751	-0.4058109078324644
20.21832420103885	-0.4056514821778622
20.24307778930018	-0.4054921868779386
20.26783137756151	-0.4053330216911822
20.29258496582285	-0.4051739863772457
20.31733855408418	-0.4050150806969237
20.34209214234551	-0.404856304412123
20.36684573060685	-0.4046976570528639
20.39159931886818	-0.4045391388249741
20.41635290712951	-0.4043807493078455
20.44110649539085	-0.4042224882845688
20.46586008365218	-0.4040643555549055
20.49061367191351	-0.4039063509626713
20.51536726017485	-0.4037484745146245
20.54012084843618	-0.4035907273959732
20.56487443669752	-0.4034330831772545
20.58962802495885	-0.4032756024601625
20.61438161322018	-0.4031182413954822
20.63913520148152	-0.4029607059795275
20.66388878974285	-0.4028038771118058
20.68864237800418	-0.4026468898813701
20.71339596626552	-0.4024900274473633
20.73814955452685	-0.4023332904904891
20.76290314278818	-0.402176678977815
20.78765673104952	-0.4020201927573119
20.81241031931085	-0.401863831643707
20.83716390757218	-0.4017075954400444
20.86191749583352	-0.4015514836507748
20.88667108409485	-0.4013954967156079
20.91142467235618	-0.4012396340925095
20.93617826061752	-0.4010838955738473
20.96093184887885	-0.4009282809533449
20.98568543714018	-0.4007727900260719
21.01043902540152	-0.4006174225884345
21.03519261366285	-0.4004621784381658
21.05994620192418	-0.4003070573743164
21.08469979018552	-0.4001520591972452
21.10945337844685	-0.3999971835176078
21.13420696670818	-0.3998424305245292
21.15896055496952	-0.3996877998460464
21.18371414323085	-0.3995332912908822
21.20846773149218	-0.3993789046696115
21.23322131975352	-0.3992246397951542
21.25797490801485	-0.3990704964837574
21.28272849627619	-0.398916474557124
21.30748208453752	-0.3987625738476283
21.33223567279885	-0.3986087942134689
21.35698926106019	-0.3984551333178834
21.38174284932152	-0.3983015947191221
21.40649643758285	-0.3981481765816761
21.43125002584419	-0.3979948787244355
21.45600361410552	-0.3978417009671747
21.48075720236685	-0.3976886431305766
21.50551079062819	-0.3975357050362504
21.53026437888952	-0.397382886506742
21.55501796715085	-0.3972301873655431
21.57977155541219	-0.3970776074370953
21.60452514367352	-0.3969251465516017
21.62927873193485	-0.3967728045259529
21.65403232019619	-0.3966205811915742
21.67878590845752	-0.3964684763765264
21.70353949671885	-0.396316489909796
21.72829308498019	-0.3961646216213052
21.75304667324152	-0.3960128713419274
21.77780026150285	-0.3958612389035164
21.80255384976419	-0.3957097241389557
21.82730743802552	-0.3955583268822491
21.85206102628685	-0.395407047103646
21.87681461454819	-0.3952558843805475
21.90156820280952	-0.3951048386642657
21.92632179107085	-0.3949539097903563
21.95107537933219	-0.3948030975951859
21.97582896759352	-0.3946524019159296
22.00058255585486	-0.3945018225905668
22.02533614411619	-0.3943513594578776
22.05008973237752	-0.3942010123574389
22.07484332063886	-0.3940507811296213
22.09959690890019	-0.3939006655437641
22.12435049716152	-0.393750665588867
22.14910408542286	-0.3936007810392792
22.17385767368419	-0.3934510117389434
22.19861126194552	-0.3933013575324199
22.22336485020686	-0.3931518182648546
22.24811843846819	-0.3930023937819266
22.27287202672952	-0.3928530839297638
22.29762561499086	-0.3927038885547918
22.32237920325219	-0.3925548075034531
22.34713279151352	-0.3924058405881873
22.37188637977486	-0.3922569877156605
22.39663996803619	-0.3921082486959345
22.42139355629752	-0.3919596233531324
22.44614714455886	-0.3918111114578587
22.47090073282019	-0.3916627124472445
22.49565432108152	-0.3915144753006339
22.52040790934286	-0.3913662588584211
22.54516149760419	-0.3912181993422679
22.56991508586552	-0.3910702531578262
22.59466867412686	-0.3909224190023085
22.61942226238819	-0.3907746984668895
22.64417585064952	-0.3906270903430116
22.66892943891086	-0.3904795944838653
22.69368302717219	-0.3903322107432393
22.71843661543353	-0.3901849389755187
22.74319020369486	-0.3900377790356814
22.76794379195619	-0.3898907307792953
22.79269738021753	-0.3897437940625165
22.81745096847886	-0.3895969687420853
22.84220455674019	-0.3894502551453621
22.86695814500153	-0.389303652076015
22.89171173326286	-0.3891571599806432
22.91646532152419	-0.3890107787201817
22.94121890978553	-0.3888645081563146
22.96597249804686	-0.3887183481513328
22.99072608630819	-0.388572298568067
23.01547967456953	-0.3884263592698534
23.04023326283086	-0.3882805301205149
23.06498685109219	-0.3881348109843501
23.08974043935353	-0.3879892017974457
23.11449402761486	-0.3878437022733901
23.13924761587619	-0.3876983123535066
23.16400120413753	-0.3875530319048462
23.18875479239886	-0.3874078607949825
23.21350838066019	-0.3872627988920316
23.23826196892153	-0.3871178460646739
23.26301555718286	-0.3869730021821817
23.28776914544419	-0.3868282671144526
23.31252273370553	-0.3866836407320498
23.33727632196686	-0.3865391222409761
23.36202991022819	-0.3863947129514979
23.38678349848953	-0.3862504119921057
23.41153708675086	-0.3861062192299084
23.4362906750122	-0.3859621345333396
23.46104426327353	-0.3858181577717769
23.48579785153486	-0.3856742888153282
23.5105514397962	-0.3855305275347054
23.53530502805753	-0.3853868738011466
23.56005861631886	-0.3852433274863665
23.5848122045802	-0.3850998883978669
23.60956579284153	-0.3849565565459491
23.63431938110286	-0.3848133317347773
23.6590729693642	-0.3846702138367492
23.68382655762553	-0.3845272027245773
23.70858014588686	-0.3843842982712893
23.7333337341482	-0.3842415003502287
23.75808732240953	-0.384098808835055
23.78284091067086	-0.3839562235997434
23.8075944989322	-0.383813744518586
23.83234808719353	-0.3836713714455273
23.85710167545486	-0.3835291042984921
23.8818552637162	-0.3833869429321933
23.90660885197753	-0.3832448872220565
23.93136244023886	-0.3831029370437284
23.9561160285002	-0.3829610922730717
23.98086961676153	-0.382819352786159
24.00562320502286	-0.382677718459267
24.0303767932842	-0.3825361891688703
24.05513038154553	-0.3823947647916326
24.07988396980686	-0.3822534450730449
24.1046375580682	-0.3821122301525506
24.12939114632953	-0.3819711197900062
24.15414473459087	-0.381830113866156
24.1788983228522	-0.3816892122626119
24.20365191111353	-0.381548414862262
24.22840549937487	-0.3814077215500626
24.2531590876362	-0.3812671322147125
24.27791267589753	-0.3811266467526168
24.30266626415887	-0.380986265078877
24.3274198524202	-0.3808459851622682
24.35217344068153	-0.3807058101989066
24.37692702894287	-0.3805657386183043
24.4016806172042	-0.3804257703055742
24.42643420546553	-0.3802859051457521
24.45118779372687	-0.3801461430238356
24.4759413819882	-0.3800064838248201
24.50069497024953	-0.3798669274337284
24.52544855851087	-0.3797274737356359
24.5502021467722	-0.3795881226156938
24.57495573503353	-0.3794488742113987
24.59970932329487	-0.3793097279177317
24.6244629115562	-0.3791706838364296
24.64921649981753	-0.3790317418401046
24.67397008807887	-0.3788929017826392
24.6987236763402	-0.3787541634357432
24.72347726460153	-0.3786155256546843
24.74823085286287	-0.3784769954333787
24.7729844411242	-0.3783385608873142
24.79773802938553	-0.3782002289180231
24.82249161764687	-0.3780619979061154
24.8472452059082	-0.3779238688100328
24.87199879416954	-0.3777858407944526
24.89675238243087	-0.3776479137440862
24.9215059706922	-0.3775100875438352
24.94625955895354	-0.3773723620787915
24.97101314721487	-0.3772347372342381
24.9957667354762	-0.3770972128956486
25.02052032373754	-0.3769597889486886
25.04527391199887	-0.376822465279215
25.0700275002602	-0.3766852418142598
25.09478108852154	-0.3765481183537931
25.11953467678287	-0.376411094826335
25.1442882650442	-0.3762741711190064
25.16904185330554	-0.376137347119251
25.19379544156687	-0.3760006227148251
25.2185490298282	-0.3758639977937887
25.24330261808954	-0.375727472244497
25.26805620635087	-0.3755910459555936
25.2928097946122	-0.3754547188160029
25.31756338287354	-0.3753184905359639
25.34231697113487	-0.3751823613501133
25.3670705593962	-0.3750463309963729
25.39182414765754	-0.3749103993745423
25.41657773591887	-0.3747745664025681
25.4413313241802	-0.3746388321059305
25.46608491244154	-0.3745033124675292
25.49083850070287	-0.3743676569428875
25.5155920889642	-0.3742322174871063
25.54034567722554	-0.3740968759116068
25.56509926548687	-0.3739616325285061
25.58985285374821	-0.3738264866155132
25.61460644200954	-0.3736914384420075
25.63936003027087	-0.3735564879019079
25.66411361853221	-0.373421634889353
25.68886720679354	-0.3732868792987044
25.71362079505487	-0.3731522210245494
25.73837438331621	-0.3730176599617035
25.76312797157754	-0.3728831960052136
25.78788155983887	-0.372748829050361
25.81263514810021	-0.3726145579366259
25.83738873636154	-0.3724803851387724
25.86214232462287	-0.3723463088062774
25.88689591288421	-0.372212328981101
25.91164950114554	-0.3720784455987641
25.93640308940687	-0.3719446585699038
25.96115667766821	-0.3718109677968975
25.98591026592954	-0.3716773731788017
26.01066385419087	-0.3715438746131842
26.03541744245221	-0.3714104719969131
26.06017103071354	-0.3712771651483779
26.08492461897487	-0.3711439541326667
26.10967820723621	-0.3710108387596004
26.13443179549754	-0.3708778189243599
26.15918538375887	-0.3707448945222845
26.18393897202021	-0.3706120654488729
26.20869256028154	-0.3704793315997832
26.23344614854287	-0.3703466928708338
26.25819973680421	-0.3702141491580035
26.28295332506554	-0.3700817003574323
26.30770691332688	-0.3699493463623
26.33246050158821	-0.3698170870755951
26.35721408984954	-0.3696849223908021
26.38196767811088	-0.3695528522046813
26.40672126637221	-0.3694208764141423
26.43147485463354	-0.3692889949162456
26.45622844289488	-0.3691572076082016
26.48098203115621	-0.3690255143873722
26.50573561941754	-0.3688939151512706
26.53048920767888	-0.3687624097975616
26.55524279594021	-0.3686309982142887
26.57999638420154	-0.3684996803197604
26.60474997246288	-0.3683684560023879
26.62950356072421	-0.3682373251603828
26.65425714898554	-0.3681062876920635
26.67901073724688	-0.3679753434958545
26.70376432550821	-0.3678444924702835
26.72851791376954	-0.3677137345139797
26.75327150203088	-0.3675830695256708
26.77802509029221	-0.3674524974041813
26.80277867855354	-0.3673220179165152
26.82753226681488	-0.3671916312233878
26.85228585507621	-0.3670613371078758
26.87703944333754	-0.3669311354734966
26.90179303159888	-0.3668010262255308
26.92654661986021	-0.3666710092724975
26.95130020812154	-0.3665410845296053
26.97605379638288	-0.3664112519281598
27.00080738464421	-0.3662815114477564
27.02556097290555	-0.3661518632792571
27.05031456116688	-0.3660223040675358
27.07506814942821	-0.3658928384950283
27.09982173768955	-0.3657634645174583
27.12457532595088	-0.3656341820399512
27.14932891421221	-0.3655049909676662
27.17408250247355	-0.3653758912058017
27.19883609073488	-0.3652468826596004
27.22358967899621	-0.3651179652343546
27.24834326725755	-0.3649891388354107
27.27309685551888	-0.3648604033681733
27.29785044378021	-0.3647317585134296
27.32260403204155	-0.3646032046701553
27.34735762030288	-0.3644747414811425
27.37211120856421	-0.3643463688487505
27.39686479682555	-0.3642180866759406
27.42161838508688	-0.3640898948661005
27.44637197334821	-0.3639617933229425
27.47112556160955	-0.3638337819504431
27.49587914987088	-0.3637058606528057
27.52063273813221	-0.3635780293344348
27.54538632639355	-0.3634502878009814
27.57013991465488	-0.3633226361518207
27.59489350291621	-0.3631950742037386
27.61964709117755	-0.3630676018660061
27.64440067943888	-0.3629402190562724
27.66915426770021	-0.362812925741758
27.69390785596155	-0.3626862547565233
27.71866144422288	-0.3625586062314295
27.74341503248422	-0.3624315805894376
27.76816862074555	-0.3623046439007802
27.79292220900688	-0.3621777962897831
27.81767579726822	-0.3620510373273311
27.84242938552955	-0.3619243671167071
27.86718297379088	-0.3617977855645926
27.89193656205222	-0.3616712925778553
27.91669015031355	-0.3615448880635702
27.94144373857488	-0.3614185719290585
27.96619732683622	-0.361292344081948
27.99095091509755	-0.3611662044302784
28.01570450335888	-0.3610401528826963
28.04045809162022	-0.3609141896545058
28.06521167988155	-0.3607883140730777
28.08996526814288	-0.3606625263066998
28.11471885640422	-0.3605368262611817
28.13947244466555	-0.3604112138424586
28.16422603292688	-0.360285688956592
28.18897962118822	-0.3601602515097699
28.21373320944955	-0.360034901408307
28.23848679771088	-0.3599096385586449
28.26324038597222	-0.3597844628673523
28.28799397423355	-0.3596593742831413
28.31274756249488	-0.3595343726242979
28.33750115075622	-0.3594094578410532
28.36225473901755	-0.3592846298410145
28.38700832727888	-0.3591598885320443
28.41176191554022	-0.3590352338222492
28.43651550380155	-0.3589106656199689
28.46126909206289	-0.3587861838337679
28.48602268032422	-0.3586617883724266
28.51077626858555	-0.358537479144934
28.53552985684689	-0.3584132559640418
28.56028344510822	-0.3582891189337606
28.58503703336955	-0.3581650678750086
28.60979062163089	-0.3580411026994013
28.63454420989222	-0.357917223319284
28.65929779815355	-0.3577934296482179
28.68405138641489	-0.3576697216020254
28.70880497467622	-0.357546099101323
28.73355856293755	-0.3574225620787756
28.75831215119889	-0.3572991105059843
28.78306573946022	-0.3571757430919152
28.80781932772155	-0.3570524616436092
28.83257291598289	-0.3569292652777534
28.85732650424422	-0.3568061539081441
28.88208009250555	-0.3566831274487591
28.90683368076689	-0.3565601858137606
28.93158726902822	-0.356437328917498
28.95634085728955	-0.3563145566745104
28.98109444555089	-0.3561918689995298
29.00584803381222	-0.3560692658074838
29.03060162207355	-0.355946746812398
29.05535521033489	-0.3558243123607823
29.08010879859622	-0.3557019621497357
29.10486238685755	-0.3555796960918062
29.12961597511889	-0.3554575140997495
29.15436956338022	-0.3553354160865052
29.17912315164156	-0.3552134019651804
29.20387673990289	-0.3550914716490404
29.22863032816422	-0.3549696250514983
29.25338391642556	-0.354847862086111
29.27813750468689	-0.3547261826595317
29.30289109294822	-0.354604586700472
29.32764468120956	-0.3544830741155757
29.35239826947089	-0.3543616448188468
29.37715185773222	-0.3542402987244013
29.40190544599356	-0.354119035746468
29.42665903425489	-0.3539978557993875
29.45141262251622	-0.3538767587976127
29.47616621077756	-0.3537557446557082
29.50091979903889	-0.3536348132883497
29.52567338730022	-0.353513964607039
29.55042697556156	-0.3533931985334556
29.57518056382289	-0.3532725149794149
29.59993415208422	-0.3531519138600295
29.62468774034556	-0.3530313950905057
29.64944132860689	-0.3529109585861396
29.67419491686822	-0.3527906042623134
29.69894850512956	-0.3526703320344909
29.72370209339089	-0.3525501418182122
29.74845568165222	-0.3524300335290875
29.77320926991356	-0.3523100071218216
29.79796285817489	-0.352190062430948
29.82271644643622	-0.3520701994110094
29.84747003469756	-0.3519504179779915
29.87222362295889	-0.3518307180480413
29.89697721122023	-0.351711099537462
29.92173079948156	-0.3515915623627081
29.94648438774289	-0.3514721064403824
29.97123797600423	-0.3513527316872324
29.99599156426556	-0.3512334380201471
30.02074515252689	-0.3511142253461937
30.04549874078823	-0.3509950936033857
30.07025232904956	-0.3508760426989597
30.09500591731089	-0.3507570725502573
30.11975950557223	-0.3506381830747132
30.14451309383356	-0.3505193741898536
30.16926668209489	-0.3504006458132943
30.19402027035623	-0.3502819978627392
30.21877385861756	-0.3501634302559782
30.24352744687889	-0.3500449429108847
30.26828103514023	-0.3499265357833494
30.29303462340156	-0.3498082087108777
30.31778821166289	-0.3496899616515673
30.34254179992423	-0.349571794524109
30.36729538818556	-0.3494537072473177
30.39204897644689	-0.3493356997401302
30.41680256470823	-0.3492177719216022
30.44155615296956	-0.3490999237109068
30.46630974123089	-0.3489821550273331
30.49106332949223	-0.3488644657902853
30.51581691775356	-0.3487468559167255
30.54057050601489	-0.3486293253316212
30.56532409427623	-0.3485118739521533
30.59007768253756	-0.3483945016981634
30.61483127079889	-0.3482772084895973
30.63958485906023	-0.348159994246503
30.66433844732156	-0.3480428588890301
30.6890920355829	-0.3479258023374276
30.71384562384423	-0.3478088245120415
30.73859921210556	-0.3476919253333114
30.7633528003669	-0.3475751047146567
30.78810638862823	-0.3474583625906791
30.81285997688956	-0.3473416988759409
30.8376135651509	-0.3472251134914686
30.86236715341223	-0.3471086063584264
30.88712074167356	-0.3469921773981326
30.9118743299349	-0.3468758265320893
30.93662791819623	-0.3467595536820374
30.96138150645756	-0.3466433587700646
30.9861350947189	-0.3465272417188406
31.01088868298023	-0.3464112016102454
31.03564227124156	-0.3462952399740232
31.0603958595029	-0.3461793559796917
31.08514944776423	-0.3460635495479517
31.10990303602556	-0.3459478205999642
31.1346566242869	-0.3458321690572347
31.15941021254823	-0.3457165948415397
31.18416380080956	-0.3456010978748787
31.2089173890709	-0.3454856780794422
31.23367097733223	-0.3453703353775893
31.25842456559356	-0.3452550698129192
31.2831781538549	-0.3451398810206195
31.30793174211623	-0.3450247691051131
31.33268533037756	-0.3449097339820674
31.3574389186389	-0.3447947755717026
31.38219250690023	-0.3446798937958662
31.40694609516157	-0.3445650885771468
31.4316996834229	-0.3444503598385426
31.45645327168423	-0.3443357075033158
31.48120685994557	-0.3442211314949242
31.5059604482069	-0.3441066317628705
31.53071403646823	-0.3439922081767817
31.55546762472957	-0.3438778606868277
31.5802212129909	-0.3437635892170299
31.60497480125223	-0.3436493936915014
31.62972838951357	-0.3435352740344413
31.6544819777749	-0.3434212301701234
31.67923556603623	-0.3433072620228771
31.70398915429757	-0.3431933695170454
31.7287427425589	-0.3430795525768939
31.75349633082023	-0.3429658111263781
31.77824991908157	-0.3428521450884219
31.8030035073429	-0.3427385543818827
31.82775709560423	-0.3426250388975304
31.85251068386557	-0.3425115995658624
31.8772642721269	-0.3423982337651222
31.90201786038823	-0.3422849436523436
31.92677144864957	-0.3421717285345391
31.9515250369109	-0.3420585883175435
31.97627862517223	-0.3419455229226944
32.00103221343357	-0.341832532274275
32.0257858016949	-0.3417196162975213
32.05053938995623	-0.3416067749181
32.07529297821757	-0.3414940080619282
32.1000465664789	-0.3413813156551013
32.12480015474024	-0.3412686976238587
32.14955374300157	-0.341156153894567
32.1743073312629	-0.3410436843937109
32.19906091952424	-0.3409312890478872
32.22381450778557	-0.3408189677838022
