0
1000	1776.86	100000000000000.1
5	0	0	1
5	0	0	0
7.494979834713454	1.206595536458424e-07
7.519733422974787	3.794973310736043e-07
7.544487011236121	6.219436125092453e-07
7.569240599497454	8.066150525649177e-07
7.593994187758788	9.055647417413731e-07
7.618747776020121	9.18653179198895e-07
7.643501364281454	9.186615230463901e-07
7.668254952542788	9.189789577156093e-07
7.693008540804121	9.193776766205907e-07
7.717762129065455	9.200251397371415e-07
7.742515717326788	9.207568895718989e-07
7.767269305588122	9.297787429741808e-07
7.792022893849455	1.082700960175748e-06
7.816776482110789	1.484011361154806e-06
7.841530070372122	2.200801356731288e-06
7.866283658633455	3.303314293723043e-06
7.891037246894789	4.858958358456146e-06
7.915790835156122	6.935004643386617e-06
7.940544423417456	9.59484950349493e-06
7.965298011678789	1.289797632331848e-05
7.990051599940123	1.690162303443691e-05
8.014805188201457	2.1656396913239e-05
8.03955877646279	2.721040352066401e-05
8.064312364724124	3.360207982950795e-05
8.089065952985457	4.087277699301447e-05
8.113819541246791	4.904526239878574e-05
8.138573129508124	5.815128200630696e-05
8.163326717769458	6.820514532794003e-05
8.188080306030791	7.92263782256972e-05
8.212833894292125	9.121947135124879e-05
8.237587482553458	0.0001041274270648409
8.262341070814792	0.000117911693089192
8.287094659076125	0.0001327398381940141
8.311848247337458	0.000148569276911566
8.336601835598792	0.0001653314957143738
8.361355423860125	0.000183149194553969
8.386109012121459	0.0002020863109522268
8.410862600382792	0.0002219387993778357
8.435616188644126	0.0002428412605362193
8.460369776905459	0.0002648287715962387
8.485123365166793	0.0002877491734815941
8.509876953428126	0.0003117253450067607
8.534630541689459	0.0003366726345555323
8.559384129950793	0.0003627115735960634
8.584137718212126	0.0003898840235788862
8.60889130647346	0.000417938663242691
8.633644894734793	0.0004472335197065317
8.658398482996127	0.0004775140508113915
8.68315207125746	0.0005089331500746583
8.707905659518794	0.0005414286016259153
8.732659247780127	0.0005751846478071672
8.75741283604146	0.0006099858791621652
8.782166424302794	0.0006461272786299862
8.806920012564127	0.0006831848164670546
8.831673600825461	0.0007215723559365243
8.856427189086794	0.0007608424619385053
8.881180777348128	0.0008013015734271274
8.905934365609461	0.000842917258968441
8.930687953870795	0.000885710673617864
8.955441542132128	0.000929531016391207
8.980195130393462	0.0009742630668400559
9.004948718654795	0.001020405628427406
9.029702306916128	0.001067620548920236
9.054455895177462	0.001116169895828507
9.079209483438795	0.001166205740795865
9.103963071700129	0.001218011730409272
9.128716659961462	0.001271773580614871
9.153470248222796	0.001327196442091134
9.178223836484129	0.001384713990893114
9.202977424745463	0.00144477374107554
9.227731013006796	0.001507038913575573
9.252484601268129	0.00157188955319234
9.277238189529463	0.001639995994677951
9.301991777790796	0.001710845872638529
9.32674536605213	0.001785368001574181
9.351498954313463	0.001863379993116892
9.376252542574797	0.001945853332472304
9.40100613083613	0.00203208444471855
9.425759719097464	0.002122721442629489
9.450513307358797	0.002218611621359275
9.47526689562013	0.002320006567838398
9.500020483881464	0.002426596145458156
9.524774072142797	0.002538710365721302
9.549527660404131	0.002657307218431573
9.574281248665464	0.002782540072809569
9.599034836926798	0.00281716748168653
9.623788425188131	0.003051277582275763
9.648542013449465	0.003196628376338392
9.673295601710798	0.003348342718403737
9.698049189972132	0.003507951227518374
9.722802778233465	0.003674909711563351
9.747556366494798	0.003849905804205357
9.772309954756132	0.004033261023231788
9.797063543017465	0.00422552643667808
9.821817131278799	0.004425530731762266
9.846570719540132	0.004636541640229841
9.871324307801466	0.004856780324781285
9.896077896062799	0.00508732897779764
9.920831484324133	0.005327604208323933
9.945585072585466	0.005579605680661132
9.970338660846799	0.005842648702487658
9.995092249108133	0.006116942649933245
10.01984583736947	0.006403738874210152
10.0445994256308	0.006703034768657504
10.06935301389213	0.006941378821078073
10.09410660215347	0.007342944982961434
10.1188601904148	0.007682727788245742
10.14361377867613	0.008038239196510996
10.16836736693747	0.008408196823186723
10.1931209551988	0.008794663887569868
10.21787454346013	0.009196326189766629
10.24262813172147	0.00976919557694802
10.2673817199828	0.01028981708612476
10.29213530824413	0.01071213935276134
10.31688889650547	0.01128523682641291
10.3416424847668	0.01184552769419431
10.36639607302813	0.01237911510722788
10.39114966128947	0.01282009429286309
10.4159032495508	0.01343792780589446
10.44065683781213	0.01392995495222061
10.46541042607347	0.01460583094966379
10.4901640143348	0.01525511457188982
10.51491760259614	0.01581743840749025
10.53967119085747	0.01647341853112339
10.5644247791188	0.0171850978765328
10.58917836738014	0.01800698515245071
10.61393195564147	0.01914070906847466
10.6386855439028	0.02049221371962557
10.66343913216414	0.02248565785050148
10.68819272042547	0.0248840022504117
10.7129463086868	0.02812228461668701
10.73769989694814	0.03210014244253484
10.76245348520947	0.03702618074246874
10.7872070734708	0.04293937631995354
10.81196066173214	0.05012660233639345
10.83671424999347	0.05857906164268873
10.8614678382548	0.06870960956334018
10.88622142651614	0.08034491994387767
10.91097501477747	0.09386490503290697
10.9357286030388	0.1090737237568329
10.96048219130014	0.1268032694221523
10.98523577956147	0.1471209133292864
11.0099893678228	0.1694373974018789
11.03474295608414	0.1947910035632085
11.05949654434547	0.2229399953847677
11.0842501326068	0.2531878423627054
11.10900372086814	0.2870919728542687
11.13375730912947	0.3234860521606989
11.1585108973908	0.363444252899747
11.18326448565214	0.4062364761279856
11.20801807391347	0.4533826487650622
11.23277166217481	0.5029800466550961
11.25752525043614	0.5571374935218631
11.28227883869747	0.6143553644054127
11.30703242695881	0.6758454743003379
11.33178601522014	0.7412980091908927
11.35653960348147	0.8114647979286225
11.38129319174281	0.8851248913711318
11.40604678000414	0.963532066574997
11.43080036826547	1.046799660398708
11.45555395652681	1.134404083763175
11.48030754478814	1.226926371328731
11.50506113304947	1.324224175845004
11.52981472131081	1.427432795854471
11.55456830957214	1.535052462924628
11.57932189783347	1.647902113387231
11.60407548609481	1.767151182404781
11.62882907435614	1.891328413306631
11.65358266261747	2.021673894284389
11.67833625087881	2.157515010082105
11.70308983914014	2.299470478422187
11.72784342740147	2.4485909627994
11.75259701566281	2.603123547573111
11.77735060392414	2.765377944959257
11.80210419218547	2.933256998742876
11.82685778044681	3.107821287827076
11.85161136870814	3.290399269769464
11.87636495696947	3.479419849519045
11.90111854523081	3.675917338890813
11.92587213349214	3.880764966440464
11.95062572175348	4.092807651591102
11.97537931001481	4.313464895643791
12.00013289827614	4.541450739932495
12.02488648653748	4.777675197823486
12.04964007479881	5.023327671390385
12.07439366306014	5.276679772481463
12.09914725132148	5.539176990787879
12.12390083958281	5.81194591493816
12.14865442784414	6.093323679116249
12.17340801610548	6.384078792026656
12.19816160436681	6.684947076724619
12.22291519262814	6.996585301959808
12.24766878088948	7.317937546351954
12.27242236915081	7.649709338496925
12.29717595741214	7.992904798220563
12.32192954567348	8.346576357505107
12.34668313393481	8.711958673308018
12.37143672219614	9.089995493731234
12.39619031045748	9.478747489740885
12.42094389871881	9.880067574362853
12.44569748698014	10.29417410814147
12.47045107524148	10.72172235128708
12.49520466350281	11.16196410214584
12.51995825176414	11.61571368700279
12.54471184002548	12.08330446836121
12.56946542828681	12.56554688649356
12.59421901654814	13.06220484682713
12.61897260480948	13.57350662767882
12.64372619307081	14.10125960783976
12.66847978133215	14.64408918775631
12.69323336959348	15.20352567948868
12.71798695785481	15.77908191046558
12.74274054611615	16.3728987801635
12.76749413437748	16.98323179046022
12.79224772263881	17.6116598392409
12.81700131090015	18.25905503776027
12.84175489916148	18.92578590111113
12.86650848742281	19.61120373386311
12.89126207568415	20.31679262486978
12.91601566394548	21.04299053347568
12.94076925220681	21.79165190437043
12.96552284046815	22.56088326420819
12.99027642872948	23.35221207092043
13.01503001699081	24.16674417590508
13.03978360525215	25.00511512015581
13.06453719351348	25.86873208199112
13.08929078177481	26.75665172727955
13.11404437003615	27.66972461534393
13.13879795829748	28.609692068287
13.16355154655881	29.57754616166827
13.18830513482015	30.57281175564495
13.21305872308148	31.59687981244683
13.23781231134281	32.65061459194229
13.26256589960415	33.73496666825283
13.28731948786548	34.85187582577485
13.31207307612681	36.00006412115739
13.33682666438815	37.18144426824976
13.36158025264948	38.39709592236346
13.38633384091082	39.64875359017337
13.41108742917215	40.93794692052647
13.43584101743348	42.26375393064571
13.46059460569482	43.62798214178682
13.48534819395615	45.03224350089581
13.51010178221748	46.477953038492
13.53485537047882	47.96729944303554
13.55960895874015	49.49955693161066
13.58436254700148	51.0772395403387
13.60911613526282	52.70148298900748
13.63386972352415	54.37387720975578
13.65862331178548	56.097253654668
13.68337690004682	57.87094228063364
13.70813048830815	59.69782331974965
13.73288407656948	61.57891958025004
13.75763766483082	63.51696793233883
13.78239125309215	65.51306109047316
13.80714484135348	67.57075629333217
13.83189842961482	69.68937299172977
13.85665201787615	71.87263014340171
13.88140560613748	74.12281485426757
13.90615919439882	76.44152996011778
13.93091278266015	78.8312632147387
13.95566637092148	81.29505937356149
13.98041995918282	83.83396476536423
14.00517354744415	86.4517921485764
14.02992713570548	89.15105348707361
14.05468072396682	91.93433617572138
14.07943431222815	94.80489502491655
14.10418790048949	97.76549318648529
14.12894148875082	100.8184272598427
14.15369507701215	103.9651212032545
14.17844866527349	107.216593401624
14.20320225353482	110.5687505879395
14.22795584179615	114.0275264513738
14.25270943005749	117.5973379966318
14.27746301831882	121.2811750568058
14.30221660658015	125.083048089482
14.32697019484149	129.0074363923329
14.35172378310282	133.0586957096899
14.37647737136415	137.2416667219759
14.40123095962549	141.5605819859266
14.42598454788682	146.0216436199874
14.45073813614815	150.6278533427101
14.47549172440949	155.3852735205997
14.50024531267082	160.2996495093981
14.52499890093215	165.3760584693475
14.54975248919349	170.620687666398
14.57450607745482	176.0398240766984
14.59925966571615	181.641284908819
14.62401325397749	187.4284691812096
14.64876684223882	193.4096566864485
14.67352043050015	199.5918053774305
14.69827401876149	205.9822089667262
14.72302760702282	212.5891295924364
14.74778119528415	219.4190704808709
14.77253478354549	226.4816445283971
14.79728837180682	233.7859679988142
14.82204196006816	241.3381690154819
14.84679554832949	249.1487310648126
14.87154913659082	257.2271026485399
14.89630272485216	265.5832134835244
14.92105631311349	274.2269849774164
14.94580990137482	283.169300002695
14.97056348963616	292.4224401009147
14.99531707789749	301.995249971858
15.02007066615882	311.9006786897246
15.04482425442016	322.150620258649
15.06957784268149	332.7584060079777
15.09433143094282	343.7366918158258
15.11908501920416	355.0990000655216
15.14383860746549	366.859854139272
15.16859219572682	379.0339186513765
15.19334578398816	391.6346723491754
15.21809937224949	404.6841151975207
15.24285296051082	418.1912542331662
15.26760654877216	432.1757019695906
15.29236013703349	446.6549060063305
15.31711372529482	461.6469189054499
15.34186731355616	477.1710213576126
15.36662090181749	493.2467631016785
15.39137449007882	509.895665821702
15.41612807834016	527.1355831897847
15.44088166660149	544.9903116510675
15.46563525486282	563.4823730161927
15.49038884312416	582.6347900628765
15.51514243138549	602.4724300730652
15.53989601964683	623.0183411966497
15.56464960790816	644.3009076243509
15.58940319616949	666.3460715537615
15.61415678443083	689.1817584518064
15.63891037269216	712.8374432181918
15.66366396095349	737.3421568519393
15.68841754921483	762.7271286014095
15.71317113747616	789.024925985794
15.73792472573749	816.268046932543
15.76267831399883	844.4922373914477
15.78743190226016	873.7323720745063
15.81218549052149	904.0260923130436
15.83693907878283	935.409913326407
15.86169266704416	967.9253610086603
15.88644625530549	1001.614348387501
15.91119984356683	1036.516105616677
15.93595343182816	1072.677041416041
15.96070702008949	1110.140319961898
15.98546060835083	1148.955943070559
16.01021419661216	1189.171913357009
16.03496778487349	1230.838527208355
16.05972137313483	1274.007570274109
16.08447496139616	1318.734420487299
16.10922854965749	1365.074380651758
16.13398213791883	1413.087316934635
16.15873572618016	1462.830033335405
16.18348931444149	1514.365460640736
16.20824290270283	1567.759077186748
16.23299649096416	1623.077248571386
16.2577500792255	1680.388632991474
16.28250366748683	1739.76697192427
16.30725725574816	1801.278798647482
16.3320108440095	1865.007927875181
16.35676443227083	1931.030700317196
16.38151802053216	1999.429028044986
16.4062716087935	2070.286746239343
16.43102519705483	2143.693525006798
16.45577878531616	2219.736880280297
16.4805323735775	2298.511252134976
16.50528596183883	2380.114651332327
16.53003955010016	2464.642442395642
16.5547931383615	2552.208603678421
16.57954672662283	2642.910741038835
16.60430031488416	2736.862836027438
16.6290539031455	2834.179437444622
16.65380749140683	2934.979292566606
16.67856107966816	3039.384294514223
16.7033146679295	3147.523445681455
16.72806825619083	3259.524068060394
16.75282184445216	3375.52293783527
16.7775754327135	3495.661204838321
16.80232902097483	3620.082322508667
16.82708260923616	3748.937371258957
16.8518361974975	3882.380808117673
16.87658978575883	4020.572853703197
16.90134337402016	4163.678374248691
16.9260969622815	4311.864587412469
16.95085055054283	4465.321070241677
16.97560413880417	4624.218105744167
17.0003577270655	4788.750534888253
17.02511131532683	4959.11015278591
17.04986490358817	5135.500247813756
17.0746184918495	5318.129264704966
17.09937208011083	5507.213620333112
17.12412566837217	5702.97584642958
17.1488792566335	5905.646329189318
17.17363284489483	6115.46322105646
17.19838643315617	6332.672380972636
17.2231400214175	6557.526772452887
17.24789360967883	6790.290628636302
17.27264719794017	7031.234693945939
17.2974007862015	7280.63995419624
17.32215437446283	7538.795464334254
17.34690796272417	7806.001289246938
17.3716615509855	8082.564100410129
17.39641513924683	8368.806341892061
17.42116872750817	8665.057020031816
17.4459223157695	8971.657860939438
17.47067590403083	9288.959496388487
17.49542949229217	9617.326611728446
17.5201830805535	9957.13457530025
17.54493666881483	10308.77265192028
17.56969025707617	10672.64086801768
17.5944438453375	11049.15483534284
17.61919743359883	11438.74027476378
17.64395102186017	11841.83999783805
17.6687046101215	12258.92148563508
17.69345819838284	12690.42303472808
17.71821178664417	13136.86427580532
17.7429653749055	13598.73733693021
17.76771896316684	14076.55977092995
17.79247255142817	14570.8680515383
17.8172261396895	15082.21588667944
17.84197972795084	15611.17436404118
17.86673331621217	16158.33444662388
17.8914869044735	16724.30468952369
17.91624049273484	17309.71397227666
17.94099408099617	17915.21191751324
17.9657476692575	18541.46939933642
17.99050125751884	19189.17848177357
18.01525484578017	19859.05322893537
18.0400084340415	20551.83266188647
18.06476202230284	21268.27807425951
18.08951561056417	22009.17789570003
18.1142691988255	22775.33976513972
18.13902278708684	23567.60322665296
18.16377637534817	24386.83394747843
18.1885299636095	25233.92390225372
18.21328355187084	26109.79514601967
18.23803714013217	27015.39867348072
18.2627907283935	27951.71660441451
18.28754431665484	28919.76114284965
18.31229790491617	29920.57830227243
18.3370514931775	30955.24795802671
18.36180508143884	32024.88212550119
18.38655866970017	33130.63300235017
18.41131225796151	34273.68515286248
18.43606584622284	35455.26249527638
18.46081943448417	36676.63007530578
18.48557302274551	37939.08866240348
18.51032661100684	39243.98685603842
18.53508019926817	40592.70978856717
18.55983378752951	41986.68931622725
18.58458737579084	43427.40495271925
18.60934096405217	44916.38099861003
18.63409455231351	46455.19034861306
18.65884814057484	48045.45665116703
18.68360172883617	49688.85426958287
18.70835531709751	51387.11062132371
18.73310890535884	53142.00515630843
18.75786249362017	54955.38630447734
18.78261608188151	56829.14174842073
18.80736967014284	58765.23206607404
18.83212325840417	60765.67490054609
18.85687684666551	62832.55400432592
18.88163043492684	64968.01729476116
18.90638402318817	67174.28123922554
18.93113761144951	69453.60208881352
18.95589119971084	71808.42657636777
18.98064478797217	74241.09658332705
19.00539837623351	76754.15106277817
19.03015196449484	79350.17754818503
19.05490555275617	82031.84452510349
19.07965914101751	84801.90429083149
19.10441272927884	87663.19600163982
19.12916631754018	90618.64690055675
19.15391990580151	93671.2762266299
19.17867349406284	96824.19807968894
19.20342708232418	100080.6239305737
19.22818067058551	103443.8652255955
19.25293425884684	106917.3369722884
19.27768784710818	110504.5608530965
19.30244143536951	114209.168635003
19.32719502363084	118034.9051035905
19.35194861189218	121985.6263366461
19.37670220015351	126065.3303601002
19.40145578841484	130278.1069943672
19.42620937667618	134628.1989565959
19.45096296493751	139119.9627124177
19.47571655319884	143757.9036223965
19.50047014146018	148546.6628505779
19.52522372972151	153491.0237287156
19.54997731798284	158595.9201683989
19.57473090624418	163866.4344875671
19.59948449450551	169307.8111743382
19.62423808276684	174925.4659144284
19.64899167102818	180724.9576093781
19.67374525928951	186712.0370804615
19.69849884755084	192892.6323815695
19.72325243581218	199272.8322176964
19.74800602407351	205858.94736184
19.77275961233484	212657.4603098699
19.79751320059618	219675.0607911456
19.82226678885751	226918.6409424018
19.84702037711885	234395.3085984442
19.87177396538018	242112.3916853194
19.89652755364151	250077.4353438963
19.92128114190285	258298.2299953392
19.94603473016418	266782.7933139207
19.97078831842551	275539.3957607364
19.99554190668685	284576.5574869498
20.02029549494818	293903.0641691581
20.04504908320951	303527.966206192
20.06980267147085	313460.6003197888
20.09455625973218	323710.5794074009
20.11930984799351	334287.8131615053
20.14406343625485	345202.5176390372
20.16881702451618	356465.214814343
20.19357061277751	368086.7666772268
20.21832420103885	380078.4026771356
20.24307778930018	392451.4566415817
20.26783137756151	405217.9942353303
20.29258496582285	418390.1810035307
20.31733855408418	431980.6375084427
20.34209214234551	446002.3453577873
20.36684573060685	460468.6937100254
20.39159931886818	475393.4888491649
20.41635290712951	490790.917285629
20.44110649539085	506675.6841949952
20.46586008365218	523062.7831924494
20.49061367191351	539967.8550705047
20.51536726017485	557406.8937833132
20.54012084843618	575396.4094733888
20.56487443669752	593953.4613113463
20.58962802495885	613095.4194940495
20.61438161322018	632840.500176504
20.63913520148152	653207.27312016
20.66388878974285	674214.8474039587
20.68864237800418	695883.0341765094
20.71339596626552	718232.154064299
20.73814955452685	741283.1574686554
20.76290314278818	765057.6548988592
20.78765673104952	789577.8834525752
20.81241031931085	814866.7570458284
20.83716390757218	840947.893307354
20.86191749583352	867845.6129219109
20.88667108409485	895585.0133581699
20.91142467235618	924191.7401113349
20.93617826061752	953692.5547870625
20.96093184887885	984114.7865114748
20.98568543714018	1015486.636642314
21.01043902540152	1047837.179921065
21.03519261366285	1081196.340452641
21.05994620192418	1115594.933235002
21.08469979018552	1151064.770400172
21.10945337844685	1187638.513885526
21.13420696670818	1225349.876751723
21.15896055496952	1264233.554966138
21.18371414323085	1304325.313272661
21.20846773149218	1345661.955535409
21.23322131975352	1388281.241700356
21.25797490801485	1432222.707502794
21.28272849627619	1477526.10574546
21.30748208453752	1524233.023594611
21.33223567279885	1572386.111875126
21.35698926106019	1622029.346470697
21.38174284932152	1673207.96239326
21.40649643758285	1725968.573916926
21.43125002584419	1780359.173565779
21.45600361410552	1836429.20197181
21.48075720236685	1894229.569499685
21.50551079062819	1953812.696033473
21.53026437888952	2015232.577325406
21.55501796715085	2078544.80919118
21.57977155541219	2143806.644874206
21.60452514367352	2211077.030171844
21.62927873193485	2280416.694400774
21.65403232019619	2351888.160283328
21.67878590845752	2425555.791438532
21.70353949671885	2501485.869786905
21.72829308498019	2579746.693774729
21.75304667324152	2660408.532770704
21.77780026150285	2743543.754973786
21.80255384976419	2829226.875752143
21.82730743802552	2917534.656255455
21.85206102628685	3008546.095378291
21.87681461454819	3102342.544643649
21.90156820280952	3199007.763740076
21.92632179107085	3298628.0061906
21.95107537933219	3401292.059686698
21.97582896759352	3507091.359154086
22.00058255585486	3616120.024450536
22.02533614411619	3728474.984695661
22.05008973237752	3844256.073446097
22.07484332063886	3963565.848517674
22.09959690890019	4086510.232326323
22.12435049716152	4213198.077154105
22.14910408542286	4343741.475639312
22.17385767368419	4478255.833845326
22.19861126194552	4616859.96418237
22.22336485020686	4759676.195668406
22.24811843846819	4906830.447511936
22.27287202672952	5058452.351139657
22.29762561499086	5214675.214009656
22.32237920325219	5375636.848020517
22.34713279151352	5541478.261114976
22.37188637977486	5712345.173005003
22.39663996803619	5888387.447900075
22.42139355629752	6069759.382907923
22.44614714455886	6256619.771279829
22.47090073282019	6449132.099729813
22.49565432108152	6647464.651354005
22.52040790934286	6851790.616317083
22.54516149760419	7062288.336925779
22.56991508586552	7279141.329482886
22.59466867412686	7502538.567021876
22.61942226238819	7732674.38396696
22.64417585064952	7969749.047962301
22.66892943891086	8213968.553437701
22.69368302717219	8465544.955085937
22.71843661543353	8724696.525059689
22.74319020369486	8991647.904183779
22.76794379195619	9266630.341730421
22.79269738021753	9549881.853975805
22.81745096847886	9841647.309941435
22.84220455674019	10142178.95269662
22.86695814500153	10451736.18354208
22.89171173326286	10770586.05263292
22.91646532152419	11099003.46668095
22.94121890978553	11437271.3037048
22.96597249804686	11785680.66245962
22.99072608630819	12144531.29489661
23.01547967456953	12514131.45846977
23.04023326283086	12894798.49670921
23.06498685109219	13286859.25583042
23.08974043935353	13690649.64183671
23.11449402761486	14106515.65817696
23.13924761587619	14534813.30512628
23.16400120413753	14975908.94260108
23.18875479239886	15430179.64255289
23.21350838066019	15898013.31953858
23.23826196892153	16379809.31562446
23.26301555718286	16875978.4985163
23.28776914544419	17386943.69036433
23.31252273370553	17913140.02353284
23.33727632196686	18455015.25002806
23.36202991022819	19013030.12771614
23.38678349848953	19587658.81625438
23.41153708675086	20179388.99698617
23.4362906750122	20788723.19932368
23.46104426327353	21416177.61901692
23.48579785153486	22062283.98194892
23.5105514397962	22727589.25076567
23.53530502805753	23412656.33697158
23.56005861631886	24118064.34577082
23.5848122045802	24844409.18313231
23.60956579284153	25592304.1738698
23.63431938110286	26362380.05887889
23.6590729693642	27155286.10754481
23.68382655762553	27971690.32584628
23.70858014588686	28812279.93487334
23.7333337341482	29677762.09284896
23.75808732240953	30568864.38736782
23.78284091067086	31486335.45508715
23.8075944989322	32430945.58552617
23.83234808719353	33403487.02424685
23.85710167545486	34404775.36108022
23.8818552637162	35435649.40017027
23.90660885197753	36496972.21616167
23.93136244023886	37589631.836051
23.9561160285002	38714541.82895061
23.98086961676153	39872642.12271893
24.00562320502286	41064899.70541353
24.0303767932842	42292309.59815091
24.05513038154553	43555895.10665856
24.07988396980686	44856709.41003914
24.1046375580682	46195835.81181858
24.12939114632953	47574388.77112451
24.15414473459087	48993514.90631491
24.1788983228522	50454393.76822222
24.20365191111353	51958238.80640475
24.22840549937487	53506298.38747932
24.2531590876362	55099856.65828571
24.27791267589753	56740235.09490284
24.30266626415887	58428792.4736553
24.3274198524202	60166927.00909577
24.35217344068153	61956076.97686183
24.37692702894287	63797721.9723736
24.4016806172042	65693384.01377536
24.42643420546553	67644628.65487897
24.45118779372687	69653066.65612057
24.4759413819882	71720354.72916719
24.50069497024953	73848197.18874361
24.52544855851087	76038347.05611759
24.5502021467722	78292607.70841406
24.57495573503353	80612834.14483644
24.59970932329487	83000934.54265286
24.6244629115562	85458871.57730666
24.64921649981753	87988664.12667696
24.67397008807887	90592389.06599471
24.6987236763402	93272182.39007558
24.72347726460153	96030241.29400505
24.74823085286287	98868825.94762897
24.7729844411242	101790260.87172
24.79773802938553	104796937.1720885
24.82249161764687	107891314.2813318
24.8472452059082	111075922.4757264
24.87199879416954	114353361.9739618
24.89675238243087	117726310.5392549
24.9215059706922	121197520.2527542
24.94625955895354	124769822.341673
24.97101314721487	128446128.6751687
24.9957667354762	132229434.3178571
25.02052032373754	136122819.5334049
25.04527391199887	140129452.6060039
25.0700275002602	144252592.3448599
25.09478108852154	148495589.4352499
25.11953467678287	152861891.3380105
25.1442882650442	157355042.943086
25.16904185330554	161978690.3236945
25.19379544156687	166736583.1772673
25.2185490298282	171632578.1211848
25.24330261808954	176670641.4489907
25.26805620635087	181854852.139729
25.2928097946122	187189406.0208595
25.31756338287354	192678616.3134582
25.34231697113487	198326921.1234001
25.3670705593962	204138883.3842195
25.39182414765754	210119196.2032086
25.41657773591887	216272685.4961951
25.4413313241802	222604314.9285029
25.46608491244154	229119188.7305307
25.49083850070287	235822556.0452081
25.5155920889642	242719818.4555182
25.54034567722554	249816517.9565296
25.56509926548687	257118372.5536959
25.58985285374821	264631249.7464873
25.61460644200954	272361188.1396257
25.63936003027087	280314395.448067
25.66411361853221	288497256.3263818
25.68886720679354	296916336.496121
25.71362079505487	305578387.3228743
25.73837438331621	314490351.6669579
25.76312797157754	323659369.4267608
25.78788155983887	333092781.6646945
25.81263514810021	342798137.9258986
25.83738873636154	352783202.1294833
25.86214232462287	363055956.7424879
25.88689591288421	373624610.2009737
25.91164950114554	384497603.9871077
25.93640308940687	395683617.2210253
25.96115667766821	407191575.7182288
25.98591026592954	419030656.3059496
26.01066385419087	431210296.7525871
26.03541744245221	443740199.7557526
26.06017103071354	456630341.5953987
26.08492461897487	469890983.8187379
26.10967820723621	483532674.7673894
26.13443179549754	497566261.4115289
26.15918538375887	512002896.5891387
26.18393897202021	526854048.799875
26.20869256028154	542131509.2791578
26.23344614854287	557847401.9422603
26.25819973680421	574014193.9775165
26.28295332506554	590644700.917942
26.30770691332688	607752104.2203846
26.33246050158821	625349952.8481756
26.35721408984954	643452179.7608213
26.38196767811088	662073109.8542004
26.40672126637221	681227471.1121814
26.43147485463354	700930407.953373
26.45622844289488	721197489.350059
26.48098203115621	742044723.5831108
26.50573561941754	763488569.7691039
26.53048920767888	785545948.7143046
26.55524279594021	808234259.8761021
26.57999638420154	831571390.0752525
26.60474997246288	855575730.020638
26.62950356072421	880266187.0500296
26.65425714898554	905662201.9464216
26.67901073724688	931783759.1607816
26.70376432550821	958651406.9658403
26.72851791376954	986286270.0842162
26.75327150203088	1014710066.611829
26.77802509029221	1043945124.572163
26.80277867855354	1074014402.685835
26.82753226681488	1104941497.157875
26.85228585507621	1136750671.96604
26.87703944333754	1169466870.689325
26.90179303159888	1203115736.653322
26.92654661986021	1237723633.138323
26.95130020812154	1273317662.596661
26.97605379638288	1309925687.584623
27.00080738464421	1347576352.132527
27.02556097290555	1386299102.574809
27.05031456116688	1426124213.454437
27.07506814942821	1467082803.706889
27.09982173768955	1509206866.871049
27.12457532595088	1552529292.048773
27.14932891421221	1597083890.321692
27.17408250247355	1642905414.434237
27.19883609073488	1690029601.824211
27.22358967899621	1738493180.368839
27.24834326725755	1788333908.989563
27.27309685551888	1839590603.402483
27.29785044378021	1892303165.461455
27.32260403204155	1946512612.293473
27.34735762030288	2002261110.12038
27.37211120856421	2059592002.876042
27.39686479682555	2118549847.285245
27.42161838508688	2179180441.984717
27.44637197334821	2241530874.212642
27.47112556160955	2305649539.460952
27.49587914987088	2371586187.844911
27.52063273813221	2439391959.280364
27.54538632639355	2509119422.083679
27.57013991465488	2580822613.037592
27.59489350291621	2654557076.316975
27.61964709117755	2730379907.774018
27.64440067943888	2808349797.955853
27.66915426770021	2888527068.924659
27.69390785596155	2970973738.526606
27.71866144422288	3055753544.435921
27.74341503248422	3142932004.679454
27.76816862074555	3232576464.805336
27.79292220900688	3324756148.257863
27.81767579726822	3419542216.374892
27.84242938552955	3517007778.857748
27.86718297379088	3617228038.561718
27.89193656205222	3720280256.567994
27.91669015031355	3826243854.801497
27.94144373857488	3935200460.739165
27.96619732683622	4047233991.563442
27.99095091509755	4162430689.097275
28.01570450335888	4280879199.068704
28.04045809162022	4402670634.904966
28.06521167988155	4527898646.60276
28.08996526814288	4656659486.596706
28.11471885640422	4789052093.340337
28.13947244466555	4925178150.534651
28.16422603292688	5065142172.623998
28.18897962118822	5209051578.144619
28.21373320944955	5357016777.892183
28.23848679771088	5509151248.531967
28.26324038597222	5665571622.000472
28.28799397423355	5826397770.698466
28.31274756249488	5991752898.56985
28.33750115075622	6161763822.313134
28.36225473901755	6336560115.646566
28.38700832727888	6516276110.906634
28.41176191554022	6701049091.721326
28.43651550380155	6891020348.425463
28.46126909206289	7086335090.710359
28.48602268032422	7287142561.675185
28.51077626858555	7493596156.023438
28.53552985684689	7705853510.872632
28.56028344510822	7924076644.117073
28.58503703336955	8148432065.693994
28.60979062163089	8379090898.066686
28.63454420989222	8616229033.904846
28.65929779815355	8860027208.084433
28.68405138641489	9110671188.548239
28.70880497467622	9368351887.640352
28.73355856293755	9633265504.584465
28.75831215119889	9905613676.232227
28.78306573946022	10185603637.05569
28.80781932772155	10473448350.34035
28.83257291598289	10769366681.93068
28.85732650424422	11073583559.57453
28.88208009250555	11386330153.33207
28.90683368076689	11707843960.30235
28.93158726902822	12038369179.34976
28.95634085728955	12378156674.77608
28.98109444555089	12727464276.9269
29.00584803381222	13086556948.94583
29.03060162207355	13455706989.5494
29.05535521033489	13835194222.50377
29.08010879859622	14225306219.44657
29.10486238685755	14626338499.39859
29.12961597511889	15038594751.9157
29.15436956338022	15462387066.11244
29.17912315164156	15898036138.4122
29.20387673990289	16345871568.22897
29.22863032816422	16806232030.7319
29.25338391642556	17279465564.49452
29.27813750468689	17765929830.32529
29.30289109294822	18265992358.70475
29.32764468120956	18780030841.04223
29.35239826947089	19308433385.40596
29.37715185773222	19851598833.69197
29.40190544599356	20409937015.18775
29.42665903425489	20983869103.72414
29.45141262251622	21573827856.9891
29.47616621077756	22180258007.52682
29.50091979903889	22803616551.88877
29.52567338730022	23444373077.87308
29.55042697556156	24103010140.00044
29.57518056382289	24780023598.98258
29.59993415208422	25475922983.40784
29.62468774034556	26191231879.07642
29.64944132860689	26926488296.28569
29.67419491686822	27682245099.96247
29.69894850512956	28459070342.10909
29.72370209339089	29257547782.06973
29.74845568165222	30078277224.46708
29.77320926991356	30921875032.30442
29.79796285817489	31788974527.9311
29.82271644643622	32680226472.54955
29.84747003469756	33596299557.92066
29.87222362295889	34537880882.50031
29.89697721122023	35505676462.12331
29.92173079948156	36500411740.55476
29.94648438774289	37522832166.89359
29.97123797600423	38573703636.6835
29.99599156426556	39653813190.16321
30.02074515252689	40763969476.23904
30.04549874078823	41905003392.86617
30.07025232904956	43077768715.70135
30.09500591731089	44283142694.19862
30.11975950557223	45522026680.02819
30.14451309383356	46795346825.36775
30.16926668209489	48104054751.5519
30.19402027035623	49449128197.41067
30.21877385861756	50831571839.45007
30.24352744687889	52252417898.14397
30.26828103514023	53712726989.35109
30.29303462340156	55213588876.05897
30.31778821166289	56756123246.34647
30.34254179992423	58341480520.93198
30.36729538818556	59970842766.46903
30.39204897644689	61645424460.93218
30.41680256470823	63366473459.33117
30.44155615296956	65135271847.29401
30.46630974123089	66953136914.80817
30.49106332949223	68821422100.85011
30.51581691775356	70741518025.68553
30.54057050601489	72714853399.88026
30.56532409427623	74742896174.10274
30.59007768253756	76827154574.1749
30.61483127079889	78969178167.85106
30.63958485906023	81170559029.90411
30.66433844732156	83432932913.966
30.6890920355829	85757980415.22366
30.71384562384423	88147428184.00966
30.73859921210556	90603050229.04181
30.7633528003669	93126669149.15056
30.78810638862823	95720157514.38049
30.81285997688956	98385439228.68285
30.8376135651509	101124490867.1434
30.86236715341223	103939343169.0644
30.88712074167356	106832082525.7636
30.9118743299349	109804852446.3418
30.93662791819623	112859855142.4626
30.96138150645756	115999353117.9221
30.9861350947189	119225670876.5148
31.01088868298023	122541196495.5775
31.03564227124156	125948383465.2221
31.0603958595029	129449752366.5279
31.08514944776423	133047892825.3851
31.10990303602556	136745465310.2333
31.1346566242869	140545203077.5138
31.15941021254823	144449914031.7199
31.18416380080956	148462483188.1499
31.2089173890709	152585874218.9949
31.23367097733223	156823131903.4687
31.25842456559356	161177384277.3906
31.2831781538549	165651844907.3062
31.30793174211623	170249815232.5233
31.33268533037756	174974686903.4322
31.3574389186389	179829944289.2507
31.38219250690023	184819166668.7462
31.40694609516157	189946033009.6675
31.4316996834229	195214318891.7982
31.45645327168423	200627906315.1379
31.48120685994557	206190782467.9919
31.5059604482069	211907043309.8519
31.53071403646823	217780896712.7403
31.55546762472957	223816665445.7837
31.5802212129909	230018790329.5637
31.60497480125223	236391833400.9313
31.62972838951357	242940481268.5138
31.6544819777749	249669545780.8127
31.67923556603623	256583978338.3258
31.70398915429757	263688857700.1032
31.7287427425589	270989402478.735
31.75349633082023	278490974952.2994
31.77824991908157	286199083494.3058
31.8030035073429	294119386440.3929
31.82775709560423	302257696538.5858
31.85251068386557	310619985074.7008
31.8772642721269	319212386113.8985
31.90201786038823	328041200986.5102
31.92677144864957	337112902781.2778
31.9515250369109	346434139325.5071
31.97627862517223	356011744843.5822
32.00103221343357	365852736677.1628
32.0257858016949	375964317619.8627
32.05053938995623	386353896597.4286
32.07529297821757	397029078513.1218
32.1000465664789	407997676948.5337
32.12480015474024	419267717884.1424
32.14955374300157	430847446163.0506
32.1743073312629	442745330994.4988
32.19906091952424	454970072220.8994
32.22381450778557	467530606524.1392
0
1000	1776.86	100000000000000.1
5	0	0	1
5	0	0	0
7.494979834713454	-5.640100138863222e-09
7.519733422974787	-5.660434421625652e-09
7.544487011236121	-4.690854428589336e-09
7.569240599497454	-3.026214426612879e-09
7.593994187758788	-1.03332872040765e-09
7.618747776020121	-1.053233265550396e-12
7.643501364281454	-3.500222612690872e-12
7.668254952542788	-6.337284861733438e-12
7.693008540804121	-9.490074418116291e-12
7.717762129065455	-1.288946916196539e-11
7.742515717326788	-1.647287660220339e-11
7.767269305588122	-8.967042392746712e-10
7.792022893849455	-4.433903332855913e-09
7.816776482110789	-8.908731820820542e-09
7.841530070372122	-1.426085523423159e-08
7.866283658633455	-2.041332245932398e-08
7.891037246894789	-2.727679253481219e-08
7.915790835156122	-3.47535049411104e-08
7.940544423417456	-4.274104686913021e-08
7.965298011678789	-5.11349507610303e-08
7.990051599940123	-5.983105267132521e-08
8.014805188201457	-6.872747033420441e-08
8.03955877646279	-7.772626023434536e-08
8.064312364724124	-8.673480377198952e-08
8.089065952985457	-9.566696454694805e-08
8.113819541246791	-1.044443261712353e-07
8.138573129508124	-1.129964771865561e-07
8.163326717769458	-1.212615784757833e-07
8.188080306030791	-1.291874820384635e-07
8.212833894292125	-1.367319098385203e-07
8.237587482553458	-1.422864090772414e-07
8.262341070814792	-1.491090104576785e-07
8.287094659076125	-1.556248776624622e-07
8.311848247337458	-1.618229761218184e-07
8.336601835598792	-1.676953465575778e-07
8.361355423860125	-1.732389473444146e-07
8.386109012121459	-1.784523629362413e-07
8.410862600382792	-1.833346330760093e-07
8.435616188644126	-1.878892374895374e-07
8.460369776905459	-1.92122316441333e-07
8.485123365166793	-1.955091442747319e-07
8.509876953428126	-1.991727390762706e-07
8.534630541689459	-2.025947379063147e-07
8.559384129950793	-2.05787099511475e-07
8.584137718212126	-2.087612960742149e-07
8.60889130647346	-2.115286269060949e-07
8.633644894734793	-2.140999854382513e-07
8.658398482996127	-2.164857877411665e-07
8.68315207125746	-2.186959102975352e-07
8.707905659518794	-2.207396361886121e-07
8.732659247780127	-2.237691661263333e-07
8.75741283604146	-2.254045487523553e-07
8.782166424302794	-2.268000164462936e-07
8.806920012564127	-2.279718845631077e-07
8.831673600825461	-2.289407666784634e-07
8.856427189086794	-2.297315347962696e-07
8.881180777348128	-2.303732744789004e-07
8.905934365609461	-2.30899235847618e-07
8.930687953870795	-2.313467812862624e-07
8.955441542132128	-2.317573305788231e-07
8.980195130393462	-2.303396358932145e-07
9.004948718654795	-2.309809637609404e-07
9.029702306916128	-2.318885567123084e-07
9.054455895177462	-2.331032011888305e-07
9.079209483438795	-2.346615289253155e-07
9.103963071700129	-2.365960225378818e-07
9.128716659961462	-2.389350287695438e-07
9.153470248222796	-2.417027783486983e-07
9.178223836484129	-2.449194115247234e-07
9.202977424745463	-2.486010084438999e-07
9.227731013006796	-2.525208412537119e-07
9.252484601268129	-2.571862930815205e-07
9.277238189529463	-2.623610823510361e-07
9.301991777790796	-2.680432300079927e-07
9.32674536605213	-2.742257418596736e-07
9.351498954313463	-2.809058786106872e-07
9.376252542574797	-2.880429870080912e-07
9.40100613083613	-2.956384546933356e-07
9.425759719097464	-3.036597538670086e-07
9.450513307358797	-3.120764210121438e-07
9.47526689562013	-3.22775072418482e-07
9.500020483881464	-3.316991145333026e-07
9.524774072142797	-3.40739054260885e-07
9.549527660404131	-3.498642857047466e-07
9.574281248665464	-3.590480334415169e-07
9.599034836926798	-3.68267321637269e-07
9.623788425188131	-3.775029411666576e-07
9.648542013449465	-3.867394150655884e-07
9.673295601710798	-3.959649626125948e-07
9.698049189972132	-4.051714623020408e-07
9.722802778233465	-4.135447540382723e-07
9.747556366494798	-4.227768577992734e-07
9.772309954756132	-4.320550856027192e-07
9.797063543017465	-4.413781837537754e-07
9.821817131278799	-4.507449580862563e-07
9.846570719540132	-4.60154272910508e-07
9.871324307801466	-4.696050499802561e-07
9.896077896062799	-4.790962674788868e-07
9.920831484324133	-4.88626959025488e-07
9.945585072585466	-4.981962127008529e-07
9.970338660846799	-5.078118186309822e-07
9.995092249108133	-5.174548913604157e-07
10.01984583736947	-5.27133380398445e-07
10.0445994256308	-5.3684666022749e-07
10.06935301389213	-5.465941917977308e-07
10.09410660215347	-5.563755213524205e-07
10.1188601904148	-5.661902792722397e-07
10.14361377867613	-5.760381789390927e-07
10.16836736693747	-5.859190156196139e-07
10.1931209551988	-5.958326653685942e-07
10.21787454346013	-7.5133802158161e-07
10.24262813172147	-7.480726217804164e-07
10.2673817199828	-7.326269588404772e-07
10.29213530824413	-7.063297518680306e-07
10.31688889650547	-6.711208787906828e-07
10.3416424847668	-6.560028429203697e-07
10.36639607302813	-6.661410887571743e-07
10.39114966128947	-6.763134595897e-07
10.4159032495508	-6.865211227027355e-07
10.44065683781213	-6.967654989664835e-07
10.46541042607347	-7.069218608786013e-07
10.4901640143348	-7.172477321791605e-07
10.51491760259614	-7.276298417315626e-07
10.53967119085747	-7.38072912534425e-07
10.5644247791188	-7.485818634542853e-07
10.58917836738014	-8.917607178215117e-07
10.61393195564147	-1.217309591744071e-06
10.6386855439028	-1.611137336841868e-06
10.66343913216414	-2.075096027374524e-06
10.68819272042547	-2.610498132543362e-06
10.7129463086868	-3.195800792299575e-06
10.73769989694814	-3.8778424045529e-06
10.76245348520947	-4.634002904046514e-06
10.7872070734708	-5.46332234544767e-06
10.81196066173214	-6.364230135902224e-06
10.83671424999347	-7.334546803365659e-06
10.8614678382548	-8.37148538860885e-06
10.88622142651614	-9.471652538386477e-06
10.91097501477747	-1.063104936207327e-05
10.9357286030388	-1.18450721016254e-05
10.96048219130014	-1.3336214187166e-05
10.98523577956147	-1.46227665606181e-05
11.0099893678228	-1.592732262031623e-05
11.03474295608414	-1.724487957923689e-05
11.05949654434547	-1.857079979552358e-05
11.0842501326068	-1.99008105436543e-05
11.10900372086814	-2.123101636998249e-05
11.13375730912947	-2.255807524652154e-05
11.1585108973908	-2.387690764889543e-05
11.18326448565214	-2.518797452686408e-05
11.20801807391347	-2.644551273626577e-05
11.23277166217481	-2.773355710923656e-05
11.25752525043614	-2.900905914362015e-05
11.28227883869747	-3.027017144634935e-05
11.30703242695881	-3.151521284778496e-05
11.33178601522014	-3.27426678242375e-05
11.35653960348147	-3.395118599188476e-05
11.38129319174281	-3.513958166382652e-05
11.40604678000414	-3.630683346293285e-05
11.43080036826547	-3.745208398393518e-05
11.45555395652681	-3.855281059036197e-05
11.48030754478814	-3.965409431080051e-05
11.50506113304947	-4.073362946168907e-05
11.52981472131081	-4.179102110162565e-05
11.55456830957214	-4.282594368889417e-05
11.57932189783347	-4.383814112613862e-05
11.60407548609481	-4.482742680732135e-05
11.62882907435614	-4.579368366606387e-05
11.65358266261747	-4.67368642245915e-05
11.67833625087881	-4.765699064261e-05
11.70308983914014	-4.854352700081349e-05
11.72784342740147	-4.941880572041321e-05
11.75259701566281	-5.027257655136954e-05
11.77735060392414	-5.110468762051806e-05
11.80210419218547	-5.191561884850819e-05
11.82685778044681	-5.270558215335968e-05
11.85161136870814	-5.347485588452609e-05
11.87636495696947	-5.422374603184656e-05
11.90111854523081	-5.495258403292108e-05
11.92587213349214	-5.566172643339556e-05
11.95062572175348	-5.634681154874482e-05
11.97537931001481	-5.701815668754148e-05
12.00013289827614	-5.767142730861546e-05
12.02488648653748	-5.830703904118039e-05
12.04964007479881	-5.892541242366177e-05
12.07439366306014	-5.952697299471536e-05
12.09914725132148	-6.011215137656361e-05
12.12390083958281	-6.068138335133109e-05
12.14865442784414	-6.123510993102627e-05
12.17340801610548	-6.177377742178703e-05
12.19816160436681	-6.229597883706382e-05
12.22291519262814	-6.28060573260934e-05
12.24766878088948	-6.330260380263261e-05
12.27242236915081	-6.378606969099737e-05
12.29717595741214	-6.425690422458738e-05
12.32192954567348	-6.471555450119087e-05
12.34668313393481	-6.51624655302283e-05
12.37143672219614	-6.559808027350241e-05
12.39619031045748	-6.602283968066679e-05
12.42094389871881	-6.643718272036067e-05
12.44569748698014	-6.684109326205298e-05
12.47045107524148	-6.723595318552373e-05
12.49520466350281	-6.762174038779333e-05
12.51995825176414	-6.799888214838533e-05
12.54471184002548	-6.836780188591056e-05
12.56946542828681	-6.872891918016218e-05
12.59421901654814	-6.90826497981116e-05
12.61897260480948	-6.942940572709157e-05
12.64372619307081	-6.976959522111396e-05
12.66847978133215	-7.010362287172813e-05
12.69323336959348	-7.043202886420152e-05
12.71798695785481	-7.075493386525586e-05
12.74274054611615	-7.107285768488343e-05
12.76749413437748	-7.138618874829818e-05
12.79224772263881	-7.169531184696124e-05
12.81700131090015	-7.200060813803302e-05
12.84175489916148	-7.230245514297924e-05
12.86650848742281	-7.260122674529598e-05
12.89126207568415	-7.289729318730509e-05
12.91601566394548	-7.319102106595432e-05
12.94076925220681	-7.348296020979235e-05
12.96552284046815	-7.377307971293403e-05
12.99027642872948	-7.406192262884669e-05
13.01503001699081	-7.434984245427475e-05
13.03978360525215	-7.463718980796615e-05
13.06453719351348	-7.492431242523608e-05
13.08929078177481	-7.52115551522833e-05
13.11404437003615	-7.549925994026139e-05
13.13879795829748	-7.57877658391062e-05
13.16355154655881	-7.607740899111823e-05
13.18830513482015	-7.636865990246699e-05
13.21305872308148	-7.666156205220915e-05
13.23781231134281	-7.695658076996318e-05
13.26256589960415	-7.72540416922516e-05
13.28731948786548	-7.755426809897341e-05
13.31207307612681	-7.785758090501034e-05
13.33682666438815	-7.816429865189654e-05
13.36158025264948	-7.84747374995579e-05
13.38633384091082	-7.87892112181261e-05
13.41108742917215	-7.910803117983103e-05
13.43584101743348	-7.943154567818415e-05
13.46059460569482	-7.975997899994816e-05
13.48534819395615	-8.009367493101798e-05
13.51010178221748	-8.043293553567602e-05
13.53485537047882	-8.077806060240021e-05
13.55960895874015	-8.112934763463863e-05
13.58436254700148	-8.148709184198615e-05
13.60911613526282	-8.185158613175397e-05
13.63386972352415	-8.222312110092416e-05
13.65862331178548	-8.260198502848194e-05
13.68337690004682	-8.298844543104246e-05
13.70813048830815	-8.338282389052009e-05
13.73288407656948	-8.378538396359877e-05
13.75763766483082	-8.419640454175577e-05
13.78239125309215	-8.461616204438207e-05
13.80714484135348	-8.5044930406118e-05
13.83189842961482	-8.548298106565835e-05
13.85665201787615	-8.593058295587717e-05
13.88140560613748	-8.63880024951421e-05
13.90615919439882	-8.685550357970422e-05
13.93091278266015	-8.733327433386424e-05
13.95566637092148	-8.782172623534116e-05
13.98041995918282	-8.832104253591411e-05
14.00517354744415	-8.883147642115512e-05
14.02992713570548	-8.935327818559065e-05
14.05468072396682	-8.988669522692079e-05
14.07943431222815	-9.04319720415813e-05
14.10418790048949	-9.098935022146627e-05
14.12894148875082	-9.155906845166248e-05
14.15369507701215	-9.214136250907306e-05
14.17844866527349	-9.273637103049702e-05
14.20320225353482	-9.334452092025876e-05
14.22795584179615	-9.396594445528937e-05
14.25270943005749	-9.460086494648264e-05
14.27746301831882	-9.524950240010311e-05
14.30221660658015	-9.591207352156701e-05
14.32697019484149	-9.658879171952176e-05
14.35172378310282	-9.727986711021573e-05
14.37647737136415	-9.798550652214972e-05
14.40123095962549	-9.870591350100752e-05
14.42598454788682	-9.944122351133579e-05
14.45073813614815	-0.0001001917689170916
14.47549172440949	-0.0001009576783564807
14.50024531267082	-0.0001017391417369244
14.52499890093215	-0.000102536345449726
14.54975248919349	-0.0001033494721112671
14.57450607745482	-0.0001041787015062255
14.59925966571615	-0.0001050242091146669
14.62401325397749	-0.0001058861673096925
14.64876684223882	-0.0001067647449038029
14.67352043050015	-0.0001076600903485358
14.69827401876149	-0.0001085724007399196
14.72302760702282	-0.0001095018174744282
14.74778119528415	-0.0001104484952840589
14.77253478354549	-0.0001114125853463074
14.79728837180682	-0.0001123942346529993
14.82204196006816	-0.0001133935900273973
14.84679554832949	-0.0001144107889672988
14.87154913659082	-0.0001154459699502579
14.89630272485216	-0.0001164992665902151
14.92105631311349	-0.0001175708485271244
14.94580990137482	-0.0001186607601240267
14.97056348963616	-0.0001197691641637337
14.99531707789749	-0.0001208961807833309
15.02007066615882	-0.0001220419268494841
15.04482425442016	-0.0001232065159680528
15.06957784268149	-0.000124390058493619
15.09433143094282	-0.000125592661538936
15.11908501920416	-0.0001268144289843056
15.14383860746549	-0.0001280554614868876
15.16859219572682	-0.0001293159328000096
15.19334578398816	-0.0001305957779756239
15.21809937224949	-0.0001318951643721408
15.24285296051082	-0.0001332141804633217
15.26760654877216	-0.0001345529118933698
15.29236013703349	-0.0001359114414883841
15.31711372529482	-0.0001372898492680571
15.34186731355616	-0.0001386882124593036
15.36662090181749	-0.0001401066055188709
15.39137449007882	-0.0001415451002125635
15.41612807834016	-0.0001430039548312745
15.44088166660149	-0.0001444829120254032
15.46563525486282	-0.0001459832615990783
15.49038884312416	-0.0001475013758309366
15.51514243138549	-0.0001490414078891609
15.53989601964683	-0.0001506018535396874
15.56464960790816	-0.000152182808920829
15.58940319616949	-0.0001537843338111111
15.61415678443083	-0.0001554064805347064
15.63891037269216	-0.0001570492977223181
15.66366396095349	-0.0001587129072430939
15.68841754921483	-0.0001603971954043184
15.71317113747616	-0.0001621022768061971
15.73792472573749	-0.0001638281907291093
15.76267831399883	-0.0001655749746174664
15.78743190226016	-0.0001673426640819916
15.81218549052149	-0.0001691312929015544
15.83693907878283	-0.0001709408930244902
15.86169266704416	-0.0001727714945693234
15.88644625530549	-0.0001746231258247979
15.91119984356683	-0.0001764959080783169
15.93595343182816	-0.0001783896681480521
15.96070702008949	-0.0001803045236778369
15.98546060835083	-0.0001822404963505316
16.01021419661216	-0.0001841976064215254
16.03496778487349	-0.000186175872723314
16.05972137313483	-0.0001881753126750199
16.08447496139616	-0.000190195942314944
16.10922854965749	-0.0001922377765245178
16.13398213791883	-0.0001943007928325859
16.15873572618016	-0.0001963851794461185
16.18348931444149	-0.0001984906923313739
16.20824290270283	-0.0002006174484734965
16.23299649096416	-0.000202765449612458
16.2577500792255	-0.0002049347120625681
16.28250366748683	-0.0002071252367762872
16.30725725574816	-0.000209337029062182
16.3320108440095	-0.0002115700926840392
16.35676443227083	-0.0002138244302643747
16.38151802053216	-0.0002161000433235659
16.4062716087935	-0.0002183969922719658
16.43102519705483	-0.0002207151510707338
16.45577878531616	-0.0002230545782320801
16.4805323735775	-0.0002254152713524335
16.50528596183883	-0.0002277972295861057
16.53003955010016	-0.0002302004433227264
16.5547931383615	-0.0002326249126421947
16.57954672662283	-0.0002350706306482856
16.60430031488416	-0.0002375375908856522
16.6290539031455	-0.0002400257861215204
16.65380749140683	-0.0002425352533874934
16.67856107966816	-0.0002450658897747718
16.7033146679295	-0.0002476177307239375
16.72806825619083	-0.0002501907661868388
16.75282184445216	-0.0002527849854860103
16.7775754327135	-0.0002554003773269408
16.80232902097483	-0.0002580369298024493
16.82708260923616	-0.0002606946303949947
16.8518361974975	-0.0002633734659782866
16.87658978575883	-0.0002660734228186173
16.90134337402016	-0.0002687945254392041
16.9260969622815	-0.0002715366777037838
16.95085055054283	-0.0002742999031029798
16.97560413880417	-0.0002770841858221958
17.0003577270655	-0.0002798895096122741
17.02511131532683	-0.0002827158577902744
17.04986490358817	-0.0002855632132402432
17.0746184918495	-0.0002884315584139664
17.09937208011083	-0.0002913208753317095
17.12412566837217	-0.0002942311455829441
17.1488792566335	-0.0002971623834524756
17.17363284489483	-0.0003001145003792144
17.19838643315617	-0.0003030875100822994
17.2231400214175	-0.0003060813927160898
17.24789360967883	-0.0003090961281498056
17.27264719794017	-0.0003121316959668858
17.2974007862015	-0.0003151880754649781
17.32215437446283	-0.0003182652456561681
17.34690796272417	-0.0003213631852673086
17.3716615509855	-0.0003244818727403956
17.39641513924683	-0.0003276213127465005
17.42116872750817	-0.0003307814277597743
17.4459223157695	-0.0003339622220161091
17.47067590403083	-0.0003371636730536958
17.49542949229217	-0.0003403857582414702
17.5201830805535	-0.0003436284547793
17.54493666881483	-0.0003468917396981677
17.56969025707617	-0.0003501755898603518
17.5944438453375	-0.0003534799819596022
17.61919743359883	-0.0003568048925213152
17.64395102186017	-0.0003601503176364707
17.6687046101215	-0.0003635161922631102
17.69345819838284	-0.0003669025122519175
17.71821178664417	-0.0003703092536287427
17.7429653749055	-0.0003737363923366294
17.76771896316684	-0.0003771839042357929
17.79247255142817	-0.0003806517651035953
17.8172261396895	-0.0003841399506345181
17.84197972795084	-0.0003876484364401344
17.86673331621217	-0.0003911771980490763
17.8914869044735	-0.0003947262264488091
17.91624049273484	-0.0003982954645411318
17.94099408099617	-0.0004018849032090531
17.9657476692575	-0.0004054945177799763
17.99050125751884	-0.0004091242835624293
18.01525484578017	-0.0004127741758435121
18.0400084340415	-0.0004164441698819992
18.06476202230284	-0.0004201342408837904
18.08951561056417	-0.0004238443638636515
18.1142691988255	-0.0004275745106132003
18.13902278708684	-0.0004313246809954716
18.16377637534817	-0.0004350948118027442
18.1885299636095	-0.0004388848947784879
18.21328355187084	-0.0004426949051712072
18.23803714013217	-0.0004465248182582516
18.2627907283935	-0.0004503746093455497
18.28754431665484	-0.0004542442537673435
18.31229790491617	-0.0004581337268859205
18.3370514931775	-0.0004620430040913464
18.36180508143884	-0.0004659720608011941
18.38655866970017	-0.0004699208777733565
18.41131225796151	-0.0004738894191921649
18.43606584622284	-0.0004778776660333452
18.46081943448417	-0.0004818855938848618
18.48557302274551	-0.0004859131784388438
18.51032661100684	-0.0004899603948934477
18.53508019926817	-0.0004940272198558802
18.55983378752951	-0.0004981136285541034
18.58458737579084	-0.0005022195969195631
18.60934096405217	-0.0005063451008514009
18.63409455231351	-0.0005104901194314384
18.65884814057484	-0.0005146546220086413
18.68360172883617	-0.0005188385879156052
18.70835531709751	-0.0005230419932684629
18.73310890535884	-0.0005272648142439706
18.75786249362017	-0.0005315070270792855
18.78261608188151	-0.0005357686080717431
18.80736967014284	-0.0005400495335786319
18.83212325840417	-0.0005443497800169682
18.85687684666551	-0.0005486693238632729
18.88163043492684	-0.0005530081427771959
18.90638402318817	-0.0005573662110302548
18.93113761144951	-0.0005617435063776205
18.95589119971084	-0.0005661400055311774
18.98064478797217	-0.0005705556852584267
19.00539837623351	-0.0005749905223707311
19.03015196449484	-0.0005794444936763692
19.05490555275617	-0.0005839175756441606
19.07965914101751	-0.000588409809023972
19.10441272927884	-0.0005929209874200069
19.12916631754018	-0.0005974512637899368
19.15391990580151	-0.0006020005630865797
19.17867349406284	-0.0006065688595535249
19.20342708232418	-0.0006111561305247813
19.22818067058551	-0.0006157623533967969
19.25293425884684	-0.0006203875056349037
19.27768784710818	-0.0006250315647926814
19.30244143536951	-0.000629694508587985
19.32719502363084	-0.0006343763154072333
19.35194861189218	-0.0006390770097682136
19.37670220015351	-0.0006437964190069271
19.40145578841484	-0.0006485346763448092
19.42620937667618	-0.0006532917066840896
19.45096296493751	-0.0006580674878703374
19.47571655319884	-0.0006628619977049454
19.50047014146018	-0.0006676752131171548
19.52522372972151	-0.0006725071212284622
19.54997731798284	-0.0006773576835887537
19.57473090624418	-0.0006822268891682444
19.59948449450551	-0.0006871147143175869
19.62423808276684	-0.0006920211842989414
19.64899167102818	-0.000696946137793172
19.67374525928951	-0.0007018896890304545
19.69849884755084	-0.0007068517741766109
19.72325243581218	-0.0007118323707747834
19.74800602407351	-0.000716831457119726
19.77275961233484	-0.0007218490116788072
19.79751320059618	-0.0007268850130031459
19.82226678885751	-0.0007319394397046155
19.84702037711885	-0.0007370122704479759
19.87177396538018	-0.0007421034812670473
19.89652755364151	-0.0007472130565758889
19.92128114190285	-0.0007523409724077004
19.94603473016418	-0.0007574872075994116
19.97078831842551	-0.0007626517410235105
19.99554190668685	-0.0007678345515880381
20.02029549494818	-0.0007730356182365611
20.04504908320951	-0.0007782549199481303
20.06980267147085	-0.0007834924357372369
20.09455625973218	-0.0007887481446537651
20.11930984799351	-0.0007940220270205473
20.14406343625485	-0.0007993140593747605
20.16881702451618	-0.0008046242221119997
20.19357061277751	-0.0008099524944338176
20.21832420103885	-0.0008152988555824791
20.24307778930018	-0.0008206632848408754
20.26783137756151	-0.000826045761532428
20.29258496582285	-0.0008314462650209847
20.31733855408418	-0.0008368647747107082
20.34209214234551	-0.0008423012700459446
20.36684573060685	-0.0008477557279679917
20.39159931886818	-0.0008532281332166999
20.41635290712951	-0.0008587184629059138
20.44110649539085	-0.0008642266966588882
20.46586008365218	-0.0008697528141643712
20.49061367191351	-0.0008752967952370426
20.51536726017485	-0.000880858620080004
20.54012084843618	-0.0008864382715270911
20.56487443669752	-0.0008920356714648749
20.58962802495885	-0.0008976509339816269
20.61438161322018	-0.0009032839417484515
20.63913520148152	-0.0009089340137121272
20.66388878974285	-0.0009146031159018384
20.68864237800418	-0.0009202892779435108
20.71339596626552	-0.0009259931189018046
20.73814955452685	-0.000931714620749469
20.76290314278818	-0.000937453763873748
20.78765673104952	-0.0009432105284173251
20.81241031931085	-0.0009489848944719534
20.83716390757218	-0.0009547768421270759
20.86191749583352	-0.0009605863521590675
20.88667108409485	-0.0009664134033494447
20.91142467235618	-0.0009722579764239815
20.93617826061752	-0.0009781200515557513
20.96093184887885	-0.0009839996089506468
20.98568543714018	-0.0009898966288473432
21.01043902540152	-0.000995811091517265
21.03519261366285	-0.001001742977264552
21.05994620192418	-0.001007692266426028
21.08469979018552	-0.001013658939371163
21.10945337844685	-0.001019642976404213
21.13420696670818	-0.001025644358128405
21.15896055496952	-0.001031663064956478
21.18371414323085	-0.001037699077400857
21.20846773149218	-0.001043752376009887
21.23322131975352	-0.00104982294136916
21.25797490801485	-0.001055910754104204
21.28272849627619	-0.001062015794886306
21.30748208453752	-0.001068138044446821
21.33223567279885	-0.001074277483618792
21.35698926106019	-0.001080434083344853
21.38174284932152	-0.00108660784281006
21.40649643758285	-0.001092798734382741
21.43125002584419	-0.001099006738877484
21.45600361410552	-0.001105231837124938
21.48075720236685	-0.001111474009971884
21.50551079062819	-0.001117733238281289
21.53026437888952	-0.001124009502932341
21.55501796715085	-0.001130302784820487
21.57977155541219	-0.001136613064857445
21.60452514367352	-0.001142940328761726
21.62927873193485	-0.001149284547470486
21.65403232019619	-0.001155645706755712
21.67878590845752	-0.00116202378763543
21.70353949671885	-0.001168418771164427
21.72829308498019	-0.001174830638434262
21.75304667324152	-0.001181259370573285
21.77780026150285	-0.001187704948746697
21.80255384976419	-0.001194167354156683
21.82730743802552	-0.001200646568042671
21.85206102628685	-0.001207142567575407
21.87681461454819	-0.001213655342721692
21.90156820280952	-0.001220184870637886
21.92632179107085	-0.001226731132663336
21.95107537933219	-0.001233294110154026
21.97582896759352	-0.001239873784482574
22.00058255585486	-0.001246470137038232
22.02533614411619	-0.001253083149226875
22.05008973237752	-0.001259712802471002
22.07484332063886	-0.001266359078209727
22.09959690890019	-0.00127302196192148
22.12435049716152	-0.001279701426662878
22.14910408542286	-0.0012863974579787
22.17385767368419	-0.001293110037413385
22.19861126194552	-0.001299839146545758
22.22336485020686	-0.001306584766988887
22.24811843846819	-0.001313346880389859
22.27287202672952	-0.001320125468429456
22.29762561499086	-0.001326920512821591
22.32237920325219	-0.001333731995312278
22.34713279151352	-0.001340559893795331
22.37188637977486	-0.001347404198158141
22.39663996803619	-0.001354264886332072
22.42139355629752	-0.001361141940079469
22.44614714455886	-0.001368035340989513
22.47090073282019	-0.001374945069490276
22.49565432108152	-0.001381871280855813
22.52040790934286	-0.001388813459391548
22.54516149760419	-0.001395772068273674
22.56991508586552	-0.001402746936138531
22.59466867412686	-0.001409738044502673
22.61942226238819	-0.001416745373923777
22.64417585064952	-0.001423768906299631
22.66892943891086	-0.001430808623683499
22.69368302717219	-0.001437864508161962
22.71843661543353	-0.001444936541854884
22.74319020369486	-0.001452024706915361
22.76794379195619	-0.001459128985529681
22.79269738021753	-0.001466249359917286
22.81745096847886	-0.001473385812330722
22.84220455674019	-0.001480538325210853
22.86695814500153	-0.001487706880284657
22.89171173326286	-0.001494891460488671
22.91646532152419	-0.001502092048200728
22.94121890978553	-0.001509308625825395
22.96597249804686	-0.001516541175793423
22.99072608630819	-0.001523789680561469
23.01547967456953	-0.001531054122611947
23.04023326283086	-0.001538334484452928
23.06498685109219	-0.001545630748618076
23.08974043935353	-0.001552942899335532
23.11449402761486	-0.001560270915693775
23.13924761587619	-0.00156761478199396
23.16400120413753	-0.001574974480887104
23.18875479239886	-0.001582349995055907
23.21350838066019	-0.001589741307214805
23.23826196892153	-0.001597148400110034
23.26301555718286	-0.001604571256519723
23.28776914544419	-0.001612009859254011
23.31252273370553	-0.001619464191155211
23.33727632196686	-0.001626934229227674
23.36202991022819	-0.001634419968835058
23.38678349848953	-0.001641921386716851
23.41153708675086	-0.001649438465792909
23.4362906750122	-0.001656971189004345
23.46104426327353	-0.001664519539311971
23.48579785153486	-0.001672083499695422
23.5105514397962	-0.001679663053152618
23.53530502805753	-0.001687258182699443
23.56005861631886	-0.00169486887136952
23.5848122045802	-0.001702495105700749
23.60956579284153	-0.001710136861487455
23.63431938110286	-0.001717794125303816
23.6590729693642	-0.001725466880282046
23.68382655762553	-0.001733155109587456
23.70858014588686	-0.001740858796418409
23.7333337341482	-0.001748577924006276
23.75808732240953	-0.001756312475615382
23.78284091067086	-0.00176406243454296
23.8075944989322	-0.001771827784119108
23.83234808719353	-0.001779608503800705
23.85710167545486	-0.001787404585143178
23.8818552637162	-0.001795216007651871
23.90660885197753	-0.00180304275475415
23.93136244023886	-0.001810884809893177
23.9561160285002	-0.001818742156527858
23.98086961676153	-0.001826614778132791
24.00562320502286	-0.001834502658198205
24.0303767932842	-0.001842405780229904
24.05513038154553	-0.001850324127749194
24.07988396980686	-0.00185825768769702
24.1046375580682	-0.001866206436451616
24.12939114632953	-0.001874170361075673
24.15414473459087	-0.001882149445204755
24.1788983228522	-0.001890143672510807
24.20365191111353	-0.001898153026704214
24.22840549937487	-0.001906177491537822
24.2531590876362	-0.001914217050815498
24.27791267589753	-0.001922271688412476
24.30266626415887	-0.001930341388331854
24.3274198524202	-0.001938426121674366
24.35217344068153	-0.001946525895485312
24.37692702894287	-0.001954640683289116
24.4016806172042	-0.001962770469035893
24.42643420546553	-0.001970915236694029
24.45118779372687	-0.001979074970250327
24.4759413819882	-0.001987249653710132
24.50069497024953	-0.001995439271097433
24.52544855851087	-0.002003643806454943
24.5502021467722	-0.00201186324384418
24.57495573503353	-0.002020097569649369
24.59970932329487	-0.002028346763357741
24.6244629115562	-0.002036610811197648
24.64921649981753	-0.002044889697242886
24.67397008807887	-0.002053183405486816
24.6987236763402	-0.002061491919494741
24.72347726460153	-0.002069815217833192
24.74823085286287	-0.002078153323679663
24.7729844411242	-0.00208650615680518
24.79773802938553	-0.002094873739925129
24.82249161764687	-0.002103256049413709
24.8472452059082	-0.002111653074800989
24.87199879416954	-0.002120064796802539
24.89675238243087	-0.002128491199781478
24.9215059706922	-0.002136932268125159
24.94625955895354	-0.002145387986245128
24.97101314721487	-0.002153858338577083
24.9957667354762	-0.002162343309580832
25.02052032373754	-0.002170842883740259
25.04527391199887	-0.002179357045563277
25.0700275002602	-0.002187885780961542
25.09478108852154	-0.002196429071605348
25.11953467678287	-0.002204986903464796
25.1442882650442	-0.002213559261156154
25.16904185330554	-0.002222146129325247
25.19379544156687	-0.002230747492647362
25.2185490298282	-0.002239363335827163
25.24330261808954	-0.002247993643598606
25.26805620635087	-0.002256638400724862
25.2928097946122	-0.002265297591998239
25.31756338287354	-0.002273971199906754
25.34231697113487	-0.002282659213996905
25.3670705593962	-0.002291361616978088
25.39182414765754	-0.002300078393808827
25.41657773591887	-0.002308809529582296
25.4413313241802	-0.002317555010081547
25.46608491244154	-0.002326315541422092
25.49083850070287	-0.002335088931741115
25.5155920889642	-0.002343877353022693
25.54034567722554	-0.002352680056808549
25.56509926548687	-0.002361497032152783
25.58985285374821	-0.002370328257437565
25.61460644200954	-0.002379173721501181
25.63936003027087	-0.002388033409495255
25.66411361853221	-0.002396907306600287
25.68886720679354	-0.002405795398025634
25.71362079505487	-0.002414697669009488
25.73837438331621	-0.002423614104818853
25.76312797157754	-0.002432544690749521
25.78788155983887	-0.00244148941212606
25.81263514810021	-0.002450448245621234
25.83738873636154	-0.002459421197188344
25.86214232462287	-0.002468408239036891
25.88689591288421	-0.002477409357543336
25.91164950114554	-0.002486424538407873
25.93640308940687	-0.002495453767187415
25.96115667766821	-0.002504497029404227
25.98591026592954	-0.002513554310578164
26.01066385419087	-0.002522625596238615
26.03541744245221	-0.002531710871929631
26.06017103071354	-0.002540810122531186
26.08492461897487	-0.002549923335080955
26.10967820723621	-0.002559050494440581
26.13443179549754	-0.002568191586218248
26.15918538375887	-0.002577346596041518
26.18393897202021	-0.002586515509557293
26.20869256028154	-0.002595698312431794
26.23344614854287	-0.002604894990350528
26.25819973680421	-0.002614105529018261
26.28295332506554	-0.002623329914158986
26.30770691332688	-0.002632568133597337
26.33246050158821	-0.002641820168746851
26.35721408984954	-0.002651086007480468
26.38196767811088	-0.002660365635616961
26.40672126637221	-0.002669659039003122
26.43147485463354	-0.002678966203513729
26.45622844289488	-0.002688287115051491
26.48098203115621	-0.002697621759547003
26.50573561941754	-0.002706970122958709
26.53048920767888	-0.002716332191272847
26.55524279594021	-0.002725707947947906
26.57999638420154	-0.002735097384363979
26.60474997246288	-0.002744500484023906
26.62950356072421	-0.002753917233002635
26.65425714898554	-0.00276334761739166
26.67901073724688	-0.002772791623298986
26.70376432550821	-0.002782249236849073
26.72851791376954	-0.002791720444182782
26.75327150203088	-0.002801205231457324
26.77802509029221	-0.002810703584846207
26.80277867855354	-0.002820215491770976
26.82753226681488	-0.002829740935753363
26.85228585507621	-0.00283927990438444
26.87703944333754	-0.002848832383956721
26.90179303159888	-0.002858398360801974
26.92654661986021	-0.002867977821302947
26.95130020812154	-0.002877570751920871
26.97605379638288	-0.002887177139270493
27.00080738464421	-0.002896796970376961
27.02556097290555	-0.002906430233976473
27.05031456116688	-0.002916076888459327
27.07506814942821	-0.002925736962783912
27.09982173768955	-0.002935410425843112
27.12457532595088	-0.00294509726417426
27.14932891421221	-0.002954797464330765
27.17408250247355	-0.002964511012882117
27.19883609073488	-0.002974237896413885
27.22358967899621	-0.002983978101527722
27.24834326725755	-0.002993731614841364
27.27309685551888	-0.003003498422988623
27.29785044378021	-0.003013278512861692
27.32260403204155	-0.003023071870813315
27.34735762030288	-0.003032878483471126
27.37211120856421	-0.003042698337524315
27.39686479682555	-0.003052531419691143
27.42161838508688	-0.003062377716717494
27.44637197334821	-0.003072237215376014
27.47112556160955	-0.003082109902465581
27.49587914987088	-0.003091995764810976
27.52063273813221	-0.003101894789262624
27.54538632639355	-0.003111806959174272
27.57013991465488	-0.003121732268699324
27.59489350291621	-0.003131670701325171
27.61964709117755	-0.003141622244017032
27.64440067943888	-0.003151586883825625
27.66915426770021	-0.003161564608247359
27.69390785596155	-0.003171560064526113
27.71866144422288	-0.003181559250169851
27.74341503248422	-0.003191576148140583
27.76816862074555	-0.0032016060772398
27.79292220900688	-0.00321164903031776
27.81767579726822	-0.003221704983290492
27.84242938552955	-0.003231773928865598
27.86718297379088	-0.003241855854140789
27.89193656205222	-0.003251950746244216
27.91669015031355	-0.003262058592334619
27.94144373857488	-0.003272179379601648
27.96619732683622	-0.003282313095266371
27.99095091509755	-0.003292459726582217
28.01570450335888	-0.00330261926083675
28.04045809162022	-0.003312791684742026
28.06521167988155	-0.003322976987460992
28.08996526814288	-0.003333175155305318
28.11471885640422	-0.00334338617561903
28.13947244466555	-0.003353610035760583
28.16422603292688	-0.003363846723102853
28.18897962118822	-0.003374096225033098
28.21373320944955	-0.003384358528952947
28.23848679771088	-0.003394633622278372
28.26324038597222	-0.003404921492439665
28.28799397423355	-0.003415222129620506
28.31274756249488	-0.003425535515551017
28.33750115075622	-0.003435861640464834
28.36225473901755	-0.003446200491874437
28.38700832727888	-0.003456552057317864
28.41176191554022	-0.00346691632435857
28.43651550380155	-0.003477293280585313
28.46126909206289	-0.00348768291361204
28.48602268032422	-0.003498085211077777
28.51077626858555	-0.003508500160646535
28.53552985684689	-0.003518927749810051
28.56028344510822	-0.003529367966623455
28.58503703336955	-0.003539820798711765
28.60979062163089	-0.003550286233863875
28.63454420989222	-0.003560764259902176
28.65929779815355	-0.00357125486468745
28.68405138641489	-0.003581758036129493
28.70880497467622	-0.003592273762212848
28.73355856293755	-0.003602802031070669
28.75831215119889	-0.003613342831258565
28.78306573946022	-0.003623896135795395
28.80781932772155	-0.003634461957628194
28.83257291598289	-0.00364504027396704
28.85732650424422	-0.003655631072857994
28.88208009250555	-0.003666234342363001
28.90683368076689	-0.003676850070559905
28.93158726902822	-0.003687478245542458
28.95634085728955	-0.00369811885542035
28.98109444555089	-0.003708771888319215
29.00584803381222	-0.003719437332380661
29.03060162207355	-0.003730115177063972
29.05535521033489	-0.003740805407932859
29.08010879859622	-0.003751508014321722
29.10486238685755	-0.00376222298443337
29.12961597511889	-0.003772950306500884
29.15436956338022	-0.003783689968787332
29.17912315164156	-0.003794441959585563
29.20387673990289	-0.003805206267218053
29.22863032816422	-0.003815982880036769
29.25338391642556	-0.003826771786423065
29.27813750468689	-0.003837572970023043
29.30289109294822	-0.003848386429232763
29.32764468120956	-0.003859212147731732
29.35239826947089	-0.003870050113976285
29.37715185773222	-0.003880900316431428
29.40190544599356	-0.003891762743570831
29.42665903425489	-0.003902637383876805
29.45141262251622	-0.003913524225840286
29.47616621077756	-0.003924423257960828
29.50091979903889	-0.003935334468746571
29.52567338730022	-0.003946257852073732
29.55042697556156	-0.00395719338526897
29.57518056382289	-0.003968141062252387
29.59993415208422	-0.003979100871613274
29.62468774034556	-0.003990072801972438
29.64944132860689	-0.004001056841982101
29.67419491686822	-0.004012052980325784
29.69894850512956	-0.004023061205718224
29.72370209339089	-0.004034081506905242
29.74845568165222	-0.004045113872663605
29.77320926991356	-0.004056158287584773
29.79796285817489	-0.004067214749321087
29.82271644643622	-0.004078283242498274
29.84747003469756	-0.00408936375597645
29.87222362295889	-0.004100456278627415
29.89697721122023	-0.004111560799334588
29.92173079948156	-0.004122677306992943
29.94648438774289	-0.004133805790508954
29.97123797600423	-0.004144946238800557
29.99599156426556	-0.004156098640797082
30.02074515252689	-0.004167262987705202
30.04549874078823	-0.004178439263742768
30.07025232904956	-0.004189627460149607
30.09500591731089	-0.004200827565920039
30.11975950557223	-0.00421203957006938
30.14451309383356	-0.00422326346163388
30.16926668209489	-0.004234499229670668
30.19402027035623	-0.004245746863257694
30.21877385861756	-0.004257006351493665
30.24352744687889	-0.004268277683497974
30.26828103514023	-0.004279560849210348
30.29303462340156	-0.004290855836106233
30.31778821166289	-0.004302162634191336
30.34254179992423	-0.004313481232676017
30.36729538818556	-0.004324811620793159
30.39204897644689	-0.004336153787798079
30.41680256470823	-0.004347507722968488
30.44155615296956	-0.004358873415604419
30.46630974123089	-0.004370250855028185
30.49106332949223	-0.004381640030584328
30.51581691775356	-0.004393040930401085
30.54057050601489	-0.004404453546454756
30.56532409427623	-0.004415877866912123
30.59007768253756	-0.004427313881195555
30.61483127079889	-0.004438761578744147
30.63958485906023	-0.004450220949013683
30.66433844732156	-0.004461691981476598
30.6890920355829	-0.00447317466562192
30.71384562384423	-0.004484668990955217
30.73859921210556	-0.004496174946998517
30.7633528003669	-0.004507692523461039
30.78810638862823	-0.004519221709529127
30.81285997688956	-0.004530762494958735
30.8376135651509	-0.004542314869342624
30.86236715341223	-0.004553878822291622
30.88712074167356	-0.004565454343434812
30.9118743299349	-0.004577041422419915
30.93662791819623	-0.004588640048914003
30.96138150645756	-0.004600250212604923
30.9861350947189	-0.004611871903204459
31.01088868298023	-0.004623505100557375
31.03564227124156	-0.004635149813025543
31.0603958595029	-0.004646806021692204
31.08514944776423	-0.004658473716320411
31.10990303602556	-0.004670152886700928
31.1346566242869	-0.004681843522650692
31.15941021254823	-0.004693545614011823
31.18416380080956	-0.004705259150650971
31.2089173890709	-0.004716984122458864
31.23367097733223	-0.004728720519349978
31.25842456559356	-0.004740468385828948
31.2831781538549	-0.004752227597380978
31.30793174211623	-0.004763998199633799
31.33268533037756	-0.004775780182956951
31.3574389186389	-0.004787573538030689
31.38219250690023	-0.004799378255805685
31.40694609516157	-0.004811194327490547
31.4316996834229	-0.00482302174454688
31.45645327168423	-0.004834860498686896
31.48120685994557	-0.00484671058187207
31.5059604482069	-0.004858571823652665
31.53071403646823	-0.00487044455632956
31.55546762472957	-0.004882328609180582
31.5802212129909	-0.004894223973737852
31.60497480125223	-0.004906130641078729
31.62972838951357	-0.004918048601826478
31.6544819777749	-0.004929977846150864
31.67923556603623	-0.004941918363768612
31.70398915429757	-0.004953870143943566
31.7287427425589	-0.004965833175486089
31.75349633082023	-0.00497780744675041
31.77824991908157	-0.004989792945624782
31.8030035073429	-0.005001789659487718
31.82775709560423	-0.005013797574856395
31.85251068386557	-0.005025816693050259
31.8772642721269	-0.005037846962835918
31.90201786038823	-0.00504988840262886
31.92677144864957	-0.005061940988593662
31.9515250369109	-0.005074004705232879
31.97627862517223	-0.005086079536831559
32.00103221343357	-0.005098165467273795
32.0257858016949	-0.005110262480014225
32.05053938995623	-0.005122370558071101
32.07529297821757	-0.005134489684024389
32.1000465664789	-0.005146619840015435
32.12480015474024	-0.005158761007747186
32.14955374300157	-0.00517091316848468
32.1743073312629	-0.005183076303055631
32.19906091952424	-0.005195250391851073
32.22381450778557	-0.005207435414826041
