0
1000	105.6583745	100000000000000.1
5	0	0	1
5	0	0	0
4.673998997513734	4.160678579637412e-09
4.701574977808284	1.347412811187896e-08
4.729150958102834	2.241991761201187e-08
4.756726938397384	2.927621328500432e-08
4.784302918691934	3.293295185707979e-08
4.811878898986484	3.376197826113844e-08
4.839454879281035	3.693695800818902e-08
4.867030859575585	4.392151448424746e-08
4.894606839870135	5.526665746617291e-08
4.922182820164685	7.145176928355317e-08
4.949758800459235	9.285395214688737e-08
4.977334780753785	1.198169582202036e-07
5.004910761048335	1.525563227825657e-07
5.032486741342885	1.913358832888461e-07
5.060062721637435	2.363075428499006e-07
5.087638701931986	2.879222508993322e-07
5.115214682226536	3.482317955786413e-07
5.142790662521086	4.173711464093165e-07
5.170366642815636	4.948170312706511e-07
5.197942623110186	5.799123137541541e-07
5.225518603404736	6.720205090919821e-07
5.253094583699286	7.702639078571048e-07
5.280670563993836	8.741268358317828e-07
5.308246544288386	9.831378828139923e-07
5.335822524582936	1.097262655765942e-06
5.363398504877487	1.217042628852793e-06
5.390974485172037	1.343954255123715e-06
5.418550465466587	1.479149567503945e-06
5.446126445761137	1.626267601750187e-06
5.473702426055687	1.789836383804784e-06
5.501278406350237	1.961512751845918e-06
5.528854386644787	2.122984898592524e-06
5.556430366939337	2.303160540934495e-06
5.584006347233887	2.535305730624786e-06
5.611582327528438	2.860671658896735e-06
5.639158307822988	3.327680642400359e-06
5.666734288117538	3.978385824048214e-06
5.694310268412088	4.810456231259038e-06
5.721886248706638	5.878797964621984e-06
5.749462229001188	7.221156035118714e-06
5.777038209295738	9.497291074893052e-06
5.804614189590288	1.276953331222604e-05
5.832190169884838	1.623127259957288e-05
5.859766150179389	2.015937907801154e-05
5.887342130473939	2.309509053718561e-05
5.914918110768489	2.714691359167294e-05
5.942494091063039	3.036646198147724e-05
5.970070071357589	3.511589430044119e-05
5.997646051652139	3.897865186136146e-05
6.025222031946689	4.436675530724766e-05
6.052798012241239	5.196572321821741e-05
6.080373992535789	6.024835635278271e-05
6.107949972830339	6.965167972830653e-05
6.13552595312489	7.504304868084792e-05
6.16310193341944	8.557136667736925e-05
6.19067791371399	8.926608331865366e-05
6.21825389400854	9.494636936333252e-05
6.24582987430309	0.0001031467819757897
6.27340585459764	0.0001094210371346435
6.30098183489219	0.0001178498355428103
6.32855781518674	0.0001231039819162093
6.35613379548129	0.0001330504183363482
6.383709775775841	0.0001419281265824157
6.411285756070391	0.0001637800932723964
6.438861736364941	0.0002134209510337044
6.466437716659491	0.000310212355821269
6.494013696954041	0.0004589948980437082
6.521589677248591	0.0006702185658211617
6.549165657543141	0.0009582743812259588
6.576741637837691	0.001330984926725621
6.604317618132241	0.001847747606733509
6.631893598426791	0.002457202697501905
6.659469578721342	0.003206047058243708
6.687045559015892	0.004080483415007232
6.714621539310442	0.005075161595875899
6.742197519604992	0.006223195087848208
6.769773499899542	0.007528121177739128
6.797349480194092	0.008958994257713012
6.824925460488642	0.01056631701189648
6.852501440783192	0.01234170430502464
6.880077421077742	0.01426554914578958
6.907653401372293	0.01633144039135879
6.935229381666843	0.01862028531380598
6.962805361961393	0.0210829156699404
6.990381342255943	0.02372513903383897
7.017957322550493	0.02656200163139956
7.045533302845043	0.02952566243429497
7.073109283139593	0.0327427565294759
7.100685263434143	0.036119215551403
7.128261243728693	0.03971176373215442
7.155837224023244	0.04344782975795274
7.183413204317794	0.04741183184375331
7.210989184612344	0.05154948923486939
7.238565164906894	0.05583736682473543
7.266141145201444	0.06037373183719082
7.293717125495994	0.06512388664643524
7.321293105790544	0.0699973673883994
7.348869086085094	0.07509504786716889
7.376445066379644	0.08034362112328215
7.404021046674194	0.085851408550327
7.431597026968745	0.09155543784433311
7.459173007263295	0.09737125870754459
7.486748987557845	0.1034015932140821
7.514324967852395	0.1095973345749832
7.541900948146945	0.1160454665012891
7.569476928441495	0.1225998904827275
7.597052908736045	0.1294021415570308
7.624628889030595	0.1363272814423362
7.652204869325145	0.1434821079974672
7.679780849619696	0.1507585002369855
7.707356829914246	0.1582771058543251
7.734932810208796	0.1659032704319114
7.762508790503346	0.1737775940249008
7.790084770797896	0.1817398946978994
7.817660751092446	0.1898974453732617
7.845236731386996	0.1982405336556149
7.872812711681546	0.2067244853854061
7.900388691976096	0.2154205373505079
7.927964672270646	0.2242164174335423
7.955540652565197	0.2332441368181723
7.983116632859747	0.2423419644728506
8.010692613154298	0.2516204864594252
8.038268593448848	0.2610968067755431
8.065844573743398	0.2706520438621696
8.093420554037948	0.2803728360786388
8.120996534332498	0.2903231583897384
8.148572514627048	0.3003224609077454
8.176148494921598	0.3105399278553539
8.203724475216148	0.320818360297955
8.231300455510699	0.3312335981400745
8.258876435805249	0.3418397801398755
8.286452416099799	0.352517297735329
8.314028396394349	0.3633441602244967
8.341604376688899	0.3743868925780408
8.369180356983449	0.3854263707117808
8.396756337277999	0.3966326382640957
8.424332317572549	0.4079246419185709
8.451908297867099	0.4194461510052178
8.47948427816165	0.4309915799722404
8.5070602584562	0.442651247607269
8.53463623875075	0.4544963006565264
8.5622122190453	0.466375668748742
8.58978819933985	0.4783613450164241
8.6173641796344	0.4904717186665005
8.64494015992895	0.5027805637997417
8.6725161402235	0.5150926027820776
8.70009212051805	0.5275135241353872
8.7276681008126	0.5401309240391231
8.755244081107151	0.5527698973460895
8.782820061401701	0.5654807227219318
8.810396041696251	0.5782643726225974
8.837972021990801	0.591388327798924
8.865548002285351	0.6043801882893225
8.893123982579901	0.6175544326327111
8.920699962874451	0.6306783268369544
8.948275943169001	0.6441378060456727
8.975851923463551	0.657403942259921
9.003427903758102	0.6708709079582827
9.031003884052652	0.6842323321878925
9.058579864347202	0.6977500117971581
9.086155844641752	0.7112797799149098
9.113731824936302	0.724125001073798
9.141307805230852	0.7378297578708
9.168883785525402	0.7513232329087726
9.196459765819952	0.765456838521936
9.224035746114502	0.7790425914749768
9.251611726409052	0.7938004658170292
9.279187706703603	0.8080640591625602
9.306763686998153	0.8238827693400398
9.334339667292703	0.8397417939749305
9.361915647587253	0.8569025613143554
9.389491627881803	0.8755924589324295
9.417067608176353	0.8932228620629781
9.444643588470903	0.9131284341652867
9.472219568765453	0.9323599483327718
9.499795549060003	0.9545690809689579
9.527371529354554	0.975797771327539
9.554947509649104	0.998723758558118
9.582523489943654	1.023428204725123
9.610099470238204	1.04701087472191
9.637675450532754	1.073369790813459
9.665251430827304	1.0982754828051
9.692827411121854	1.126812191134513
9.720403391416404	1.155081676303942
9.747979371710954	1.183909825702141
9.775555352005505	1.215732813185854
9.803131332300055	1.24588692764198
9.830707312594605	1.279344054056736
9.858283292889155	1.312809836122635
9.885859273183705	1.346821232009218
9.913435253478255	1.384331611372784
9.941011233772805	1.421765294196671
9.968587214067355	1.460176744934279
9.996163194361905	1.501044347579401
10.02373917465646	1.542916798882786
10.05131515495101	1.585652552923535
10.07889113524556	1.629654605530509
10.10646711554011	1.675770627541911
10.13404309583466	1.723364999859776
10.16161907612921	1.772790425480267
10.18919505642376	1.823797958563384
10.21677103671831	1.87674471226779
10.24434701701286	1.931293601623627
10.27192299730741	1.987697958309592
10.29949897760196	2.045281441787162
10.32707495789651	2.10555246677896
10.35465093819106	2.167965245449675
10.38222691848561	2.232151075206189
10.40980289878016	2.298962041700421
10.43737887907471	2.367844787171375
10.46495485936926	2.43972286588331
10.49253083966381	2.51283114883084
10.52010681995836	2.588924797432863
10.54768280025291	2.667778538234024
10.57525878054746	2.748035361431053
10.60283476084201	2.832357109530768
10.63041074113656	2.918886710163887
10.65798672143111	3.010105325353536
10.68556270172566	3.101842455116763
10.71313868202021	3.197476738873978
10.74071466231476	3.298235206296945
10.76829064260931	3.401048333722688
10.79586662290386	3.50662036370025
10.82344260319841	3.616166632440714
10.85101858349296	3.730691303534443
10.87859456378751	3.847048185667534
10.90617054408206	3.968330617872914
10.93374652437661	4.094445687403906
10.96132250467116	4.226084573818838
10.98889848496571	4.359587418104744
11.01647446526026	4.498403670063418
11.04405044555481	4.64441477614155
11.07162642584936	4.793820877020981
11.09920240614391	4.947771682748593
11.12677838643846	5.107005196810426
11.15435436673301	5.273577048174797
11.18193034702756	5.445411033421407
11.20950632732211	5.622584809430482
11.23708230761666	5.805209372875893
11.26465828791121	5.997203059331762
11.29223426820576	6.194525461545275
11.31981024850031	6.398653063530557
11.34738622879486	6.609032205682715
11.37496220908941	6.828453866522445
11.40253818938396	7.05728975201977
11.43011416967851	7.292363869618941
11.45769014997306	7.536514950777035
11.48526613026761	7.788709608240785
11.51284211056216	8.052041292372421
11.54041809085671	8.323556816391303
11.56799407115126	8.605562153887988
11.59557005144581	8.898239607598006
11.62314603174036	9.200250964947614
11.65072201203491	9.469239230559888
11.67829799232946	9.841911794752249
11.70587397262401	10.18037998395924
11.73344995291856	10.53178550414887
11.76102593321311	10.89627794552764
11.78860191350766	11.27374036987736
11.81617789380221	11.66605247742202
11.84375387409676	12.07329446791424
11.87132985439131	12.49622415565039
11.89890583468586	12.93512297649021
11.92648181498041	13.39024476858244
11.95405779527496	13.86340420136634
11.98163377556951	14.35453666602355
12.00920975586406	14.86454519694522
12.03678573615861	15.39469631503678
12.06436171645316	15.94412094578801
12.09193769674771	16.51558197670248
12.11951367704226	17.10925010891087
12.14708965733681	17.72596595882427
12.17466563763136	18.36669079387436
12.20224161792591	19.03212130970945
12.22981759822046	19.7239394414878
12.25739357851501	20.44279488886701
12.28496955880956	21.18989972119604
12.31254553910411	21.966544720894
12.34012151939866	22.77413512381144
12.36769749969321	23.61223978986195
12.39527347998776	24.48425699010891
12.42284946028231	25.39069783493694
12.45042544057686	26.33306535934163
12.47800142087141	27.31196064057856
12.50557740116597	28.33226299401414
12.53315338146052	29.38981560258283
12.56072936175507	30.49137146827265
12.58830534204962	31.63648060142923
12.61588132234417	32.82725105436452
12.64345730263872	34.06474104102318
12.67103328293327	35.35433684755505
12.69860926322782	36.69210224284292
12.72618524352237	38.08501744070055
12.75376122381692	39.53394482542318
12.78133720411147	41.04071902562634
12.80891318440602	42.6072829051229
12.83648916470057	44.23841526707906
12.86406514499512	45.9338393274389
12.89164112528967	47.69631782409487
12.91921710558422	49.53067635999695
12.94679308587877	51.43897806060146
12.97436906617332	53.4229348970419
13.00194504646787	55.48760755091652
13.02952102676242	57.63717330191753
13.05709700705697	59.87130849254412
13.08467298735152	62.19364492764738
13.11224896764607	64.611410265554
13.13982494794062	67.12542160344732
13.16740092823517	69.74188587427274
13.19497690852972	72.46520280739998
13.22255288882427	75.29618188249592
13.25012886911882	78.24110744861018
13.27770484941337	81.30277780380359
13.30528082970792	84.48945451425978
13.33285681000247	87.80381145604457
13.36043279029702	91.25190029981898
13.38800877059157	94.83905757401654
13.41558475088612	98.57128118729467
13.44316073118067	102.4521992991912
13.47073671147522	106.4890097439727
13.49831269176977	110.6858778025735
13.52588867206432	115.0533279602131
13.55346465235887	119.5959891042067
13.58104063265342	124.3209034095561
13.60861661294797	129.2375748019393
13.63619259324252	134.3487686338193
13.66376857353707	139.6646194477823
13.69134455383162	145.1931843145585
13.71892053412617	150.9401347864861
13.74649651442072	156.9197118328527
13.77407249471527	163.1382632031174
13.80164847500982	169.604888921992
13.82922445530437	176.3316794272051
13.85680043559892	183.3249503538907
13.88437641589347	190.5964554065251
13.91195239618802	198.1568481020317
13.93952837648257	206.0186220967537
13.96710435677712	214.1911251280146
13.99468033707167	222.690296681885
14.02225631736622	231.5267622602052
14.04983229766077	240.7151505249936
14.07740827795532	250.2663487958873
14.10498425824987	260.1961161149001
14.13256023854442	270.5174807576814
14.16013621883897	281.2479964654194
14.18771219913352	292.4022531481799
14.21528817942807	303.9956286540951
14.24286415972262	316.0474400766599
14.27044014001717	328.5740999781256
14.29801612031172	341.5960631354369
14.32559210060627	355.1279122818199
14.35316808090082	369.1906142641741
14.38074406119537	383.8065982502796
14.40832004148992	398.995604245686
14.43589602178447	414.7798091088433
14.46347200207902	431.1800329611508
14.49104798237357	448.2237584329144
14.51862396266812	465.9335836894649
14.54619994296267	484.3368873314915
14.57377592325722	503.4558041841999
14.60135190355177	523.3189502817648
14.62892788384632	543.9560227481761
14.65650386414087	565.3956207368118
14.68407984443542	587.6685712986697
14.71165582472997	610.8055950878681
14.73923180502452	634.83777594949
14.76680778531907	659.8032662942977
14.79438376561362	685.7361472585465
14.82195974590817	712.6699832392578
14.84953572620272	740.6431271606696
14.87711170649727	769.6966632684946
14.90468768679182	799.8701311828063
14.93226366708637	831.2055100044489
14.95983964738092	863.7464256755389
14.98741562767547	897.5381249361239
15.01499160797002	932.6268355035793
15.04256758826457	969.0597368965708
15.07014356855912	1006.892960397585
15.09771954885368	1046.171504502153
15.12529552914823	1086.951107160393
15.15287150944278	1129.289522237551
15.18044748973733	1173.243679875592
15.20802347003188	1218.873537100577
15.23559945032643	1266.241209523532
15.26317543062098	1315.411113704679
15.29075141091553	1366.449943847128
15.31832739121008	1419.427096033193
15.34590337150463	1474.411443219522
15.37347935179918	1531.484019985165
15.40105533209373	1590.714240525638
15.42863131238828	1652.185161324689
15.45620729268283	1715.978954574036
15.48378327297738	1782.180406283951
15.51135925327193	1850.878133193574
15.53893523356648	1922.163734220728
15.56651121386103	1996.132132898952
15.59408719415558	2072.881562858082
15.62166317445013	2152.51370945695
15.64923915474468	2235.134275059085
15.67681513503923	2320.849797132629
15.70439111533378	2409.777294831948
15.73196709562833	2502.031955640425
15.75954307592288	2597.734934243903
15.78711905621743	2697.01156314216
15.81469503651198	2799.991742017395
15.84227101680653	2906.810014905115
15.86984699710108	3017.605578140103
15.89742297739563	3132.522652566236
15.92499895769018	3251.710546133454
15.95257493798473	3375.323534498695
15.98015091827928	3503.521708262362
16.00772689857383	3636.470533526595
16.03530287886838	3774.34222050251
16.06287885916293	3917.31317540986
16.09045483945748	4065.567156779274
16.11803081975203	4219.295325466034
16.14560680004658	4378.693529991804
16.17318278034113	4543.9657479435
16.20075876063568	4715.323043868441
16.22833474093023	4892.983580069433
16.25591072122478	5077.173543934368
16.28348670151933	5268.126100848892
16.31106268181388	5466.083663375236
16.33863866210843	5671.295802336536
16.36621464240298	5884.025842147604
16.39379062269753	6104.533722842877
16.42136660299208	6333.101708497413
16.44894258328663	6570.022619097072
16.47651856358118	6815.585335534332
16.50409454387573	7070.100253245881
16.53167052417028	7333.885998840483
16.55924650446483	7607.271408836289
16.58682248475938	7890.597388690164
16.61439846505393	8184.216440883913
16.64197444534848	8488.493359444063
16.66955042564303	8803.804342896932
16.69712640593758	9130.542315362285
16.72470238623213	9469.111704258577
16.75227836652668	9819.927101913905
16.77985434682123	10183.42004145031
16.80743032711578	10560.04276136224
16.83500630741033	10950.25584720519
16.86258228770488	11354.53812948517
16.89015826799943	11773.38369192028
16.91773424829398	12207.30564741254
16.94531022858853	12656.83361675985
16.97288620888308	13122.51600161791
17.00046218917763	13604.91933282251
17.02803816947218	14104.63022760975
17.05561414976673	14622.25397722449
17.08319013006128	15158.42040493053
17.11076611035583	15713.77647448779
17.13834209065038	16288.99811000135
17.16591807094493	16884.77171660918
17.19349405123948	17501.81888376552
17.22107003153403	18140.87991202803
17.24864601182858	18802.7258999475
17.27622199212313	19488.14924899553
17.30379797241768	20197.97167676911
17.33137395271223	20933.0411879983
17.35894993300678	21694.23617256799
17.38652591330133	22482.46532626425
17.41410189359588	23298.66676556446
17.44167787389043	24143.8108686142
17.46925385418498	25018.90329355156
17.49682983447953	25924.98123858795
17.52440581477408	26863.11847359762
17.55198179506863	27834.42629772852
17.57955777536318	28840.04782199971
17.60713375565773	29881.17192011142
17.63470973595228	30959.0251227402
17.66228571624683	32074.87304463187
17.68986169654139	33230.03261111637
17.71743767683594	34425.85579303862
17.74501365713049	35663.74442548858
17.77258963742504	36945.14785949831
17.80016561771959	38271.56328287056
17.82774159801414	39644.53912181993
17.85531757830869	41065.67878674759
17.88289355860324	42536.62781535208
17.91046953889779	44059.10711124901
17.93804551919234	45634.88088517665
17.96562149948689	47265.77694969997
17.99319747978144	48953.68652190395
18.02077346007599	50700.55846775015
18.04834944037054	52508.41347716826
18.07592542066509	54379.33767187769
18.10350140095964	56315.48775224947
18.13107738125419	58319.09272893687
18.15865336154874	60392.45355973914
18.18622934184329	62537.95681295363
18.21380532213784	64758.06097359913
18.24138130243239	67055.30909185033
18.26895728272694	69432.3302890581
18.29653326302149	71891.83939560462
18.32410924331604	74436.64715874509
18.35168522361059	77069.66608372293
18.37926120390514	79793.85807156339
18.40683718419969	82612.35827867221
18.43441316449424	85528.35676511058
18.46198914478879	88545.16317434773
18.48956512508334	91666.20009102124
18.51714110537789	94894.9953004608
18.54471708567244	98235.20367612605
18.57229306596699	101690.5973639679
18.59986904626154	105265.0780721625
18.62744502655609	108962.6721228276
18.65502100685064	112787.5433690692
18.68259698714519	116743.9914357314
18.71017296743974	120836.464871947
18.73774894773429	125069.5532759488
18.76532492802884	129448.0059236317
18.79290090832339	133976.7116708498
18.82047688861794	138660.7501620391
18.84805286891249	143505.3490664385
18.87562884920704	148515.9149304173
18.90320482950159	153698.0361726164
18.93078080979614	159057.4778827573
18.95835679009069	164600.2067203467
18.98593277038524	170332.3814570334
19.01350875067979	176260.367568052
19.04108473097434	182390.7327098902
19.06866071126889	188730.2723438157
19.09623669156344	195285.9978379373
19.12381267185799	202065.160850732
19.15138865215254	209075.246771285
19.17896463244709	216323.9872020183
19.20654061274164	223819.3727335286
19.23411659303619	231569.6549371177
19.26169257333074	239583.3561500065
19.28926855362529	247869.2824661458
19.31684453391984	256436.5323311191
19.34442051421439	265294.4976400117
19.37199649450894	274452.8816661811
19.39957247480349	283921.7081092589
19.42714845509804	293711.3288525456
19.45472443539259	303832.4416679853
19.48230041568714	314296.0742590288
19.50987639598169	325113.6502458148
19.53745237627624	336296.9450664736
19.56502835657079	347858.1295213148
19.59260433686534	359809.7644615556
19.62018031715989	372164.8331213021
19.64775629745444	384936.7387822897
19.67533227774899	398139.3244804023
19.70290825804354	411786.8890180621
19.73048423833809	425894.1968655093
19.75806021863264	440476.4966845345
19.78563619892719	455549.5354460606
19.81321217922174	471129.5757829167
19.84078815951629	487233.4096130843
19.86836413981084	503878.3797901189
19.89594012010539	521082.4000539624
19.92351610039994	538863.9621852317
19.95109208069449	557242.1642736923
19.97866806098904	576236.7236515842
20.00624404128359	595868.0033096418
20.03382002157814	616157.0430197882
20.06139600187269	637125.5433378402
20.08897198216724	658795.9311512162
20.11654796246179	681191.3553101743
20.14412394275634	704335.721279048
20.17169992305089	728253.7154345235
20.19927590334544	752970.816844375
20.22685188363999	778513.3434159657
20.25442786393454	804908.4665563499
20.2820038442291	832184.2375701024
20.30957982452365	860369.6216572308
20.3371558048182	889494.5274046103
20.36473178511275	919589.8271736312
20.3923077654073	950687.4008307373
20.41988374570185	982820.1609258209
20.4474597259964	1016022.086447688
20.47503570629095	1050328.262635567
20.5026116865855	1085774.900908347
20.53018766688005	1122399.402771489
20.5577636471746	1160240.363820889
20.58533962746915	1199337.642784267
20.6129156077637	1239732.380327004
20.64049158805825	1281467.050211774
20.6680675683528	1324585.500929374
20.69564354864735	1369132.9977503
20.7232195289419	1415156.268790411
20.75079550923645	1462703.558365469
20.778371489531	1511824.653310829
20.80594746982555	1562570.966553794
20.8335234501201	1614995.564062479
20.86109943041465	1669153.214800657
20.8886754107092	1725100.465114751
20.91625139100375	1782895.685454631
20.9438273712983	1842599.123609242
20.97140335159285	1904272.970822997
20.9989793318874	1967981.421391195
21.02655531218195	2033790.738318471
21.0541312924765	2101769.315800506
21.08170727277105	2171987.750543319
21.1092832530656	2244518.913380561
21.13685923336015	2319438.019474649
21.1644352136547	2396822.698637501
21.19201119394925	2476753.079576325
21.2195871742438	2559311.863683174
21.24716315453835	2644584.412640039
21.2747391348329	2732658.826704598
21.30231511512745	2823626.034547233
21.329891095422	2917579.890945212
21.35746707571655	3014617.255062158
21.3850430560111	3114838.095952111
21.41261903630565	3218345.58530996
21.4401950166002	3325246.208707298
21.46777099689475	3435649.860556604
21.4953469771893	3549669.958195665
21.52292295748385	3667423.550845661
21.5504989377784	3789031.436766817
21.57807491807295	3914618.281704145
21.6056508983675	4044312.735519507
21.63322687866205	4178247.580519458
21.6608028589566	4316559.830624667
21.68837883925115	4459390.887926614
21.7159548195457	4606886.671691097
21.74353079984025	4759197.76707062
21.7711067801348	4916479.56500061
21.79868276042935	5078892.431689426
21.8262587407239	5246601.839649369
21.85383472101845	5419778.559018542
21.881410701313	5598598.798596335
21.90898668160755	5783244.388512459
21.9365626619021	5973902.967412676
21.96413864219665	6170768.150877604
21.9917146224912	6374039.725921808
22.01929060278575	6583923.847675304
22.0468665830803	6800633.246987584
22.07444256337485	7024387.42297582
22.1020185436694	7255412.830047653
22.12959452396395	7493943.317870541
22.1571705042585	7740219.827739932
22.18474648455305	7994491.280500609
22.2123224648476	8257014.383358758
22.23989844514215	8528054.025430292
22.2674744254367	8807883.516700612
22.29505040573125	9096784.876214001
22.3226263860258	9395049.016326658
22.35020236632035	9702976.261361998
22.3777783466149	10020876.20711989
22.40535432690945	10349068.50214638
22.432930307204	10687882.85581407
22.46050628749855	11037659.44415281
22.4880822677931	11398749.23917995
22.51565824808765	11771514.35917556
22.5432342283822	12156328.37183196
22.57081020867675	12553576.81707139
22.5983861889713	12963657.17814834
22.62596216926585	13386979.8156109
22.6535381495604	13823967.95443356
22.68111412985495	14275058.24337889
22.7086901101495	14740701.15707412
22.73626609044405	15221361.4417999
22.7638420707386	15717518.53903473
22.79141805103315	16229667.15975553
22.8189940313277	16758317.32959361
22.84657001162225	17303995.65761095
22.87414599191681	17867245.1214329
22.90172197221136	18448625.92705958
22.92929795250591	19048715.9813641
22.95687393280046	19668111.44686403
22.98444991309501	20307427.31449468
23.01202589338956	20967298.0172287
23.03960187368411	21648378.06974262
23.06717785397866	22351342.453414
23.09475383427321	23076887.65138127
23.12232981456776	23825731.95037612
23.14990579486231	24598616.6190991
23.17748177515686	25396305.82770859
23.20505775545141	26219588.14952525
23.23263373574596	27069276.9558395
23.26020971604051	27946211.16690362
23.28778569633506	28851256.43922839
23.31536167662961	29785305.14754781
23.34293765692416	30749278.22562142
23.37051363721871	31744125.42825107
23.39808961751326	32770826.42739911
23.42566559780781	33830391.72369497
23.45324157810236	34923863.58498709
23.48081755839691	36052317.11382097
23.50839353869146	37216861.1508292
23.53596951898601	38418639.61492431
23.56354549928056	39658831.96213768
23.59112147957511	40938655.09504812
23.61869745986966	42259363.99128033
23.64627344016421	43622253.07529335
23.67384942045876	45028657.42123072
23.70142540075331	46479954.00618938
23.72900138104786	47977563.0844925
23.75657736134241	49522949.42484315
23.78415334163696	51117623.84811962
23.81172932193151	52763144.38687228
23.83930530222606	54461118.14697111
23.86688128252061	56213202.52041548
23.89445726281516	58021106.87847143
23.92203324310971	59886594.17621365
23.94960922340426	61811482.60185905
23.97718520369881	63797647.34959661
24.00476118399336	65847022.2882148
24.03233716428791	67961601.75656533
24.05991314458246	70143443.19215667
24.08748912487701	72394667.31600733
24.11506510517156	74717462.07275453
24.14264108546611	77114083.60744286
24.17021706576066	79586858.65790445
24.19779304605521	82138186.73006566
24.22536902634976	84770542.42701598
24.25294500664431	87486477.65126659
24.28052098693886	90288624.0924641
24.30809696723341	93179695.9761229
24.33567294752796	96162491.37704875
24.36324892782251	99239897.02859297
24.39082490811706	102414889.215128
24.41840088841161	105690537.150163
24.44597686870616	109070005.9511598
24.47355284900071	112556559.5085796
24.50112882929526	116153563.6425632
24.52870480958981	119864489.1208282
24.55628078988436	123692915.0219269
24.58385677017891	127642531.6159758
24.61143275047346	131717146.0643479
24.63900873076801	135920681.4045641
24.66658471106256	140257185.04605
24.69416069135711	144730829.8385543
24.72173667165166	149345918.7291006
24.74931265194621	154106888.7668979
24.77688863224076	159018315.14741
24.80446461253531	164084915.5816138
24.83204059282986	169311554.6760864
24.85961657312441	174703248.4325706
24.88719255341896	180265169.0906519
24.91476853371351	186002649.6312953
24.94234451400806	191921189.3263256
24.96992049430261	198026458.0753114
24.99749647459716	204324302.3750601
25.02507245489171	210820750.5160172
25.05264843518626	217522018.1365078
25.08022441548081	224434514.1319134
25.10780039577536	231564846.5392046
25.13537637606991	238919828.6877537
25.16295235636446	246506485.547997
25.19052833665901	254332060.9696236
25.21810431695356	262404022.3683555
25.24568029724811	270730070.3318977
25.27325627754266	279318143.8655269
25.30083225783721	288176428.5060329
25.32840823813176	297313363.8815067
25.35598421842631	306737651.4053352
25.38356019872086	316458262.4494582
25.41113617901541	326484446.6121103
25.43871215930996	336825740.4509152
25.46628813960452	347491975.9329397
25.49386411989907	358493290.5858161
25.52144010019362	369840134.8340275
25.54901608048817	381543283.9889766
25.57659206078272	393613846.8806029
25.60416804107727	406063276.5334088
25.63174402137182	418903380.6470433
25.65932000166637	432146332.6103055
25.68689598196092	445804682.6041309
25.71447196225547	459891369.713831
25.74204794255002	474419732.9886636
25.76962392284457	489403524.3760069
25.79719990313912	504856921.8991913
25.82477588343367	520794541.2619087
25.85235186372822	537231452.514361
25.87992784402277	554183186.2384466
25.90750382431732	571665759.8563782
25.93507980461187	589695682.3517329
25.96265578490642	608289973.508732
25.99023176520097	627466179.4616123
26.01780774549552	647242388.3888979
26.04538372579007	667637247.0564636
26.07295970608462	688669978.2774404
26.10053568637917	710360398.44033
26.12811166667372	732728937.4951538
26.15568764696827	755796652.5260758
26.18326362726282	779585253.9233773
26.21083960755737	804117120.8889669
26.23841558785192	829415323.2418597
26.26599156814647	855503642.7395936
26.29356754844102	882406594.5877395
26.32114352873557	910149450.1435615
26.34871950903012	938758260.5657438
26.37629548932467	968259879.2433587
26.40387146961922	998681990.3727776
26.43144744991377	1030053125.959541
26.45902343020832	1062402702.365131
26.48659941050287	1095761040.254734
26.51417539079742	1130159394.90444
26.54175137109197	1165629984.19068
26.56932735138652	1202206018.496608
26.59690333168107	1239921730.799911
26.62447931197562	1278812408.261263
26.65205529227017	1318914423.906754
26.67963127256472	1360265272.390443
26.70720725285927	1402903597.746603
26.73478323315382	1446869237.687219
26.76235921344837	1492203253.61833
26.78993519374292	1538947970.42246
26.81751117403747	1587147014.378108
26.84508715433202	1636845353.744282
26.87266313462657	1688089339.476245
26.90023911492112	1740926747.355052
26.92781509521567	1795406821.620007
26.95539107551022	1851580322.691917
26.98296705580477	1909499561.049069
27.01054303609932	1969218468.198958
27.03811901639387	2030792623.731445
27.06569499668842	2094279316.362829
27.09327097698297	2159737594.221056
27.12084695727752	2227228318.569129
27.14842293757207	2296814219.389102
27.17599891786662	2368559951.706382
27.20357489816117	2442532155.880562
27.23115087845572	2518799516.56847
27.25872685875027	2597432827.933947
27.28630283904482	2678505051.135171
27.31387881933937	2762091390.919989
27.34145479963392	2848269355.913363
27.36903077992847	2937118832.008187
27.39660676022302	3028722154.586317
27.42418274051757	3123164184.015936
27.45175872081212	3220532379.040111
27.47933470110667	3320916882.224027
27.50691068140122	3424410597.063358
27.53448666169577	3531109273.270539
27.56206264199032	3641111596.224823
27.58963862228487	3754519268.941449
27.61721460257942	3871437114.901483
27.64479058287397	3991973164.857936
27.67236656316852	4116238757.687846
27.69994254346307	4244348639.837821
27.72751852375762	4376421073.568931
27.75509450405217	4512577936.381539
27.78267048434672	4652944837.846696
27.81024646464127	4797651230.127503
27.83782244493582	4946830525.68854
27.86539842523037	5100620220.811126
27.89297440552492	5259162007.095139
27.92055038581947	5422601922.895407
27.94812636611402	5591090463.463961
27.97570234640857	5764782729.213943
28.00327832670312	5943838554.082051
28.03085430699767	6128422665.70138
28.05843028729223	6318704821.426162
28.08600626758678	6514859967.508911
28.11358224788133	6717068394.486473
28.14115822817588	6925515899.953802
28.16873420847043	7140393956.640791
28.19631018876498	7361899886.971517
28.22388616905953	7590237033.527354
28.25146214935408	7825614943.157283
28.27903812964863	8068249584.016899
28.30661410994318	8318363491.646842
28.33419009023773	8576186000.45532
28.36176607053228	8841953443.669567
28.38934205082683	9115909365.742289
28.41691803112138	9398304740.800709
28.44449401141593	9689398199.004818
28.47206999171048	9989456258.317211
28.49964597200503	10298753564.0509
28.52722195229958	10617573176.23937
28.55479793259413	10946206658.68294
28.58237391288868	11284954600.14852
28.60994989318323	11634126693.94228
28.63752587347778	11994042079.68947
28.66510185377233	12365029622.2233
28.69267783406688	12747428205.99269
28.72025381436143	13141587040.93212
28.74782979465598	13547865973.58677
28.77540577495053	13966635811.76155
28.80298175524508	14398278493.1302
28.83055773553963	14843188105.21649
28.85813371583418	15301770163.16793
28.88570969612873	15774442782.61047
28.91328567642328	16261636752.08878
28.94086165671783	16763795987.75344
28.96843763701238	17281377907.663
28.99601361730693	17814853850.24798
29.02358959760148	18364709492.68528
29.05116557789603	18931445286.12539
29.07874155819058	19515577136.33295
29.10631753848513	20117635826.14612
29.13389351877968	20738169329.57994
29.16146949907423	21377741622.59634
29.18904547936878	22036934070.07491
29.21662145966333	22716345643.56535
29.24419743995788	23416593531.2134
29.27177342025243	24138313678.42694
29.29934940054698	24882161353.02893
29.32692538084153	25648811734.441
29.35450136113608	26438960513.24125
29.38207734143063	27253324401.76628
29.40965332172518	28092642377.6035
29.43722930201973	28957674884.48252
29.46480528231428	29849206587.49685
29.49238126260883	30768045180.88068
29.51995724290338	31715023189.27349
29.54753322319793	32690998344.57065
29.57510920349248	33696854430.25065
29.60268518378703	34733502039.22161
29.63026116408158	35801879402.33997
29.65783714437613	36902953407.09175
29.68541312467068	38037719603.50343
29.71298910496523	39207204809.20413
29.74056508525978	40412465657.6031
29.76814106555433	41654592154.79925
29.79571704584888	42934706635.16696
29.82329302614343	44253965540.01753
29.85086900643798	45613560484.35114
29.87844498673253	47014719144.08728
29.90602096702708	48458706423.45219
29.93359694732163	49946824916.90836
29.96117292761618	51480418839.38778
29.98874890791073	53060870595.49043
30.01632488820528	54689605876.22502
30.04390086849983	56368093325.32558
30.07147684879438	58097845327.99265
30.09905282908893	59880421161.46626
30.12662880938348	61717426783.50105
30.15420478967803	63610516752.6169
30.18178076997258	65561395874.88404
30.20935675026713	67571821073.35339
30.23693273056168	69643600246.49506
30.26450871085623	71778599108.53154
30.29208469115078	73978738163.97862
30.31966067144533	76245995713.20123
30.34723665173988	78582410893.12445
30.37481263203443	80990084129.132
30.40238861232898	83471178842.69087
30.42996459262353	86027924908.12785
30.45754057291808	88662619000.0531
30.48511655321263	91377628571.59578
30.51269253350718	94175389151.46458
30.54026851380173	97058412791.34306
30.56784449409628	100029286587.2688
30.59542047439083	103090677586.9773
30.62299645468539	106245331575.0741
30.65057243497994	109496077299.9037
30.67814841527449	112845829861.0767
30.70572439556904	116297592264.9721
30.73330037586359	119854457561.2112
30.76087635615814	123519608308.6007
30.78845233645269	127296337510.0518
30.81602831674724	131188023892.2029
30.84360429704179	135198150943.1309
30.87118027733634	139330308134.4608
30.89875625763089	143588193603.2449
30.92633223792544	147975618626.6086
30.95390821821999	152496507560.686
30.98148419851454	157154903493.9868
31.00906017880909	161954971815.1604
31.03663615910364	166901009388.4808
31.06421213939819	171997425427.2404
31.09178811969274	177248775867.8442
31.11936409998729	182659758066.4485
31.14694008028184	188235203572.187
31.17451606057639	193980088191.1031
31.20209204087094	199899542514.1886
31.22966802116549	205998848774.7649
31.25724400146004	212283449930.765
31.28481998175459	218758953781.8375
31.31239596204914	225431132265.885
31.33997194234369	232305942827.0304
31.36754792263824	239389514840.7719
31.39512390293279	246688155510.7932
31.42269988322734	254208368122.4316
31.45027586352189	261956862372.335
31.47785184381644	269940537478.7822
31.50542782411099	278166501409.925
31.53300380440554	286642080283.4489
31.56057978470009	295374818394.2888
31.58815576499464	304372490279.6248
31.61573174528919	313643098939.9939
31.64330772558374	323194891285.316
31.67088370587829	333036368375.6363
31.69845968617284	343176284936.8145
31.72603566646739	353623644757.3175
31.75361164676194	364387735326.5467
31.78118762705649	375478132358.4815
31.80876360735104	386904685055.1143
31.83633958764559	398677545165.9857
31.86391556794014	410807166807.6548
31.89149154823469	423304322533.0273
31.91906752852924	436180107189.4026
31.94664350882379	449445945993.5954
31.97421948911834	463113614293.2181
32.00179546941289	477195233852.3122
32.02937144970744	491703303981.8143
32.05694743000199	506650693075.5741
32.08452341029654	522050642915.3574
32.11209939059109	537916808491.7574
32.13967537088564	554263258427.1729
32.16725135118019	571104475486.4744
32.19482733147474	588455381297.8412
32.22240331176929	606331342549.8578
0
1000	105.6583745	100000000000000.1
5	0	0	1
5	0	0	0
4.673998997513734	-2.986293549962128e-09
4.701574977808284	-3.114485253137392e-09
4.729150958102834	-2.608281436612858e-09
4.756726938397384	-1.678218872717011e-09
4.784302918691934	-5.622713655689138e-10
4.811878898986484	-4.3820605308127e-10
4.839454879281035	-1.428470648949591e-09
4.867030859575585	-2.534556126420484e-09
4.894606839870135	-3.718583472557231e-09
4.922182820164685	-4.948965193577748e-09
4.949758800459235	-6.200047694603295e-09
4.977334780753785	-7.451460635550111e-09
5.004910761048335	-8.687388152718707e-09
5.032486741342885	-9.895862975927159e-09
5.060062721637435	-1.106812615003674e-08
5.087638701931986	-1.249721386050433e-08
5.115214682226536	-1.410816376180576e-08
5.142790662521086	-1.554280892763986e-08
5.170366642815636	-1.677231280411154e-08
5.197942623110186	-1.778396977597644e-08
5.225518603404736	-1.858240321565317e-08
5.253094583699286	-1.91904930432986e-08
5.280670563993836	-1.965007988748021e-08
5.308246544288386	-2.002248305954898e-08
5.335822524582936	-2.038886171783632e-08
5.363398504877487	-2.093969491253753e-08
5.390974485172037	-2.159433413800026e-08
5.418550465466587	-2.258841944709457e-08
5.446126445761137	-2.41535123545283e-08
5.473702426055687	-2.641850037887034e-08
5.501278406350237	-2.401826044862355e-08
5.528854386644787	-2.454608006526011e-08
5.556430366939337	-2.583666302783001e-08
5.584006347233887	-3.766834867282975e-08
5.611582327528438	-5.263920633233134e-08
5.639158307822988	-7.072718477939607e-08
5.666734288117538	-9.183690989249046e-08
5.694310268412088	-1.157991947241768e-07
5.721886248706638	-1.423711369395039e-07
5.749462229001188	-1.712364942278267e-07
5.777038209295738	-3.463089054560695e-07
5.804614189590288	-3.660008363728756e-07
5.832190169884838	-3.742275953974911e-07
5.859766150179389	-3.715907762329861e-07
5.887342130473939	-3.592785486146153e-07
5.914918110768489	-3.602739614872569e-07
5.942494091063039	-3.787605479928545e-07
5.970070071357589	-3.945075255472913e-07
5.997646051652139	-4.075032527202976e-07
6.025222031946689	-4.178043373150223e-07
6.052798012241239	-8.003120911047707e-07
6.080373992535789	-7.507329680280237e-07
6.107949972830339	-6.72701508250548e-07
6.13552595312489	-5.775821478634744e-07
6.16310193341944	-4.797851209097335e-07
6.19067791371399	-4.381390085193972e-07
6.21825389400854	-4.4401548110525e-07
6.24582987430309	-4.49989504310901e-07
6.27340585459764	-4.637816296843341e-07
6.30098183489219	-6.743867650283207e-07
6.32855781518674	-4.729375262782637e-07
6.35613379548129	-4.794504996974423e-07
6.383709775775841	-5.376427529712731e-07
6.411285756070391	-2.147793268249247e-06
6.438861736364941	-4.210567950640802e-06
6.466437716659491	-6.744279369855833e-06
6.494013696954041	-9.729611424458836e-06
6.521589677248591	-1.315442013255952e-05
6.549165657543141	-1.699914893685256e-05
6.576741637837691	-2.123690912600527e-05
6.604317618132241	-2.804118611794522e-05
6.631893598426791	-3.275537265773924e-05
6.659469578721342	-3.755314915345001e-05
6.687045559015892	-4.239907190158115e-05
6.714621539310442	-4.726008321824654e-05
6.742197519604992	-5.210549275269036e-05
6.769773499899542	-5.690695741374091e-05
6.797349480194092	-6.163846024107771e-05
6.824925460488642	-6.627628849938619e-05
6.852501440783192	-7.079901122821292e-05
6.880077421077742	-7.510730733102894e-05
6.907653401372293	-7.935181069542914e-05
6.935229381666843	-8.343711008744175e-05
6.962805361961393	-8.734994667181253e-05
6.990381342255943	-9.107889129634887e-05
7.017957322550493	-9.461432501650069e-05
7.045533302845043	-9.794841983344163e-05
7.073109283139593	-0.0001010751196989154
7.100685263434143	-0.0001039901218305507
7.128261243728693	-0.0001066908583730698
7.155837224023244	-0.0001089008825680435
7.183413204317794	-0.0001111972254785354
7.210989184612344	-0.0001133049871703687
7.238565164906894	-0.0001152258707973983
7.266141145201444	-0.0001169620672828093
7.293717125495994	-0.0001185162501138459
7.321293105790544	-0.0001198915703461798
7.348869086085094	-0.0001210916518074038
7.376445066379644	-0.0001221205864897689
7.404021046674194	-0.0001229829301228632
7.431597026968745	-0.0001235748057816857
7.459173007263295	-0.0001241293403082959
7.486748987557845	-0.0001245428413810404
7.514324967852395	-0.0001248206946819784
7.541900948146945	-0.0001249682710347348
7.569476928441495	-0.0001249909269255006
7.597052908736045	-0.0001248940050427167
7.624628889030595	-0.0001246828348304508
7.652204869325145	-0.0001243627330512675
7.679780849619696	-0.0001239390043550609
7.707356829914246	-0.0001233842432274588
7.734932810208796	-0.0001227721033445959
7.762508790503346	-0.0001220749263638471
7.790084770797896	-0.0001212976772392918
7.817660751092446	-0.0001204451747381237
7.845236731386996	-0.0001195220931951508
7.872812711681546	-0.0001185329642028991
7.900388691976096	-0.0001174821782427943
7.927964672270646	-0.0001163739862616916
7.955540652565197	-0.0001152125011970577
7.983116632859747	-0.0001140073767359492
8.010692613154298	-0.0001127503524842603
8.038268593448848	-0.0001114510151105518
8.065844573743398	-0.0001101129655949028
8.093420554037948	-0.000108739672819196
8.120996534332498	-0.0001073343913459494
8.148572514627048	-0.0001058992862724132
8.176148494921598	-0.0001044485333001442
8.203724475216148	-0.0001029643058090247
8.231300455510699	-0.0001014639038477198
8.258876435805249	-9.993589997229891e-05
8.286452416099799	-9.840746261765071e-05
8.314028396394349	-9.686919746300145e-05
8.341604376688899	-9.53236153675258e-05
8.369180356983449	-9.377308656316858e-05
8.396756337277999	-9.221984186714107e-05
8.424332317572549	-9.066597385823022e-05
8.451908297867099	-8.911343801998275e-05
8.47948427816165	-8.756405385318372e-05
8.5070602584562	-8.601950595958521e-05
8.53463623875075	-8.449313586784599e-05
8.5622122190453	-8.296174511713665e-05
8.58978819933985	-8.143843289798744e-05
8.6173641796344	-7.992446428893856e-05
8.64494015992895	-7.842102318784036e-05
8.6725161402235	-7.692921402397397e-05
8.70009212051805	-7.545006275001347e-05
8.7276681008126	-7.398451758759956e-05
8.755244081107151	-7.253344966995641e-05
8.782820061401701	-7.109765363322465e-05
8.810396041696251	-7.008517000811428e-05
8.837972021990801	-6.864524342599875e-05
8.865548002285351	-6.718822522792416e-05
8.893123982579901	-6.571825004267414e-05
8.920699962874451	-6.424110654993157e-05
8.948275943169001	-6.276422638662308e-05
8.975851923463551	-6.129667314120668e-05
9.003427903758102	-5.984913140251702e-05
9.031003884052652	-5.843389581676585e-05
9.058579864347202	-5.706486008492823e-05
9.086155844641752	-5.419872724075086e-05
9.113731824936302	-5.316622963584373e-05
9.141307805230852	-5.233325088188389e-05
9.168883785525402	-5.169399157403236e-05
9.196459765819952	-5.126529076674884e-05
9.224035746114502	-5.105197089715272e-05
9.251611726409052	-5.105367107763496e-05
9.279187706703603	-5.1265707986961e-05
9.306763686998153	-5.167938967191528e-05
9.334339667292703	-5.228216078557679e-05
9.361915647587253	-5.439258003676399e-05
9.389491627881803	-5.520188192673114e-05
9.417067608176353	-5.602698912895306e-05
9.444643588470903	-5.685199743893426e-05
9.472219568765453	-5.766306919478621e-05
9.499795549060003	-5.844842942913392e-05
9.527371529354554	-5.919836218176934e-05
9.554947509649104	-5.990520696941641e-05
9.582523489943654	-6.056335540048285e-05
9.610099470238204	-6.116924791857413e-05
9.637675450532754	-6.124805183845595e-05
9.665251430827304	-6.178919391255745e-05
9.692827411121854	-6.231968945456212e-05
9.720403391416404	-6.284002301745333e-05
9.747979371710954	-6.335067483019354e-05
9.775555352005505	-6.385211483364418e-05
9.803131332300055	-6.434477621971583e-05
9.830707312594605	-6.482881808381481e-05
9.858283292889155	-6.530966625992857e-05
9.885859273183705	-6.577688316242329e-05
9.913435253478255	-6.623879401134455e-05
9.941011233772805	-6.669542406029697e-05
9.968587214067355	-6.714627046096781e-05
9.996163194361905	-6.759180810414747e-05
10.02373917465646	-6.803250971444745e-05
10.05131515495101	-6.846884585197417e-05
10.07889113524556	-6.89012849119658e-05
10.10646711554011	-6.933029312227742e-05
10.13404309583466	-6.975633453854885e-05
10.16161907612921	-7.017987103682949e-05
10.18919505642376	-7.060141340299884e-05
10.21677103671831	-7.102131311845927e-05
10.24434701701286	-7.144007579119737e-05
10.27192299730741	-7.185815464443582e-05
10.29949897760196	-7.227600085821492e-05
10.32707495789651	-7.269406356117051e-05
10.35465093819106	-7.311278982159658e-05
10.38222691848561	-7.353262463780571e-05
10.40980289878016	-7.395401092779571e-05
10.43737887907471	-7.437738951822586e-05
10.46495485936926	-7.480311627356414e-05
10.49253083966381	-7.523180092553607e-05
10.52010681995836	-7.566379470191508e-05
10.54768280025291	-7.609952920791152e-05
10.57525878054746	-7.653943353098862e-05
10.60283476084201	-7.698393422806846e-05
10.63041074113656	-7.743345531279379e-05
10.65798672143111	-7.788841824286239e-05
10.68556270172566	-7.834924190744925e-05
10.71313868202021	-7.881634261473166e-05
10.74071466231476	-7.928998408158116e-05
10.76829064260931	-7.977089046964095e-05
10.79586662290386	-8.025932004182673e-05
10.82344260319841	-8.075567742430297e-05
10.85101858349296	-8.126036393179375e-05
10.87859456378751	-8.177377755253842e-05
10.90617054408206	-8.229631293434865e-05
10.93374652437661	-8.282836137171094e-05
10.96132250467116	-8.337031079388505e-05
10.98889848496571	-8.392254575395475e-05
11.01647446526026	-8.448529688022357e-05
11.04405044555481	-8.505925571611559e-05
11.07162642584936	-8.564464644506444e-05
11.09920240614391	-8.624183886305591e-05
11.12677838643846	-8.685119864525282e-05
11.15435436673301	-8.747308733266436e-05
11.18193034702756	-8.810786232109802e-05
11.20950632732211	-8.875587685212876e-05
11.23708230761666	-8.9417480005861e-05
11.26465828791121	-9.009301669529683e-05
11.29223426820576	-9.078265583419118e-05
11.31981024850031	-9.148709312033688e-05
11.34738622879486	-9.220648811697729e-05
11.37496220908941	-9.294116751629168e-05
11.40253818938396	-9.369145310565736e-05
11.43011416967851	-9.445766177194113e-05
11.45769014997306	-9.524010550639026e-05
11.48526613026761	-9.603909141010017e-05
11.51284211056216	-9.68549217000368e-05
11.54041809085671	-9.768789371559212e-05
11.56799407115126	-9.853817250638187e-05
11.59557005144581	-9.940631190549513e-05
11.62314603174036	-0.0001002924666256795
11.65072201203491	-0.0001011969134598889
11.67829799232946	-0.0001021199238167899
11.70587397262401	-0.000103061763731166
11.73344995291856	-0.0001040226938746872
11.76102593321311	-0.0001050029695670246
11.78860191350766	-0.0001060028407872937
11.81617789380221	-0.0001070225521858089
11.84375387409676	-0.0001080623027160574
11.87132985439131	-0.0001091224107983585
11.89890583468586	-0.0001102030645629206
11.92648181498041	-0.0001113044871108819
11.95405779527496	-0.0001124268961056865
11.98163377556951	-0.0001135705037870726
12.00920975586406	-0.0001147355169852053
12.03678573615861	-0.0001159221371349442
12.06436171645316	-0.0001171305602902336
12.09193769674771	-0.0001183609771386037
12.11951367704226	-0.0001196136391263462
12.14708965733681	-0.0001208885882568883
12.17466563763136	-0.0001221860654470919
12.20224161792591	-0.0001235062406137203
12.22981759822046	-0.0001248492786742697
12.25739357851501	-0.0001262153395632906
12.28496955880956	-0.0001276045782484997
12.31254553910411	-0.000129017144746703
12.34012151939866	-0.0001304531841395519
12.36769749969321	-0.0001319128365891464
12.39527347998776	-0.0001333963653033716
12.42284946028231	-0.0001349036341554025
12.45042544057686	-0.0001364348959906731
12.47800142087141	-0.0001379902724204209
12.50557740116597	-0.0001395698808277221
12.53315338146052	-0.000141173834384806
12.56072936175507	-0.0001428022420692712
12.58830534204962	-0.0001444552086794663
12.61588132234417	-0.0001461328348492276
12.64345730263872	-0.0001478352170621132
12.67103328293327	-0.0001495626278116346
12.69860926322782	-0.0001513147793158177
12.72618524352237	-0.0001530919362281589
12.75376122381692	-0.0001548941799943869
12.78133720411147	-0.0001567215887255917
12.80891318440602	-0.0001585742372140743
12.83648916470057	-0.0001604521969524105
12.86406514499512	-0.0001623555361582224
12.89164112528967	-0.0001642843198095989
12.91921710558422	-0.0001662386097016509
12.94679308587877	-0.000168218689556084
12.97436906617332	-0.0001702241580364749
13.00194504646787	-0.0001722552819339692
13.02952102676242	-0.000174312110521344
13.05709700705697	-0.0001763946904664163
13.08467298735152	-0.0001785030658357669
13.11224896764607	-0.0001806372780980184
13.13982494794062	-0.0001827973661266258
13.16740092823517	-0.0001849833662021348
13.19497690852972	-0.000187195312013853
13.22255288882427	-0.0001894333762425516
13.25012886911882	-0.0001916972918490579
13.27770484941337	-0.0001939872266581431
13.30528082970792	-0.000196303205156282
13.33285681000247	-0.0001986452498535881
13.36043279029702	-0.0002010133812872567
13.38800877059157	-0.0002034076180248592
13.41558475088612	-0.0002058279766674875
13.44316073118067	-0.0002082744718527425
13.47073671147522	-0.0002107471162575629
13.49831269176977	-0.0002132460330429904
13.52588867206432	-0.0002157709960587247
13.55346465235887	-0.0002183221250899241
13.58104063265342	-0.000220899425953288
13.60861661294797	-0.0002235029030015555
13.63619259324252	-0.0002261325591261008
13.66376857353707	-0.000228788395759611
13.69134455383162	-0.0002314704128787637
13.71892053412617	-0.000234178609006869
13.74649651442072	-0.0002369129812164649
13.77407249471527	-0.0002396736103683058
13.80164847500982	-0.0002424603125822304
13.82922445530437	-0.0002452731662005271
13.85680043559892	-0.0002481121632517482
13.88437641589347	-0.0002509772946920824
13.91195239618802	-0.0002538685504071696
13.93952837648257	-0.0002567859192134668
13.96710435677712	-0.0002597293888585365
13.99468033707167	-0.0002626989460182033
14.02225631736622	-0.000265694576282139
14.04983229766077	-0.0002687163352991205
14.07740827795532	-0.0002717640585929455
14.10498425824987	-0.0002748377996882
14.13256023854442	-0.0002779375405968918
14.16013621883897	-0.0002810632625806743
14.18771219913352	-0.0002842149461523541
14.21528817942807	-0.0002873925710773799
14.24286415972262	-0.0002905961163753107
14.27044014001717	-0.000293825560321267
14.29801612031172	-0.0002970808804473631
14.32559210060627	-0.0003003621114764319
14.35316808090082	-0.0003036691084185009
14.38074406119537	-0.0003070019047956018
14.40832004148992	-0.0003103604756867933
14.43589602178447	-0.0003137447956838141
14.46347200207902	-0.000317154838891947
14.49104798237357	-0.0003205905789308701
14.51862396266812	-0.0003240519889354989
14.54619994296267	-0.0003275390415568155
14.57377592325722	-0.0003310517089626898
14.60135190355177	-0.0003345900089259847
14.62892788384632	-0.0003381538163499451
14.65650386414087	-0.0003417431482778691
14.68407984443542	-0.0003453579753578233
14.71165582472997	-0.0003489982679568725
14.73923180502452	-0.0003526639961613774
14.76680778531907	-0.0003563551297772648
14.79438376561362	-0.0003600716383302511
14.82195974590817	-0.0003638134910659811
14.84953572620272	-0.0003675806569499862
14.87711170649727	-0.0003713731433224045
14.90468768679182	-0.0003751908169448597
14.93226366708637	-0.0003790337394762953
14.95983964738092	-0.0003829018353684385
14.98741562767547	-0.0003867950820966603
15.01499160797002	-0.0003907134481663536
15.04256758826457	-0.0003946569014665748
15.07014356855912	-0.0003986254096519768
15.09771954885368	-0.0004026189402102436
15.12529552914823	-0.0004066374604806635
15.15287150944278	-0.0004106809633214931
15.18044748973733	-0.0004147493622045005
15.20802347003188	-0.0004188426497915309
15.23559945032643	-0.0004229607930873527
15.26317543062098	-0.0004271037590717967
15.29075141091553	-0.0004312715146994396
15.31832739121008	-0.0004354640268992927
15.34590337150463	-0.0004396812625744906
15.37347935179918	-0.0004439231886019847
15.40105533209373	-0.0004481897718322366
15.42863131238828	-0.0004524809952237633
15.45620729268283	-0.0004567967918628316
15.48378327297738	-0.0004611371447297247
15.51135925327193	-0.000465502020706381
15.53893523356648	-0.0004698913867160995
15.56651121386103	-0.0004743052097231303
15.59408719415558	-0.0004787434567322665
15.62166317445013	-0.0004832060947884381
15.64923915474468	-0.0004876930909763069
15.67681513503923	-0.0004922044124198627
15.70439111533378	-0.0004967400348625943
15.73196709562833	-0.0005012999075632078
15.75954307592288	-0.0005058840064009779
15.78711905621743	-0.0005104922987339784
15.81469503651198	-0.0005151247519965043
15.84227101680653	-0.0005197813336993602
15.86984699710108	-0.000524462011430842
15.89742297739563	-0.0005291667528593422
15.92499895769018	-0.0005338955257403675
15.95257493798473	-0.0005386482979379269
15.98015091827928	-0.0005434250298494139
16.00772689857383	-0.0005482257075220671
16.03530287886838	-0.0005530502852733929
16.06287885916293	-0.0005578987334076983
16.09045483945748	-0.0005627710204797391
16.11803081975203	-0.0005676671148714185
16.14560680004658	-0.0005725869849772633
16.17318278034113	-0.000577530599246998
16.20075876063568	-0.000582497926198873
16.22833474093023	-0.0005874889344246368
16.25591072122478	-0.0005925035928659186
16.28348670151933	-0.0005975418695581571
16.31106268181388	-0.0006026037336978236
16.33863866210843	-0.0006076891542280207
16.36621464240298	-0.000612798100304678
16.39379062269753	-0.0006179305469293317
16.42136660299208	-0.0006230864423695097
16.44894258328663	-0.0006282657793082761
16.47651856358118	-0.0006334685179955001
16.50409454387573	-0.0006386946280997446
16.53167052417028	-0.0006439440788529822
16.55924650446483	-0.0006492168404125247
16.58682248475938	-0.0006545128822366755
16.61439846505393	-0.0006598321740065727
16.64197444534848	-0.0006651746854467428
16.66955042564303	-0.0006705403862633711
16.69712640593758	-0.0006759292458192738
16.72470238623213	-0.0006813412279627715
16.75227836652668	-0.0006867763377548336
16.77985434682123	-0.0006922344927292111
16.80743032711578	-0.0006977156850274333
16.83500630741033	-0.0007032198945705698
16.86258228770488	-0.0007087470823848484
16.89015826799943	-0.0007142972400444478
16.91773424829398	-0.0007198702968783407
16.94531022858853	-0.0007254662520526905
16.97288620888308	-0.0007310850706984841
17.00046218917763	-0.0007367267230260911
17.02803816947218	-0.0007423911796438949
17.05561414976673	-0.0007480784112941085
17.08319013006128	-0.000753788389300877
17.11076611035583	-0.000759521083560572
17.13834209065038	-0.0007652764655324518
17.16591807094493	-0.0007710545062058449
17.19349405123948	-0.0007768551765873191
17.22107003153403	-0.0007826784476136865
17.24864601182858	-0.0007885242896685715
17.27622199212313	-0.0007943926628986742
17.30379797241768	-0.0008002835923763509
17.33137395271223	-0.0008061969755871916
17.35894993300678	-0.0008121328173168918
17.38652591330133	-0.0008180910922973247
17.41410189359588	-0.0008240717679909782
17.44167787389043	-0.0008300748159691454
17.46925385418498	-0.0008361002078563342
17.49682983447953	-0.0008421479153283869
17.52440581477408	-0.0008482179101116163
17.55198179506863	-0.0008543101639823531
17.57955777536318	-0.0008604246487666748
17.60713375565773	-0.0008665613363402324
17.63470973595228	-0.0008727201977630012
17.66228571624683	-0.0008789012068077553
17.68986169654139	-0.000885104334642589
17.71743767683594	-0.0008913295533340534
17.74501365713049	-0.0008975768349933739
17.77258963742504	-0.0009038461517764257
17.80016561771959	-0.0009101374758837006
17.82774159801414	-0.0009164507795602785
17.85531757830869	-0.0009227860350957953
17.88289355860324	-0.0009291432148244114
17.91046953889779	-0.0009355222908505046
17.93804551919234	-0.0009419232361737482
17.96562149948689	-0.0009483460229816127
17.99319747978144	-0.0009547906237824273
18.02077346007599	-0.0009612570111276024
18.04834944037054	-0.0009677451576116806
18.07592542066509	-0.0009742550358724267
18.10350140095964	-0.0009807866185909859
18.13107738125419	-0.0009873398784921408
18.15865336154874	-0.00099391478834475
18.18622934184329	-0.00100051131983268
18.21380532213784	-0.00100712944690144
18.24138130243239	-0.001013769140694603
18.26895728272694	-0.001020430444520148
18.29653326302149	-0.001027113138907904
18.32410924331604	-0.001033817376163607
18.35168522361059	-0.00104054307512993
18.37926120390514	-0.001047290207986565
18.40683718419969	-0.001054058747704502
18.43441316449424	-0.001060848667432014
18.46198914478879	-0.001067659938807587
18.48956512508334	-0.001074492538337667
18.51714110537789	-0.001081346437948151
18.54471708567244	-0.00108822161102309
18.57229306596699	-0.001095118030980814
18.59986904626154	-0.001102035671273905
18.62744502655609	-0.001108974505389191
18.65502100685064	-0.001115934506847722
18.68259698714519	-0.001122915649204755
18.71017296743974	-0.001129917906049741
18.73774894773429	-0.001136941255770364
18.76532492802884	-0.001143985663116047
18.79290090832339	-0.001151051107017331
18.82047688861794	-0.001158137524114532
18.84805286891249	-0.001165244985077555
18.87562884920704	-0.001172373376752098
18.90320482950159	-0.001179522697993897
18.93078080979614	-0.001186692923380131
18.95835679009069	-0.001193884027020421
18.98593277038524	-0.001201095982976427
19.01350875067979	-0.00120832876315491
19.04108473097434	-0.001215582346202885
19.06866071126889	-0.00122285670409936
19.09623669156344	-0.001230151811021022
19.12381267185799	-0.00123746764117861
19.15138865215254	-0.001244804168817435
19.17896463244709	-0.001252161368217644
19.20654061274164	-0.001259539213694354
19.23411659303619	-0.00126693767959773
19.26169257333074	-0.001274356740313015
19.28926855362529	-0.001281796372423957
19.31684453391984	-0.001289256545861809
19.34442051421439	-0.001296737237296903
19.37199649450894	-0.001304238421274266
19.39957247480349	-0.001311760072382929
19.42714845509804	-0.001319302165255903
19.45472443539259	-0.00132686467457014
19.48230041568714	-0.001334447575046512
19.50987639598169	-0.00134205084144978
19.53745237627624	-0.001349674448588579
19.56502835657079	-0.001357318369492789
19.59260433686534	-0.001364982582879563
19.62018031715989	-0.001372667061841622
19.64775629745444	-0.00138037178134245
19.67533227774899	-0.001388096716380813
19.70290825804354	-0.001395841841990918
19.73048423833809	-0.001403607133242672
19.75806021863264	-0.00141139256524214
19.78563619892719	-0.001419198113132359
19.81321217922174	-0.001427023752094857
19.84078815951629	-0.001434869461522191
19.86836413981084	-0.001442735208399277
19.89594012010539	-0.001450620971827304
19.92351610039994	-0.001458526727114925
19.95109208069449	-0.001466452449612528
19.97866806098904	-0.001474398114712139
20.00624404128359	-0.001482363697847329
20.03382002157814	-0.001490349174493129
20.06139600187269	-0.00149835452016594
20.08897198216724	-0.001506379710423461
20.11654796246179	-0.001514424721373132
20.14412394275634	-0.001522489527536645
20.17169992305089	-0.001530574105174299
20.19927590334544	-0.001538678430033794
20.22685188363999	-0.001546802477911946
20.25442786393454	-0.001554946224656653
20.2820038442291	-0.001563109646170842
20.30957982452365	-0.001571292718420985
20.3371558048182	-0.001579495417457788
20.36473178511275	-0.001587717719475291
20.3923077654073	-0.001595959588601521
20.41988374570185	-0.001604221022680373
20.4474597259964	-0.001612501988060781
20.47503570629095	-0.001620802460925666
20.5026116865855	-0.001629122417489234
20.53018766688005	-0.001637461833997119
20.5577636471746	-0.001645820686726494
20.58533962746915	-0.001654198951986149
20.6129156077637	-0.001662596606116549
20.64049158805825	-0.001671013625489873
20.6680675683528	-0.001679449989384154
20.69564354864735	-0.001687905668249349
20.7232195289419	-0.001696380641417624
20.75079550923645	-0.001704874885405591
20.778371489531	-0.001713388376771603
20.80594746982555	-0.001721921092114995
20.8335234501201	-0.001730473008074684
20.86109943041465	-0.001739044101326268
20.8886754107092	-0.001747634348575268
20.91625139100375	-0.001756243726538561
20.9438273712983	-0.001764872213158777
20.97140335159285	-0.001773519784116581
20.9989793318874	-0.001782186416632139
21.02655531218195	-0.00179087208762409
21.0541312924765	-0.001799576774044919
21.08170727277105	-0.001808300452880892
21.1092832530656	-0.001817043101152011
21.13685923336015	-0.001825804695911953
21.1644352136547	-0.001834585214248023
21.19201119394925	-0.001843384633281094
21.2195871742438	-0.001852202932412405
21.24716315453835	-0.00186104008407215
21.2747391348329	-0.001869896067816934
21.30231511512745	-0.001878770860944571
21.329891095422	-0.001887664440801913
21.35746707571655	-0.001896576784786488
21.3850430560111	-0.00190550787034968
21.41261903630565	-0.001914457675003367
21.4401950166002	-0.001923426176335237
21.46777099689475	-0.001932413352049471
21.4953469771893	-0.001941419167228859
21.52292295748385	-0.001950443622500012
21.5504989377784	-0.001959486685215786
21.57807491807295	-0.001968548333121468
21.6056508983675	-0.001977628543992812
21.63322687866205	-0.001986727295636121
21.6608028589566	-0.001995844565888323
21.68837883925115	-0.002004980332617023
21.7159548195457	-0.002014134573720551
21.74353079984025	-0.002023307267128
21.7711067801348	-0.002032498393784797
21.79868276042935	-0.002041707925601434
21.8262587407239	-0.002050935843422288
21.85383472101845	-0.002060182125259916
21.881410701313	-0.002069446749124963
21.90898668160755	-0.002078729692966842
21.9365626619021	-0.002088030934463991
21.96413864219665	-0.002097350449891061
21.9917146224912	-0.002106688194263319
22.01929060278575	-0.002116044268505923
22.0468665830803	-0.002125418463494999
22.07444256337485	-0.002134810874208114
22.1020185436694	-0.002144221453299697
22.12959452396395	-0.002153650179179681
22.1571705042585	-0.00216309703029251
22.18474648455305	-0.002172561985117087
22.2123224648476	-0.002182045022166704
22.23989844514215	-0.002191546119988987
22.2674744254367	-0.002201065257165839
22.29505040573125	-0.002210602412313376
22.3226263860258	-0.002220157565570226
22.35020236632035	-0.002229730692505327
22.3777783466149	-0.002239321773340781
22.40535432690945	-0.002248930786843157
22.432930307204	-0.002258557711818932
22.46050628749855	-0.00226820252711434
22.4880822677931	-0.002277865211615236
22.51565824808765	-0.002287545744246988
22.5432342283822	-0.002297244103974344
22.57081020867675	-0.002306960269801332
22.5983861889713	-0.002316694220886595
22.62596216926585	-0.002326445936053672
22.6535381495604	-0.002336215394561892
22.68111412985495	-0.002346002575578699
22.7086901101495	-0.002355807458311722
22.73626609044405	-0.002365630022008451
22.7638420707386	-0.002375470245955782
22.79141805103315	-0.002385328109479287
22.8189940313277	-0.002395203591942028
22.84657001162225	-0.002405096672742448
22.87414599191681	-0.002415007323943619
22.90172197221136	-0.002424935539955171
22.92929795250591	-0.002434881293216019
22.95687393280046	-0.002444844563272487
22.98444991309501	-0.002454825329701263
23.01202589338956	-0.002464823572108907
23.03960187368411	-0.002474839270131514
23.06717785397866	-0.002484872403434465
23.09475383427321	-0.00249492295171224
23.12232981456776	-0.002504990894688276
23.14990579486231	-0.002515076214242638
23.17748177515686	-0.002525178885711977
23.20505775545141	-0.002535298891041859
23.23263373574596	-0.00254543621008908
23.26020971604051	-0.002555590822748289
23.28778569633506	-0.002565762708951876
23.31536167662961	-0.002575951848669837
23.34293765692416	-0.002586158221909636
23.37051363721871	-0.002596381808716044
23.39808961751326	-0.002606622589170952
23.42566559780781	-0.00261688054277073
23.45324157810236	-0.002627155650989578
23.48081755839691	-0.002637447893369965
23.50839353869146	-0.002647757250128427
23.53596951898601	-0.002658083701514379
23.56354549928056	-0.00266842722781005
23.59112147957511	-0.002678787809330433
23.61869745986966	-0.002689165426423228
23.64627344016421	-0.002699560059468786
23.67384942045876	-0.002709971688880052
23.70142540075331	-0.002720400295635789
23.72900138104786	-0.002730845859099372
23.75657736134241	-0.00274130836031762
23.78415334163696	-0.002751787779838059
23.81172932193151	-0.002762284098242805
23.83930530222606	-0.00277279729614849
23.86688128252061	-0.002783327354206202
23.89445726281516	-0.002793874253101418
23.92203324310971	-0.002804437973553936
23.94960922340426	-0.002815018496317817
23.97718520369881	-0.002825615802138
24.00476118399336	-0.002836229871884149
24.03233716428791	-0.002846860686423101
24.05991314458246	-0.002857508226660638
24.08748912487701	-0.00286817247353936
24.11506510517156	-0.002878853408038826
24.14264108546611	-0.002889551011175858
24.17021706576066	-0.002900265264005154
24.19779304605521	-0.002910996147620554
24.22536902634976	-0.002921743643157895
24.25294500664431	-0.002932507725121044
24.28052098693886	-0.00294328838691006
24.30809696723341	-0.002954085604300444
24.33567294752796	-0.002964899358580028
24.36324892782251	-0.002975729631069908
24.39082490811706	-0.002986576403124389
24.41840088841161	-0.002997439656130936
24.44597686870616	-0.003008319371510123
24.47355284900071	-0.003019215530715581
24.50112882929526	-0.003030128115233953
24.52870480958981	-0.00304105710194746
24.55628078988436	-0.003052002482401686
24.58385677017891	-0.003062964233049241
24.61143275047346	-0.003073942335455988
24.63900873076801	-0.003084936771217608
24.66658471106256	-0.003095947521957496
24.69416069135711	-0.003106974569325602
24.72173667165166	-0.003118017894997729
24.74931265194621	-0.003129077480675109
24.77688863224076	-0.003140153308084099
24.80446461253531	-0.003151245362693301
24.83204059282986	-0.003162353618526962
24.85961657312441	-0.003173478061099144
24.88719255341896	-0.003184618672265251
24.91476853371351	-0.00319577543392232
24.94234451400806	-0.003206948328008951
24.96992049430261	-0.003218137336505238
24.99749647459716	-0.003229342441432695
25.02507245489171	-0.003240563624854181
25.05264843518626	-0.003251800868873837
25.08022441548081	-0.003263054150872565
25.10780039577536	-0.003274323462986292
25.13537637606991	-0.003285608782662031
25.16295235636446	-0.003296910092128303
25.19052833665901	-0.003308227373633967
25.21810431695356	-0.003319560609448037
25.24568029724811	-0.003330909781859461
25.27325627754266	-0.003342274873176857
25.30083225783721	-0.003353655865728214
25.32840823813176	-0.003365052741860503
25.35598421842631	-0.003376465489331208
25.38356019872086	-0.003387894079293375
25.41113617901541	-0.003399338499521012
25.43871215930996	-0.003410798732465469
25.46628813960452	-0.003422274760615586
25.49386411989907	-0.003433766566497458
25.52144010019362	-0.003445274132674183
25.54901608048817	-0.003456797441745659
25.57659206078272	-0.003468336476348389
25.60416804107727	-0.003479891219155304
25.63174402137182	-0.003491461648257993
25.65932000166637	-0.003503047754331943
25.68689598196092	-0.003514649515136137
25.71447196225547	-0.003526266396790632
25.74204794255002	-0.003537899954214049
25.76962392284457	-0.003549548581613063
25.79719990313912	-0.003561212798915741
25.82477588343367	-0.003572892587657933
25.85235186372822	-0.003584587930542239
25.87992784402277	-0.003596298810490864
25.90750382431732	-0.003608025211812612
25.93507980461187	-0.003619767114695304
25.96265578490642	-0.003631524503787962
25.99023176520097	-0.003643297362241915
26.01780774549552	-0.003655085673240138
26.04538372579007	-0.003666889419997404
26.07295970608462	-0.003678708585760468
26.10053568637917	-0.003690543153808309
26.12811166667372	-0.003702393107452407
26.15568764696827	-0.003714258430037096
26.18326362726282	-0.003726139101446537
26.21083960755737	-0.003738035112446157
26.23841558785192	-0.003749946442885013
26.26599156814647	-0.003761873076211715
26.29356754844102	-0.003773814995903253
26.32114352873557	-0.00378577218546516
26.34871950903012	-0.003797744628431616
26.37629548932467	-0.003809732308365536
26.40387146961922	-0.003821735208858599
26.43144744991377	-0.003833753313531283
26.45902343020832	-0.003845786605841988
26.48659941050287	-0.003857835069872986
26.51417539079742	-0.00386989868913283
26.54175137109197	-0.003881977447353294
26.56932735138652	-0.003894071328293608
26.59690333168107	-0.003906180315740521
26.62447931197562	-0.003918304393508396
26.65205529227017	-0.003930443545439426
26.67963127256472	-0.003942597755404018
26.70720725285927	-0.003954767007301524
26.73478323315382	-0.003966951286742539
26.76235921344837	-0.003979150574390245
26.78993519374292	-0.003991364855726946
26.81751117403747	-0.0040035941147503
26.84508715433202	-0.004015838335486685
26.87266313462657	-0.004028097501991121
26.90023911492112	-0.004040371598347196
26.92781509521567	-0.004052660608666988
26.95539107551022	-0.004064964517090988
26.98296705580477	-0.004077283307788023
27.01054303609932	-0.004089616965585812
27.03811901639387	-0.004101965473343286
27.06569499668842	-0.004114328816020012
27.09327097698297	-0.004126706977908983
27.12084695727752	-0.004139099943329997
27.14842293757207	-0.004151507696629736
27.17599891786662	-0.004163930222181799
27.20357489816117	-0.004176367504386719
27.23115087845572	-0.004188819527671968
27.25872685875027	-0.00420128627649194
27.28630283904482	-0.004213767737818431
27.31387881933937	-0.004226263890956328
27.34145479963392	-0.004238774722943041
27.36903077992847	-0.004251300218361949
27.39660676022302	-0.004263840361833822
27.42418274051757	-0.004276395138016802
27.45175872081212	-0.004288964531606376
27.47933470110667	-0.004301548527335394
27.50691068140122	-0.004314147109974091
27.53448666169577	-0.004326760264330187
27.56206264199032	-0.004339387970756739
27.58963862228487	-0.004352030223579056
27.61721460257942	-0.004364687003137598
27.64479058287397	-0.00437735829433279
27.67236656316852	-0.00439004408207958
27.69994254346307	-0.004402744351307375
27.72751852375762	-0.004415459086959994
27.75509450405217	-0.004428188273995616
27.78267048434672	-0.004440931897386706
27.81024646464127	-0.004453689942119973
27.83782244493582	-0.004466462399132298
27.86539842523037	-0.004479249240957009
27.89297440552492	-0.004492050458684138
27.92055038581947	-0.004504866037438676
27.94812636611402	-0.004517695962394023
27.97570234640857	-0.004530540218775197
28.00327832670312	-0.004543398791865294
28.03085430699767	-0.004556271667019644
28.05843028729223	-0.004569158829700914
28.08600626758678	-0.004582060265582758
28.11358224788133	-0.004594975941519082
28.14115822817588	-0.00460790587687281
28.16873420847043	-0.004620850041836741
28.19631018876498	-0.004633808421927343
28.22388616905953	-0.004646781002677362
28.25146214935408	-0.004659767769636025
28.27903812964863	-0.004672768708369217
28.30661410994318	-0.004685783804459612
28.33419009023773	-0.00469881304350678
28.36176607053228	-0.004711856411127282
28.38934205082683	-0.004724913945192889
28.41691803112138	-0.004737985522441568
28.44449401141593	-0.004751071180656078
28.47206999171048	-0.00476417090598983
28.49964597200503	-0.004777284684840745
28.52722195229958	-0.004790412503852402
28.55479793259413	-0.004803554349914293
28.58237391288868	-0.004816710210161693
28.60994989318323	-0.00482988007197539
28.63752587347778	-0.004843063922981308
28.66510185377233	-0.004856261581751379
28.69267783406688	-0.004869473390126521
28.72025381436143	-0.004882699166348522
28.74782979465598	-0.004895938897543915
28.77540577495053	-0.0049091925703555
28.80298175524508	-0.004922460170943159
28.83055773553963	-0.004935741684984679
28.85813371583418	-0.004949037097676572
28.88570969612873	-0.004962346393734914
28.91328567642328	-0.004975669557396156
28.94086165671783	-0.004989006755112941
28.96843763701238	-0.005002357588451549
28.99601361730693	-0.005015722223788718
29.02358959760148	-0.00502910064504376
29.05116557789603	-0.005042492836445066
29.07874155819058	-0.005055898782529357
29.10631753848513	-0.005069318468140944
29.13389351877968	-0.005082751878430988
29.16146949907423	-0.005096198998856718
29.18904547936878	-0.005109659815180668
29.21662145966333	-0.005123134246556339
29.24419743995788	-0.005136622419193057
29.27177342025243	-0.005150124252486254
29.29934940054698	-0.005163639732816643
29.32692538084153	-0.005177168846577482
29.35450136113608	-0.005190711580174521
29.38207734143063	-0.005204267920025908
29.40965332172518	-0.005217837852562143
29.43722930201973	-0.005231421364225993
29.46480528231428	-0.00524501844147242
29.49238126260883	-0.0052586291564419
29.51995724290338	-0.00527225331661154
29.54753322319793	-0.005285890994559145
29.57510920349248	-0.005299542177534654
29.60268518378703	-0.005313206853167617
29.63026116408158	-0.005326885009466452
29.65783714437613	-0.005340576634817714
29.68541312467068	-0.005354281717985361
29.71298910496523	-0.005368000248110049
29.74056508525978	-0.005381732214708426
29.76814106555433	-0.005395477389618729
29.79571704584888	-0.005409236218688881
29.82329302614343	-0.005423008473467925
29.85086900643798	-0.005436794143070614
29.87844498673253	-0.005450593216047571
29.90602096702708	-0.005464405680386214
29.93359694732163	-0.005478231523511663
29.96117292761618	-0.005492070732287623
29.98874890791073	-0.005505923293017179
30.01632488820528	-0.005519789191443577
30.04390086849983	-0.005533668556952839
30.07147684879438	-0.005547561072971338
30.09905282908893	-0.00556146686834774
30.12662880938348	-0.005575385927818286
30.15420478967803	-0.005589318236177853
30.18178076997258	-0.00560326377827976
30.20935675026713	-0.005617222539035661
30.23693273056168	-0.005631194503415355
30.26450871085623	-0.00564517965644667
30.29208469115078	-0.005659177983215302
30.31966067144533	-0.005673189710163644
30.34723665173988	-0.005687214318205308
30.37481263203443	-0.005701252035215773
30.40238861232898	-0.005715302848665229
30.42996459262353	-0.005729366747133434
30.45754057291808	-0.005743443720313965
30.48511655321263	-0.005757533759024843
30.51269253350718	-0.005771636855234608
30.54026851380173	-0.005785753002131543
30.56784449409628	-0.005799882194340285
30.59542047439083	-0.005814023789940115
30.62299645468539	-0.005828179107241769
30.65057243497994	-0.005842347509517442
30.67814841527449	-0.005856528989817345
30.70572439556904	-0.005870723539625131
30.73330037586359	-0.005884931148860733
30.76087635615814	-0.005899151805883171
30.78845233645269	-0.005913385497493384
30.81602831674724	-0.005927632208937051
30.84360429704179	-0.005941891923907382
30.87118027733634	-0.0059561652096576
30.89875625763089	-0.005970450825092575
30.92633223792544	-0.005984749335918889
30.95390821821999	-0.005999060724743151
30.98148419851454	-0.006013384975179198
31.00906017880909	-0.006027722071843623
31.03663615910364	-0.006042072000352648
31.06421213939819	-0.006056434747319614
31.09178811969274	-0.006070810300352765
31.11936409998729	-0.00608519864805324
31.14694008028184	-0.006099599481214827
31.17451606057639	-0.006114013414729677
31.20209204087094	-0.006128440139903078
31.22966802116549	-0.006142879646682507
31.25724400146004	-0.006157331924717653
31.28481998175459	-0.00617179696336085
31.31239596204914	-0.006186274751667526
31.33997194234369	-0.006200765278396651
31.36754792263824	-0.006215268532011218
31.39512390293279	-0.006229784500678716
31.42269988322734	-0.006244313313997416
31.45027586352189	-0.006258854662504264
31.47785184381644	-0.006273408677620254
31.50542782411099	-0.006287975347142212
31.53300380440554	-0.006302554659478482
31.56057978470009	-0.006317146603407912
31.58815576499464	-0.006331751168034813
31.61573174528919	-0.006346368342775857
31.64330772558374	-0.006360998117355035
31.67088370587829	-0.006375640481801204
31.69845968617284	-0.006390295426446666
31.72603566646739	-0.006404962941926186
31.75361164676194	-0.006419643019176174
31.78118762705649	-0.006434335649434034
31.80876360735104	-0.006449040824237522
31.83633958764559	-0.006463758535424175
31.86391556794014	-0.006478488775130734
31.89149154823469	-0.006493231535792601
31.91906752852924	-0.006507986810143279
31.94664350882379	-0.006522754591213856
31.97421948911834	-0.006537534872332461
32.00179546941289	-0.00655232764712373
32.02937144970744	-0.006567132909508289
32.05694743000199	-0.006581950653702225
32.08452341029654	-0.006596780874216563
32.11209939059109	-0.006611623565856745
32.13967537088564	-0.006626478723722119
32.16725135118019	-0.006641346343205412
32.19482733147474	-0.006656226419992215
32.22240331176929	-0.006671118950060471
