0
1000	105.6583745	100000000000000.1
5	0	0	1
5	0	0	0
4.673998997513734	2.525264285208888e-11
4.701574977808284	5.44299454032332e-11
4.729150958102834	8.544663473771746e-11
4.756726938397384	1.202811115116194e-10
4.784302918691934	1.591806035284397e-10
4.811878898986484	2.020744758312488e-10
4.839454879281035	2.488143033985051e-10
4.867030859575585	2.992429239894304e-10
4.894606839870135	3.532174272495069e-10
4.922182820164685	4.106162742714771e-10
4.949758800459235	4.71340350827111e-10
4.977334780753785	5.353116810328193e-10
5.004910761048335	6.024713398378751e-10
5.032486741342885	6.727772182596002e-10
5.060062721637435	7.462019124388426e-10
5.087638701931986	8.227308358614846e-10
5.115214682226536	9.02360576806383e-10
5.142790662521086	9.850974894549217e-10
5.170366642815636	1.070956494082598e-09
5.197942623110186	1.159960058274433e-09
5.225518603404736	1.252137332079639e-09
5.253094583699286	1.347523412655564e-09
5.280670563993836	1.446158717092031e-09
5.308246544288386	1.548088445324396e-09
5.335822524582936	1.653362117811859e-09
5.363398504877487	1.762033175165102e-09
5.390974485172037	1.87415862903351e-09
5.418550465466587	1.989798755375287e-09
5.446126445761137	2.109016818652817e-09
5.473702426055687	2.231878815670801e-09
5.501278406350237	2.358486150894247e-09
5.528854386644787	2.488930130003345e-09
5.556430366939337	2.623190274929092e-09
5.584006347233887	2.761368099641368e-09
5.611582327528438	2.903573701088921e-09
5.639158307822988	3.049822599159333e-09
5.666734288117538	3.200161198279687e-09
5.694310268412088	3.354776930829681e-09
5.721886248706638	3.513685269213763e-09
5.749462229001188	3.676960999712968e-09
5.777038209295738	3.844747364151954e-09
5.804614189590288	4.017082852514934e-09
5.832190169884838	4.194119901118985e-09
5.859766150179389	4.375899635743646e-09
5.887342130473939	4.562534994642905e-09
5.914918110768489	4.754218512300602e-09
5.942494091063039	4.950923996247362e-09
5.970070071357589	5.152851757682053e-09
5.997646051652139	5.360098805595513e-09
6.025222031946689	5.572766867242514e-09
6.052798012241239	5.7910359031675e-09
6.080373992535789	6.014992873370382e-09
6.107949972830339	6.244774107724869e-09
6.13552595312489	6.480503607926409e-09
6.16310193341944	6.72228543332018e-09
6.19067791371399	6.970347586372605e-09
6.21825389400854	7.2247679076856e-09
6.24582987430309	7.485515485818932e-09
6.27340585459764	7.753362425411729e-09
6.30098183489219	8.027886193273692e-09
6.32855781518674	8.30938318147502e-09
6.35613379548129	8.598047423756376e-09
6.383709775775841	8.894148198070515e-09
6.411285756070391	9.197801813228271e-09
6.438861736364941	9.509138642344905e-09
6.466437716659491	9.828478070128411e-09
6.494013696954041	1.015592096973146e-08
6.521589677248591	1.049180249753084e-08
6.549165657543141	1.083626187494532e-08
6.576741637837691	1.118943873463417e-08
6.604317618132241	1.155121399818364e-08
6.631893598426791	1.192312879488383e-08
6.659469578721342	1.230409751439703e-08
6.687045559015892	1.269487576887468e-08
6.714621539310442	1.309557595119449e-08
6.742197519604992	1.350662150095646e-08
6.769773499899542	1.392814628294932e-08
6.797349480194092	1.436050255051e-08
6.824925460488642	1.480387854213826e-08
6.852501440783192	1.525867458267362e-08
6.880077421077742	1.572523271061721e-08
6.907653401372293	1.620368712261715e-08
6.935229381666843	1.669453403158808e-08
6.962805361961393	1.719790761430676e-08
6.990381342255943	1.771429235590086e-08
7.017957322550493	1.824400894403371e-08
7.045533302845043	1.878731557383899e-08
7.073109283139593	1.934466788966526e-08
7.100685263434143	1.991647457465789e-08
7.128261243728693	2.050298234168862e-08
7.155837224023244	2.110464013896704e-08
7.183413204317794	2.172187368310034e-08
7.210989184612344	2.23551720957681e-08
7.238565164906894	2.300478111135353e-08
7.266141145201444	2.367119401054887e-08
7.293717125495994	2.435498851388165e-08
7.321293105790544	2.505646300871676e-08
7.348869086085094	2.577614516074842e-08
7.376445066379644	2.651455280670223e-08
7.404021046674194	2.727224162744159e-08
7.431597026968745	2.804953456721251e-08
7.459173007263295	2.884706046719723e-08
7.486748987557845	2.966533596246747e-08
7.514324967852395	3.050511884131144e-08
7.541900948146945	3.136664583177215e-08
7.569476928441495	3.225066880550538e-08
7.597052908736045	3.315776453300614e-08
7.624628889030595	3.408852588942712e-08
7.652204869325145	3.504373992084349e-08
7.679780849619696	3.602381125759866e-08
7.707356829914246	3.702954733194563e-08
7.734932810208796	3.80616601783313e-08
7.762508790503346	3.912074709594913e-08
7.790084770797896	4.020773654784523e-08
7.817660751092446	4.132311485997498e-08
7.845236731386996	4.246774318309223e-08
7.872812711681546	4.364241461554288e-08
7.900388691976096	4.484743335265005e-08
7.927964672270646	4.608512262396428e-08
7.955540652565197	4.735496548276615e-08
7.983116632859747	4.865804763129523e-08
8.010692613154298	4.999548577727668e-08
8.038268593448848	5.136807282138342e-08
8.065844573743398	5.277676579667949e-08
8.093420554037948	5.422259727183643e-08
8.120996534332498	5.570665261958818e-08
8.148572514627048	5.722965420185596e-08
8.176148494921598	5.87927725533718e-08
8.203724475216148	6.0397403633918e-08
8.231300455510699	6.204278032470733e-08
8.258876435805249	6.373440096941108e-08
8.286452416099799	6.546959514584669e-08
8.314028396394349	6.725005690424329e-08
8.341604376688899	6.907805772038532e-08
8.369180356983449	7.095373304244977e-08
8.396756337277999	7.287978242796026e-08
8.424332317572549	7.485689862987707e-08
8.451908297867099	7.688523708625101e-08
8.47948427816165	7.896825259320989e-08
8.5070602584562	8.110593825141649e-08
8.53463623875075	8.330046334328223e-08
8.5622122190453	8.555277057881043e-08
8.58978819933985	8.786524592495222e-08
8.6173641796344	9.023854926499395e-08
8.64494015992895	9.267519777757717e-08
8.6725161402235	9.517600562152262e-08
8.70009212051805	9.774351511936311e-08
8.7276681008126	1.003788129130038e-07
8.755244081107151	1.030846623762662e-07
8.782820061401701	1.058616565753988e-07
8.810396041696251	1.087129988908467e-07
8.837972021990801	1.11639270458233e-07
8.865548002285351	1.146426605314646e-07
8.893123982579901	1.17727818094378e-07
8.920699962874451	1.208936506076695e-07
8.948275943169001	1.241441529615966e-07
8.975851923463551	1.274805839982633e-07
9.003427903758102	1.309063579631524e-07
9.031003884052652	1.34422409663854e-07
9.058579864347202	1.380318931322266e-07
9.086155844641752	1.41738056949686e-07
9.113731824936302	1.454946489383054e-07
9.141307805230852	1.494115047600747e-07
9.168883785525402	1.534020660366232e-07
9.196459765819952	1.575345134636095e-07
9.224035746114502	1.617264585630588e-07
9.251611726409052	1.660909949322089e-07
9.279187706703603	1.705207631617011e-07
9.306763686998153	1.751156849309219e-07
9.334339667292703	1.798267395607199e-07
9.361915647587253	1.84696103264864e-07
9.389491627881803	1.896861894130378e-07
9.417067608176353	1.947655904962617e-07
9.444643588470903	2.000398479457928e-07
9.472219568765453	2.054035301872848e-07
9.499795549060003	2.109727870582805e-07
9.527371529354554	2.166577607025603e-07
9.554947509649104	2.225426094060671e-07
9.582523489943654	2.285768083209662e-07
9.610099470238204	2.347275886388164e-07
9.637675450532754	2.411046319354461e-07
9.665251430827304	2.475961482556254e-07
9.692827411121854	2.543432315182502e-07
9.720403391416404	2.61256348236368e-07
9.747979371710954	2.683296856976121e-07
9.775555352005505	2.756317578580937e-07
9.803131332300055	2.830719234256258e-07
9.830707312594605	2.907965089094715e-07
9.858283292889155	2.987177429235792e-07
9.885859273183705	3.068065587954856e-07
9.913435253478255	3.151866585346583e-07
9.941011233772805	3.237807106541836e-07
9.968587214067355	3.325828832599437e-07
9.996163194361905	3.416560631941809e-07
10.02373917465646	3.509933809963438e-07
10.05131515495101	3.605184735539803e-07
10.07889113524556	3.703715521485455e-07
10.10646711554011	3.805021739443056e-07
10.13404309583466	3.908444357034534e-07
10.16161907612921	4.015387369472147e-07
10.18919505642376	4.125308714205098e-07
10.21677103671831	4.237800178224955e-07
10.24434701701286	4.353795144482998e-07
10.27192299730741	4.473060842595969e-07
10.29949897760196	4.594871491916715e-07
10.32707495789651	4.720923504398345e-07
10.35465093819106	4.85022843260426e-07
10.38222691848561	4.982482684052648e-07
10.40980289878016	5.11917828516325e-07
10.43737887907471	5.259561883435737e-07
10.46495485936926	5.403839438375754e-07
10.49253083966381	5.551654975208714e-07
10.52010681995836	5.703978700231373e-07
10.54768280025291	5.860524713188001e-07
10.57525878054746	6.020617540547371e-07
10.60283476084201	6.186011624341057e-07
10.63041074113656	6.355853363501558e-07
10.65798672143111	6.530374979903716e-07
10.68556270172566	6.70903732870091e-07
10.71313868202021	6.893294312018813e-07
10.74071466231476	7.082792502972892e-07
10.76829064260931	7.277403711095172e-07
10.79586662290386	7.476905742134504e-07
10.82344260319841	7.682421882276013e-07
10.85101858349296	7.893569784656066e-07
10.87859456378751	8.109719568067389e-07
10.90617054408206	8.332816051577338e-07
10.93374652437661	8.561913238391909e-07
10.96132250467116	8.797340891787536e-07
10.98889848496571	9.038457096101155e-07
11.01647446526026	9.287153514116268e-07
11.04405044555481	9.542204984961054e-07
11.07162642584936	9.805083524731609e-07
11.09920240614391	1.007479441884892e-06
11.12677838643846	1.035148569794832e-06
11.15435436673301	1.063623670640571e-06
11.18193034702756	1.092889271797877e-06
11.20950632732211	1.122952113180503e-06
11.23708230761666	1.153771514996264e-06
11.26465828791121	1.185537696086126e-06
11.29223426820576	1.218147409574006e-06
11.31981024850031	1.251666305183629e-06
11.34738622879486	1.286025961672691e-06
11.37496220908941	1.321428798137324e-06
11.40253818938396	1.357796359900499e-06
11.43011416967851	1.395102728577038e-06
11.45769014997306	1.433562019197689e-06
11.48526613026761	1.472964660652073e-06
11.51284211056216	1.513512430337829e-06
11.54041809085671	1.555162842948812e-06
11.56799407115126	1.597962755459525e-06
11.59557005144581	1.641937929450436e-06
11.62314603174036	1.687050380625507e-06
11.65072201203491	1.719979572901712e-06
11.67829799232946	1.781200020192625e-06
11.70587397262401	1.830223541261179e-06
11.73344995291856	1.880596747518495e-06
11.76102593321311	1.932273626664808e-06
11.78860191350766	1.985483591151365e-06
11.81617789380221	2.04011036074515e-06
11.84375387409676	2.096258374839535e-06
11.87132985439131	2.153951473274913e-06
11.89890583468586	2.213179753932693e-06
11.92648181498041	2.274097436049698e-06
11.95405779527496	2.336680150124623e-06
11.98163377556951	2.400989288276613e-06
12.00920975586406	2.467061013444027e-06
12.03678573615861	2.534863837571572e-06
12.06436171645316	2.60463053962383e-06
12.09193769674771	2.676306295437202e-06
12.11951367704226	2.74996311030325e-06
12.14708965733681	2.825636826433641e-06
12.17466563763136	2.903389114650628e-06
12.20224161792591	2.983192643466062e-06
12.22981759822046	3.065291533092942e-06
12.25739357851501	3.149640080947358e-06
12.28496955880956	3.23630843605033e-06
12.31254553910411	3.325356074130441e-06
12.34012151939866	3.416849125708667e-06
12.36769749969321	3.510797260206262e-06
12.39527347998776	3.60740720688893e-06
12.42284946028231	3.706653477031793e-06
12.45042544057686	3.808632400330069e-06
12.47800142087141	3.913410987311282e-06
12.50557740116597	4.021066860691325e-06
12.53315338146052	4.131596183373121e-06
12.56072936175507	4.245267677800307e-06
12.58830534204962	4.362050659287358e-06
12.61588132234417	4.482048664319676e-06
12.64345730263872	4.605341121857844e-06
12.67103328293327	4.732027959260309e-06
12.69860926322782	4.862082408470928e-06
12.72618524352237	4.995835815592979e-06
12.75376122381692	5.133239969651085e-06
12.78133720411147	5.274451608935191e-06
12.80891318440602	5.419526219053449e-06
12.83648916470057	5.568587804130373e-06
12.86406514499512	5.7217412328862e-06
12.89164112528967	5.879049032836305e-06
12.91921710558422	6.040740404026686e-06
12.94679308587877	6.206870849477978e-06
12.97436906617332	6.377571289983646e-06
13.00194504646787	6.552962433751783e-06
13.02952102676242	6.733167379364153e-06
13.05709700705697	6.918324670486184e-06
13.08467298735152	7.108471535271855e-06
13.11224896764607	7.303960252692156e-06
13.13982494794062	7.504808632518997e-06
13.16740092823517	7.711184725608034e-06
13.19497690852972	7.923224022120902e-06
13.22255288882427	8.141090211452565e-06
13.25012886911882	8.364941471046593e-06
13.27770484941337	8.594836125031273e-06
13.30528082970792	8.831175115793774e-06
13.33285681000247	9.074024630480401e-06
13.36043279029702	9.32349771759234e-06
13.38800877059157	9.579848952704203e-06
13.41558475088612	9.843243301383374e-06
13.44316073118067	1.011387371403175e-05
13.47073671147522	1.03919395265963e-05
13.49831269176977	1.067757863567094e-05
13.52588867206432	1.097114896291272e-05
13.55346465235887	1.127276690651372e-05
13.58104063265342	1.158269358512633e-05
13.60861661294797	1.190112493329159e-05
13.63619259324252	1.222830701903298e-05
13.66376857353707	1.256447840846903e-05
13.69134455383162	1.290988731697117e-05
13.71892053412617	1.326468023209384e-05
13.74649651442072	1.362934931607783e-05
13.77407249471527	1.400405981352253e-05
13.80164847500982	1.438900930032603e-05
13.82922445530437	1.478456577128883e-05
13.85680043559892	1.519099131666047e-05
13.88437641589347	1.560858368179931e-05
13.91195239618802	1.603765509456301e-05
13.93952837648257	1.64785117749352e-05
13.96710435677712	1.693137895971416e-05
13.99468033707167	1.739681996081832e-05
14.02225631736622	1.787503332725735e-05
14.04983229766077	1.83664001816359e-05
14.07740827795532	1.887126562985826e-05
14.10498425824987	1.939000032410091e-05
14.13256023854442	1.992299998319433e-05
14.16013621883897	2.047064015706143e-05
14.18771219913352	2.103333060666549e-05
14.21528817942807	2.161141856682365e-05
14.24286415972262	2.220547218796497e-05
14.27044014001717	2.281584177022176e-05
14.29801612031172	2.344299541048794e-05
14.32559210060627	2.408736890219735e-05
14.35316808090082	2.47494770025873e-05
14.38074406119537	2.542976534062425e-05
14.40832004148992	2.612875521646107e-05
14.43589602178447	2.684695314028166e-05
14.46347200207902	2.758477290890179e-05
14.49104798237357	2.834300944254287e-05
14.51862396266812	2.91220899412899e-05
14.54619994296267	2.99225540430557e-05
14.57377592325722	3.074504205058361e-05
14.60135190355177	3.159012904970158e-05
14.62892788384632	3.245844483640042e-05
14.65650386414087	3.335062355131985e-05
14.68407984443542	3.426732548525096e-05
14.71165582472997	3.520922400636527e-05
14.73923180502452	3.617689085920305e-05
14.76680778531907	3.717129749679756e-05
14.79438376561362	3.819305429825574e-05
14.82195974590817	3.924284685614406e-05
14.84953572620272	4.032152217908441e-05
14.87711170649727	4.142984554974744e-05
14.90468768679182	4.256863352869247e-05
14.93226366708637	4.373872427974556e-05
14.95983964738092	4.494098224938195e-05
14.98741562767547	4.617628835966523e-05
15.01499160797002	4.744554125978602e-05
15.04256758826457	4.874953225307061e-05
15.07014356855912	5.008963020710072e-05
15.09771954885368	5.146644338631472e-05
15.12529552914823	5.288116562210107e-05
15.15287150944278	5.433474952481969e-05
15.18044748973733	5.582829236013066e-05
15.20802347003188	5.73628935456064e-05
15.23559945032643	5.893968197663762e-05
15.26317543062098	6.05598182456381e-05
15.29075141091553	6.222449337326608e-05
15.31832739121008	6.393493853265529e-05
15.34590337150463	6.569227692853503e-05
15.37347935179918	6.749806780124598e-05
15.40105533209373	6.935352570715311e-05
15.42863131238828	7.125996006541052e-05
15.45620729268283	7.321882549607254e-05
15.48378327297738	7.523154428985131e-05
15.51135925327193	7.729959856030257e-05
15.53893523356648	7.942451107380025e-05
15.56651121386103	8.160784524678871e-05
15.59408719415558	8.38512138694192e-05
15.62166317445013	8.615625665083868e-05
15.64923915474468	8.852467717869813e-05
15.67681513503923	9.09580906225806e-05
15.70439111533378	9.345856028352402e-05
15.73196709562833	9.602778810245509e-05
15.75954307592288	9.866763047816265e-05
15.78711905621743	0.0001013800761356506
15.81469503651198	0.0001041671021251213
15.84227101680653	0.0001070307600301269
15.86984699710108	0.0001099731546552506
15.89742297739563	0.0001129964676186477
15.92499895769018	0.000116102907240238
15.95257493798473	0.000119294765984539
15.98015091827928	0.0001225743942929548
16.00772689857383	0.0001259441120605881
16.03530287886838	0.0001294066013269593
16.06287885916293	0.0001329643018355827
16.09045483945748	0.0001366197304874283
16.11803081975203	0.0001403758822105651
16.14560680004658	0.0001442352250020488
16.17318278034113	0.000148200693892891
16.20075876063568	0.0001522752214660776
16.22833474093023	0.0001564617916579454
16.25591072122478	0.0001607635004201557
16.28348670151933	0.0001651834980833989
16.31106268181388	0.000169725053755442
16.33863866210843	0.0001743915074492806
16.36621464240298	0.0001791862934376452
16.39379062269753	0.0001841128056156836
16.42136660299208	0.0001891748262074953
16.44894258328663	0.0001943763473300023
16.47651856358118	0.0001997207566909824
16.50409454387573	0.0002052121374684785
16.53167052417028	0.0002108546103396707
16.55924650446483	0.0002166522292072617
16.58682248475938	0.0002226093013345271
16.61439846505393	0.0002287302118166769
16.64197444534848	0.0002350194694167088
16.66955042564303	0.0002414817069240159
16.69712640593758	0.0002481216822801313
16.72470238623213	0.0002549442844473289
16.75227836652668	0.0002619545441666431
16.77985434682123	0.0002691574614918487
16.80743032711578	0.0002765586717284236
16.83500630741033	0.0002841634557822605
16.86258228770488	0.0002919774407810486
16.89015826799943	0.0003000062802673685
16.91773424829398	0.0003082560016879358
16.94531022858853	0.0003167326366147895
16.97288620888308	0.0003254424380795817
17.00046218917763	0.0003343918125754196
17.02803816947218	0.0003435873559788083
17.05561414976673	0.0003530358422260761
17.08319013006128	0.0003627442305255107
17.11076611035583	0.0003727196053644532
17.13834209065038	0.0003829695150663734
17.16591807094493	0.0003935013111180834
17.19349405123948	0.0004043228168832522
17.22107003153403	0.000415441921224036
17.24864601182858	0.0004268669920670124
17.27622199212313	0.0004386063534255254
17.30379797241768	0.0004506686469745629
17.33137395271223	0.0004630627747673467
17.35894993300678	0.0004757978521939893
17.38652591330133	0.0004888832750216788
17.41410189359588	0.0005023286713259134
17.44167787389043	0.0005161439525491609
17.46925385418498	0.0005303392975114334
17.49682983447953	0.0005449251642967689
17.52440581477408	0.000559912307198895
17.55198179506863	0.0005753117440890716
17.57955777536318	0.0005911348460876049
17.60713375565773	0.0006073932726838857
17.63470973595228	0.0006240989860100479
17.66228571624683	0.0006412641420853755
17.68986169654139	0.0006589017424717212
17.71743767683594	0.0006770245854480956
17.74501365713049	0.0006956460299280217
17.77258963742504	0.0007147797811366725
17.80016561771959	0.0007344394831319943
17.82774159801414	0.000754641069945785
17.85531757830869	0.0007753980368928422
17.88289355860324	0.0007967259680737275
17.91046953889779	0.0008186407743333465
17.93804551919234	0.0008411585422356733
17.96562149948689	0.0008642958668636949
17.99319747978144	0.0008880698015528933
18.02077346007599	0.0009124978673619242
18.04834944037054	0.0009375980622116648
18.07592542066509	0.0009633888871793566
18.10350140095964	0.0009898893509962521
18.13107738125419	0.00101711898623946
18.15865336154874	0.001045097693804636
18.18622934184329	0.001073846443490378
18.21380532213784	0.001103386245327868
18.24138130243239	0.001133738878694554
18.26895728272694	0.001164926658711102
18.29653326302149	0.001196972650733249
18.32410924331604	0.001229900442775332
18.35168522361059	0.001263734462199996
18.37926120390514	0.001298499180352009
18.40683718419969	0.001334220694863633
18.43441316449424	0.001370925171659394
18.46198914478879	0.001408639684283087
18.48956512508334	0.001447392012246871
18.51714110537789	0.001487210740764739
18.54471708567244	0.001528125212422202
18.57229306596699	0.001570165575944225
18.59986904626154	0.001613362865527699
18.62744502655609	0.001657748885717113
18.65502100685064	0.001703356370610081
18.68259698714519	0.00175021883360451
18.71017296743974	0.001798371061108219
18.73774894773429	0.001847848418585329
18.76532492802884	0.001898687459892848
18.79290090832339	0.00195092543675235
18.82047688861794	0.002004601109186438
18.84805286891249	0.002059753958358721
18.87562884920704	0.002116424648701495
18.90320482950159	0.002174654997726046
18.93078080979614	0.00223448786270077
18.95835679009069	0.002295967419518777
18.98593277038524	0.002359138994838419
19.01350875067979	0.002424049148826976
19.04108473097434	0.00249074575289123
19.06866071126889	0.002559278000699399
19.09623669156344	0.002629696375232059
19.12381267185799	0.002702052855914222
19.15138865215254	0.002776400789321042
19.17896463244709	0.00285279495733494
19.20654061274164	0.002931291735722045
19.23411659303619	0.003011948999026496
19.26169257333074	0.003094826056975137
19.28926855362529	0.003179984361617537
19.31684453391984	0.003267486554352424
19.34442051421439	0.003357397160195882
19.37199649450894	0.003449782438408943
19.39957247480349	0.003544710594372883
19.42714845509804	0.003642251606174554
19.45472443539259	0.003742477461592616
19.48230041568714	0.003845461880234624
19.50987639598169	0.003951281025886305
19.53745237627624	0.0040600128703204
19.56502835657079	0.004171737607311948
19.59260433686534	0.004286537634327405
19.62018031715989	0.004404497645642549
19.64775629745444	0.004525704618942162
19.67533227774899	0.004650247948038165
19.70290825804354	0.004778219511115877
19.73048423833809	0.004909713693061509
19.75806021863264	0.005044827482631288
19.78563619892719	0.005183660543588391
19.81321217922174	0.005326315282273715
19.84078815951629	0.005472896918720041
19.86836413981084	0.005623513384945111
19.89594012010539	0.005778276189751698
19.92351610039994	0.005937299286534095
19.95109208069449	0.00610070024561331
19.97866806098904	0.006268598839751004
20.00624404128359	0.006441119504595511
20.03382002157814	0.006618389655247253
20.06139600187269	0.006800539738111397
20.08897198216724	0.006987704244799922
20.11654796246179	0.007180021214902536
20.14412394275634	0.0073776325412291
20.17169992305089	0.007580684009313243
20.19927590334544	0.007789325423356905
20.22685188363999	0.008003710710014789
20.25442786393454	0.008223998039395367
20.2820038442291	0.008450349925001051
20.30957982452365	0.008682933354512005
20.3371558048182	0.00892191999243514
20.36473178511275	0.009167486093112154
20.3923077654073	0.009419812865375734
20.41988374570185	0.009679086481392969
20.4474597259964	0.00994549824505523
20.47503570629095	0.01021924473820286
20.5026116865855	0.01050052788747191
20.53018766688005	0.01078955535295724
20.5577636471746	0.01108654014364584
20.58533962746915	0.01139170175491461
20.6129156077637	0.01170526519457226
20.64049158805825	0.01202746184552938
20.6680675683528	0.01235852943322229
20.69564354864735	0.01269871232663467
20.7232195289419	0.01304826147970208
20.75079550923645	0.013407434931214
20.778371489531	0.01377649758980073
20.80594746982555	0.01415572192621845
20.8335234501201	0.01454538776441968
20.86109943041465	0.01494578265981903
20.8886754107092	0.01535720210428828
20.91625139100375	0.01577994970805879
20.9438273712983	0.01621433747786643
20.97140335159285	0.01666068599340529
20.9989793318874	0.01711932466871083
21.02655531218195	0.01759059199483638
21.0541312924765	0.01807483577440065
21.08170727277105	0.01857241340843527
21.1092832530656	0.01908369213334646
21.13685923336015	0.01960904931584831
21.1644352136547	0.02014887270528504
21.19201119394925	0.02070356074841048
21.2195871742438	0.02127352283709171
21.24716315453835	0.02185917968206359
21.2747391348329	0.02246096354303195
21.30231511512745	0.0230793184287375
21.329891095422	0.0237147011566782
21.35746707571655	0.02436758053760392
21.3850430560111	0.02503843849158924
21.41261903630565	0.02572777014741482
21.4401950166002	0.0264360844882061
21.46777099689475	0.02716390427199139
21.4953469771893	0.02791176679038868
21.52292295748385	0.02868022409630722
21.5504989377784	0.02946984346676577
21.57807491807295	0.03028120783540331
21.6056508983675	0.03111491612491452
21.63322687866205	0.03197158385214988
21.6608028589566	0.03285184341522666
21.68837883925115	0.03375634468648215
21.7159548195457	0.0346857553956311
21.74353079984025	0.03564076169725538
21.7711067801348	0.03662206865459241
21.79868276042935	0.03763040075385851
21.8262587407239	0.03866650244237824
21.85383472101845	0.03973113863427385
21.881410701313	0.0408250954436549
21.90898668160755	0.04194918048174772
21.9365626619021	0.04310422374233044
21.96413864219665	0.04429107800818186
21.9917146224912	0.04551061959650006
22.01929060278575	0.04676374895718575
22.0468665830803	0.04805139134368226
22.07444256337485	0.04937449753543292
22.1020185436694	0.05073404406809901
22.12959452396395	0.05213103612329859
22.1571705042585	0.05356650383190825
22.18474648455305	0.05504150778533073
22.2123224648476	0.05655713706146932
22.23989844514215	0.05811451076515975
22.2674744254367	0.05971477898408645
22.29505040573125	0.06135912352982589
22.3226263860258	0.06304875819566151
22.35020236632035	0.06478493165344075
22.3777783466149	0.06656892506645729
22.40535432690945	0.06840205631695677
22.432930307204	0.07028567907829877
22.46050628749855	0.07222118439596975
22.4880822677931	0.07421000161470592
22.51565824808765	0.07625359955466374
22.5432342283822	0.0783534873172053
22.57081020867675	0.08051121638712966
22.5983861889713	0.08272837930556913
22.62596216926585	0.08500661420622221
22.6535381495604	0.08734760354624481
22.68111412985495	0.08975307630622946
22.7086901101495	0.09222480907571624
22.73626609044405	0.09476462746510238
22.7638420707386	0.09737440735070781
22.79141805103315	0.100056076863161
22.8189940313277	0.1028116153256886
22.84657001162225	0.1056430592804745
22.87414599191681	0.1085524996954901
22.90172197221136	0.1115420856282246
22.92929795250591	0.1146140252771964
22.95687393280046	0.1177705877321332
22.98444991309501	0.1210141046059126
23.01202589338956	0.1243469716320054
23.03960187368411	0.1277716514762648
23.06717785397866	0.1312906730084951
23.09475383427321	0.1349066361750179
23.12232981456776	0.1386221896836656
23.14990579486231	0.1424401451925245
23.17748177515686	0.146363256195572
23.20505775545141	0.150394443069152
23.23263373574596	0.1545366838699645
23.26020971604051	0.158793038233108
23.28778569633506	0.1631666520811651
23.31536167662961	0.1676607546372418
23.34293765692416	0.1722786668966104
23.37051363721871	0.1770238003938183
23.39808961751326	0.1818996607423907
23.42566559780781	0.1869098502679019
23.45324157810236	0.1920580704205964
23.48081755839691	0.1973481248875083
23.50839353869146	0.2027839218265896
23.53596951898601	0.2083694784994831
23.56354549928056	0.2141089202312766
23.59112147957511	0.2200064883989653
23.61869745986966	0.226066540320414
23.64627344016421	0.2322935536118295
23.67384942045876	0.2386921292212455
23.70142540075331	0.245266994898232
23.72900138104786	0.2520230088351696
23.75657736134241	0.258965163015329
23.78415334163696	0.2660985874245554
23.81172932193151	0.2734285523353016
23.83930530222606	0.2809604746066262
23.86688128252061	0.2886999196684386
23.89445726281516	0.2966526065431881
23.92203324310971	0.3048244118824989
23.94960922340426	0.3132213742515019
23.97718520369881	0.3218496988364487
24.00476118399336	0.3307157614461391
24.03233716428791	0.3398261135843289
24.05991314458246	0.3491874905586044
24.08748912487701	0.3588068069541325
24.11506510517156	0.3686911730103088
24.14264108546611	0.378847893245225
24.17021706576066	0.3892844738458446
24.19779304605521	0.4000086277171503
24.22536902634976	0.4110282805805495
24.25294500664431	0.4223515764474416
24.28052098693886	0.4339868838596003
24.30809696723341	0.4459428036312612
24.33567294752796	0.4582281681041558
24.36324892782251	0.4708520605891925
24.39082490811706	0.4838238107435673
24.41840088841161	0.497153005708231
24.44597686870616	0.5108494972657079
24.47355284900071	0.5249234086417652
24.50112882929526	0.5393851423617456
24.52870480958981	0.5542453875426283
24.55628078988436	0.5695151279466417
24.58385677017891	0.5852056475838335
24.61143275047346	0.6013285524403912
24.63900873076801	0.6178957515829908
24.66658471106256	0.6349194942752755
24.69416069135711	0.6524123639681096
24.72173667165166	0.6703872912105998
24.74931265194621	0.6888575631587539
24.77688863224076	0.7078368331539143
24.80446461253531	0.7273391309977655
24.83204059282986	0.7473788732396894
24.85961657312441	0.7679708737361182
24.88719255341896	0.7891303555791274
24.91476853371351	0.8108729599443
24.94234451400806	0.8332147610191641
24.96992049430261	0.856172274771351
24.99749647459716	0.8797624739521596
25.02507245489171	0.9040027975463523
25.05264843518626	0.9289111664364375
25.08022441548081	0.9545059953535399
25.10780039577536	0.9808062064399051
25.13537637606991	1.007831244088103
25.16295235636446	1.035601087750548
25.19052833665901	1.064136271412709
25.21810431695356	1.093457888927716
25.24568029724811	1.123587620454096
25.27325627754266	1.15454774254187
25.30083225783721	1.186361145793393
25.32840823813176	1.219051352276116
25.35598421842631	1.252642532394407
25.38356019872086	1.287159522998168
25.41113617901541	1.32262784568571
25.43871215930996	1.359073725965615
25.46628813960452	1.396524112063647
25.49386411989907	1.435006697193858
25.52144010019362	1.474549934146911
25.54901608048817	1.515183063599641
25.57659206078272	1.556936131320588
25.60416804107727	1.599840011759954
25.63174402137182	1.643926430574035
25.65932000166637	1.689227988198797
25.68689598196092	1.735778183686784
25.71447196225547	1.783611440792971
25.74204794255002	1.832763131635318
25.76962392284457	1.883269602923418
25.79719990313912	1.935168206319393
25.82477588343367	1.988497319547102
25.85235186372822	2.043296387185168
25.87992784402277	2.0996059223201
25.90750382431732	2.157467577738015
25.93507980461187	2.216924142561332
25.96265578490642	2.278019587673592
25.99023176520097	2.340799097732137
26.01780774549552	2.405309102202855
26.04538372579007	2.471597311639251
26.07295970608462	2.539712751186527
26.10053568637917	2.609705797800985
26.12811166667372	2.681628224293455
26.15568764696827	2.755533217009536
26.18326362726282	2.831475441724768
26.21083960755737	2.909511066863632
26.23841558785192	2.989697809959047
26.26599156814647	3.072094980586102
26.29356754844102	3.156763523707891
26.32114352873557	3.243766064547584
26.34871950903012	3.333166957153625
26.37629548932467	3.425032326638359
26.40387146961922	3.519430131795209
26.43144744991377	3.616430186672615
26.45902343020832	3.716104248192565
26.48659941050287	3.81852604393117
26.51417539079742	3.9237713371564
26.54175137109197	4.031917979533811
26.56932735138652	4.143045970372032
26.59690333168107	4.257237515230889
26.62447931197562	4.374577086443275
26.65205529227017	4.495151485247954
26.67963127256472	4.619049913214121
26.70720725285927	4.746364016967309
26.73478323315382	4.87718798585678
26.76235921344837	5.011618600295992
26.78993519374292	5.149755311437047
26.81751117403747	5.291700310890542
26.84508715433202	5.437558611008882
26.87266313462657	5.587438120251724
26.90023911492112	5.741449722649368
26.92781509521567	5.899707359931506
26.95539107551022	6.062328125887697
26.98296705580477	6.22943231045987
27.01054303609932	6.401143568201846
27.03811901639387	6.577588934716143
27.06569499668842	6.758898956045158
27.09327097698297	6.94520777891099
27.12084695727752	7.136653249865104
27.14842293757207	7.333377018447075
27.17599891786662	7.535524637991206
27.20357489816117	7.743245680697149
27.23115087845572	7.956693840930305
27.25872685875027	8.176027059095698
27.28630283904482	8.401407615258249
27.31387881933937	8.633002284161037
27.34145479963392	8.870982431479687
27.36903077992847	9.115524150797349
27.39660676022302	9.366808393268567
27.42418274051757	9.625021101133113
27.45175872081212	9.890353343538248
27.47933470110667	10.16300146295466
27.50691068140122	10.44316721660235
27.53448666169577	10.73105792422577
27.56206264199032	11.02688663317587
27.58963862228487	11.33087224913166
27.61721460257942	11.64323973499986
27.64479058287397	11.96422024995624
27.67236656316852	12.29405133066694
27.69994254346307	12.63297706653988
27.72751852375762	12.98124827974618
27.75509450405217	13.33912270939892
27.78267048434672	13.70686520740222
27.81024646464127	14.0847479295676
27.83782244493582	14.47305053920561
27.86539842523037	14.87206042366551
27.89297440552492	15.28207286431185
27.92055038581947	15.70339133392241
27.94812636611402	16.13632764871132
27.97570234640857	16.58120223180607
28.00327832670312	17.03834434705508
28.03085430699767	17.50809234062345
28.05843028729223	17.99079388956045
28.08600626758678	18.48680626639301
28.11358224788133	18.9964965973685
28.14115822817588	19.52024213533019
28.16873420847043	20.05843054088009
28.19631018876498	20.61146017544437
28.22388616905953	21.1797403728201
28.25146214935408	21.76369175992875
28.27903812964863	22.36374660554927
28.30661410994318	22.98034906050469
28.33419009023773	23.61395554537546
28.36176607053228	24.26503506802938
28.38934205082683	24.93406957749597
28.41691803112138	25.62155431755958
28.44449401141593	26.32799819616027
28.47206999171048	27.0539241589172
28.49964597200503	27.79986957839954
28.52722195229958	28.56638665729548
28.55479793259413	29.35404281308764
28.58237391288868	30.16342115467373
28.60994989318323	30.99512084667167
28.63752587347778	31.84975759390597
28.66510185377233	32.72796408563982
28.69267783406688	33.63039046816998
28.72025381436143	34.55770482480414
28.74782979465598	35.51059366933678
28.77540577495053	36.4897624577384
28.80298175524508	37.49593611601917
28.83055773553963	38.52985954347412
28.85813371583418	39.592298208618
28.88570969612873	40.68403871972185
28.91328567642328	41.80588936313884
28.94086165671783	42.95868072849121
28.96843763701238	44.14326632535495
28.99601361730693	45.36052320950188
29.02358959760148	46.61135263689307
29.05116557789603	47.8966807284658
29.07874155819058	49.21745914480282
29.10631753848513	50.57466585432386
29.13389351877968	51.96930574190627
29.16146949907423	53.40241144420919
29.18904547936878	54.87504411598295
29.21662145966333	56.38829416576458
29.24419743995788	57.94328207662102
29.27177342025243	59.54115926824715
29.29934940054698	61.18310892378668
29.32692538084153	62.87034687114959
29.35450136113608	64.60412248695025
29.38207734143063	66.38571962664126
29.40965332172518	68.21645754096096
29.43722930201973	70.09769194063485
29.46480528231428	72.03081587635479
29.49238126260883	74.01726087338037
29.51995724290338	76.05849796595538
29.54753322319793	78.15603876286302
29.57510920349248	80.31143658422258
29.60268518378703	82.52628760140955
29.63026116408158	84.80223204779513
29.65783714437613	87.14095541920678
29.68541312467068	89.54418968662651
29.71298910496523	92.01371462393433
29.74056508525978	94.55135917372158
29.76814106555433	97.15900266749092
29.79571704584888	99.83857633481291
29.82329302614343	102.5920646726547
29.85086900643798	105.4215069880577
29.87844498673253	108.3289988148099
29.90602096702708	111.3166935259436
29.93359694732163	114.386803912736
29.96117292761618	117.541603849869
29.98874890791073	120.7834299321137
30.01632488820528	124.1146832330783
30.04390086849983	127.5378310861475
30.07147684879438	131.0554089613774
30.09905282908893	134.6700222256969
30.12662880938348	138.3843481780765
30.15420478967803	142.2011379819488
30.18178076997258	146.1232187621121
30.20935675026713	150.1534956338344
30.23693273056168	154.2949538452799
30.26450871085623	158.5506610874523
30.29208469115078	162.9237696909438
30.31966067144533	167.4175189592833
30.34723665173988	172.0352375894171
30.37481263203443	176.7803461573491
30.40238861232898	181.6563596626149
30.42996459262353	186.6668900481085
30.45754057291808	191.8156489765803
30.48511655321263	197.1064505152334
30.51269253350718	202.5432140429539
30.54026851380173	208.1299670527558
30.56784449409628	213.8708481930953
30.59542047439083	219.7701103592319
30.62299645468539	225.8321238039732
30.65057243497994	232.0613793619829
30.67814841527449	238.4624918358035
30.70572439556904	245.0402033835169
30.73330037586359	251.7993870662907
30.76087635615814	258.7450501098005
30.78845233645269	265.8823387119428
30.81602831674724	273.2165403968838
30.84360429704179	280.7530888880179
30.87118027733634	288.4975677582411
30.89875625763089	296.4557147986918
30.92633223792544	304.6334261164893
30.95390821821999	313.0367605435839
30.98148419851454	321.67194411844
31.00906017880909	330.5453747511312
31.03663615910364	339.6636267960054
31.06421213939819	349.0334564128936
31.09178811969274	358.6618057025398
31.11936409998729	368.5558089912902
31.14694008028184	378.7227970029148
31.17451606057639	389.1703030274492
31.20209204087094	399.9060682339678
31.22966802116549	410.938047389982
31.25724400146004	422.2744149267653
31.28481998175459	433.9235708473893
31.31239596204914	445.8941470109715
31.33997194234369	458.1950135124459
31.36754792263824	470.8352852329946
31.39512390293279	483.8243288316385
31.42269988322734	497.171768978768
31.45027586352189	510.887496899749
31.47785184381644	524.9816760845151
31.50542782411099	539.4647508071655
31.53300380440554	554.347453617742
31.56057978470009	569.6408132708244
31.58815576499464	585.3561630459768
31.61573174528919	601.5051487986108
31.64330772558374	618.0997381505446
31.67088370587829	635.1522289284418
31.69845968617284	652.6752582580413
31.72603566646739	670.6818125209645
31.75361164676194	689.1852358871321
31.78118762705649	708.1992416607959
31.80876360735104	727.7379211391201
31.83633958764559	747.8157546983532
31.86391556794014	768.447622493483
31.89149154823469	789.6488153736029
31.91906752852924	811.4350463183249
31.94664350882379	833.8224617459146
31.97421948911834	856.8276546059119
32.00179546941289	880.4676748399517
32.02937144970744	904.760043746486
32.05694743000199	929.72276591731
32.08452341029654	955.3743433769777
32.11209939059109	981.7337883052397
32.13967537088564	1008.820638322132
32.16725135118019	1036.654969945339
32.19482733147474	1065.257414065452
32.22240331176929	1094.649171098114
0
1000	105.6583745	100000000000000.1
5	0	0	1
5	0	0	0
4.673998997513734	-1.074910606678828e-11
4.701574977808284	-9.820461367239413e-12
4.729150958102834	-1.061764089797493e-11
4.756726938397384	-1.157074826058311e-11
4.784302918691934	-1.247519310302359e-11
4.811878898986484	-1.328679872595544e-11
4.839454879281035	-1.400099555524046e-11
4.867030859575585	-1.462505731709562e-11
4.894606839870135	-1.516944362689005e-11
4.922182820164685	-1.564475416700759e-11
4.949758800459235	-1.606066357980711e-11
4.977334780753785	-1.642562145428584e-11
5.004910761048335	-1.67468542877008e-11
5.032486741342885	-1.703047966833543e-11
5.060062721637435	-1.72816525306398e-11
5.087638701931986	-1.750471006755181e-11
5.115214682226536	-1.770330247778071e-11
5.142790662521086	-1.788050585296789e-11
5.170366642815636	-1.803891743896492e-11
5.197942623110186	-1.818073504438172e-11
5.225518603404736	-1.830782281647679e-11
5.253094583699286	-1.842176557110046e-11
5.280670563993836	-1.852391363920443e-11
5.308246544288386	-1.861541991251999e-11
5.335822524582936	-1.869727049596333e-11
5.363398504877487	-1.877031012904184e-11
5.390974485172037	-1.883526333189917e-11
5.418550465466587	-1.88927520683501e-11
5.446126445761137	-1.894330837039418e-11
5.473702426055687	-1.898738996409368e-11
5.501278406350237	-1.903660900374628e-11
5.528854386644787	-1.906742642186225e-11
5.556430366939337	-1.909200918785655e-11
5.584006347233887	-1.911079009316493e-11
5.611582327528438	-1.912417538360505e-11
5.639158307822988	-1.913254740261563e-11
5.666734288117538	-1.91362657561371e-11
5.694310268412088	-1.913566822460514e-11
5.721886248706638	-1.913107166261221e-11
5.749462229001188	-1.912277292999293e-11
5.777038209295738	-1.911110681344026e-11
5.804614189590288	-1.909621134601619e-11
5.832190169884838	-1.907839021645459e-11
5.859766150179389	-1.905787101335966e-11
5.887342130473939	-1.903486619305314e-11
5.914918110768489	-1.900957396189325e-11
5.942494091063039	-1.898217913131504e-11
5.970070071357589	-1.895285394030399e-11
5.997646051652139	-1.892175884135527e-11
6.025222031946689	-1.888904324674621e-11
6.052798012241239	-1.885726339724753e-11
6.080373992535789	-1.882141134385953e-11
6.107949972830339	-1.878414358239915e-11
6.13552595312489	-1.874563803853257e-11
6.16310193341944	-1.870604676159644e-11
6.19067791371399	-1.86655143619812e-11
6.21825389400854	-1.862417814881344e-11
6.24582987430309	-1.85821678111185e-11
6.27340585459764	-1.853960518081803e-11
6.30098183489219	-1.849660412267732e-11
6.32855781518674	-1.845222159501609e-11
6.35613379548129	-1.840879927826457e-11
6.383709775775841	-1.836529903299682e-11
6.411285756070391	-1.832178446097926e-11
6.438861736364941	-1.827831153373701e-11
6.466437716659491	-1.823492945190043e-11
6.494013696954041	-1.819168140376603e-11
6.521589677248591	-1.814860523565667e-11
6.549165657543141	-1.810573404498228e-11
6.576741637837691	-1.806309670546046e-11
6.604317618132241	-1.802060361077088e-11
6.631893598426791	-1.797852153336103e-11
6.659469578721342	-1.793674638106834e-11
6.687045559015892	-1.789529226362651e-11
6.714621539310442	-1.785417084410464e-11
6.742197519604992	-1.781339164967775e-11
6.769773499899542	-1.777296234278787e-11
6.797349480194092	-1.773288895801812e-11
6.824925460488642	-1.769317610923539e-11
6.852501440783192	-1.765382717090955e-11
6.880077421077742	-1.761489163705365e-11
6.907653401372293	-1.757627037945442e-11
6.935229381666843	-1.753801401631425e-11
6.962805361961393	-1.750012315928428e-11
6.990381342255943	-1.74625978659135e-11
7.017957322550493	-1.7425437699873e-11
7.045533302845043	-1.738864178516363e-11
7.073109283139593	-1.735220885491373e-11
7.100685263434143	-1.731613729530998e-11
7.128261243728693	-1.72804251851482e-11
7.155837224023244	-1.724504257967566e-11
7.183413204317794	-1.721004604063853e-11
7.210989184612344	-1.717540360008403e-11
7.238565164906894	-1.714111197875233e-11
7.266141145201444	-1.710716769132729e-11
7.293717125495994	-1.707356708063007e-11
7.321293105790544	-1.704030634756088e-11
7.348869086085094	-1.700738157730123e-11
7.376445066379644	-1.697478876222539e-11
7.404021046674194	-1.69425238219141e-11
7.431597026968745	-1.691055419021798e-11
7.459173007263295	-1.687893622218151e-11
7.486748987557845	-1.684763553396689e-11
7.514324967852395	-1.681664743306831e-11
7.541900948146945	-1.678596718437113e-11
7.569476928441495	-1.67555900317036e-11
7.597052908736045	-1.672551121581579e-11
7.624628889030595	-1.669572598931807e-11
7.652204869325145	-1.666622962903044e-11
7.679780849619696	-1.663701744612512e-11
7.707356829914246	-1.660804827828958e-11
7.734932810208796	-1.657939577160977e-11
7.762508790503346	-1.655101586276806e-11
7.790084770797896	-1.652290341192845e-11
7.817660751092446	-1.649505334048088e-11
7.845236731386996	-1.646746064315807e-11
7.872812711681546	-1.644012039597726e-11
7.900388691976096	-1.641302776084237e-11
7.927964672270646	-1.63861779874073e-11
7.955540652565197	-1.63595664126145e-11
7.983116632859747	-1.633319584112695e-11
8.010692613154298	-1.630701258812799e-11
8.038268593448848	-1.628104281477901e-11
8.065844573743398	-1.625527811634855e-11
8.093420554037948	-1.622970624180039e-11
8.120996534332498	-1.620429827096419e-11
8.148572514627048	-1.617887371961455e-11
8.176148494921598	-1.615511709844841e-11
8.203724475216148	-1.612980206901545e-11
8.231300455510699	-1.610512563920479e-11
8.258876435805249	-1.608044923468358e-11
8.286452416099799	-1.605623390285089e-11
8.314028396394349	-1.60321963028998e-11
8.341604376688899	-1.600833256412846e-11
8.369180356983449	-1.598463884252048e-11
8.396756337277999	-1.5961111321046e-11
8.424332317572549	-1.593774620872511e-11
8.451908297867099	-1.591453973871854e-11
8.47948427816165	-1.58914881656208e-11
8.5070602584562	-1.586858776206633e-11
8.53463623875075	-1.58458176857304e-11
8.5622122190453	-1.582321541115171e-11
8.58978819933985	-1.58007510212756e-11
8.6173641796344	-1.577842138373653e-11
8.64494015992895	-1.575622306123952e-11
8.6725161402235	-1.573415250613069e-11
8.70009212051805	-1.57122061296631e-11
8.7276681008126	-1.569038032984533e-11
8.755244081107151	-1.566867150320347e-11
8.782820061401701	-1.564707604952149e-11
8.810396041696251	-1.562555092730546e-11
8.837972021990801	-1.560417358745531e-11
8.865548002285351	-1.558290256586331e-11
8.893123982579901	-1.556173440693037e-11
8.920699962874451	-1.554066550113815e-11
8.948275943169001	-1.551969203837927e-11
8.975851923463551	-1.549880994579952e-11
9.003427903758102	-1.547801480342685e-11
9.031003884052652	-1.545730172728656e-11
9.058579864347202	-1.543666520381015e-11
9.086155844641752	-1.533013296823482e-11
9.113731824936302	-1.533186618120464e-11
9.141307805230852	-1.533366385821436e-11
9.168883785525402	-1.533088070649008e-11
9.196459765819952	-1.532660221728927e-11
9.224035746114502	-1.532159149146861e-11
9.251611726409052	-1.531621251656636e-11
9.279187706703603	-1.531066235919686e-11
9.306763686998153	-1.530505406892039e-11
9.334339667292703	-1.529945437401499e-11
9.361915647587253	-1.52931922324532e-11
9.389491627881803	-1.528788170736806e-11
9.417067608176353	-1.528265728223057e-11
9.444643588470903	-1.527751342510463e-11
9.472219568765453	-1.527244464821309e-11
9.499795549060003	-1.526744556932515e-11
9.527371529354554	-1.526251094862352e-11
9.554947509649104	-1.525763570979298e-11
9.582523489943654	-1.52528149508329e-11
9.610099470238204	-1.524804394813539e-11
9.637675450532754	-1.524335499828813e-11
9.665251430827304	-1.523866862010156e-11
9.692827411121854	-1.52340157935468e-11
9.720403391416404	-1.52293918718264e-11
9.747979371710954	-1.52247916265689e-11
9.775555352005505	-1.522020784073084e-11
9.803131332300055	-1.521562512133417e-11
9.830707312594605	-1.521096451684873e-11
9.858283292889155	-1.520737609757349e-11
9.885859273183705	-1.520230960144154e-11
9.913435253478255	-1.519766271968768e-11
9.941011233772805	-1.519317935507139e-11
9.968587214067355	-1.518869875967374e-11
9.996163194361905	-1.51842183540918e-11
10.02373917465646	-1.517973567629129e-11
10.05131515495101	-1.517524837577419e-11
10.07889113524556	-1.517075420797208e-11
10.10646711554011	-1.516625102879419e-11
10.13404309583466	-1.516173678925484e-11
10.16161907612921	-1.51572095300977e-11
10.18919505642376	-1.515267445824546e-11
10.21677103671831	-1.51481151031151e-11
10.24434701701286	-1.514353669817317e-11
10.27192299730741	-1.5138937606889e-11
10.29949897760196	-1.513431628223527e-11
10.32707495789651	-1.512967126305974e-11
10.35465093819106	-1.51250011706174e-11
10.38222691848561	-1.512030470523981e-11
10.40980289878016	-1.511558064312011e-11
10.43737887907471	-1.511082783319325e-11
10.46495485936926	-1.510604887824652e-11
10.49253083966381	-1.510123504779248e-11
10.52010681995836	-1.509638911996993e-11
10.54768280025291	-1.509151023961636e-11
10.57525878054746	-1.508659762334086e-11
10.60283476084201	-1.508165055653666e-11
10.63041074113656	-1.507666839052074e-11
10.65798672143111	-1.507165053978801e-11
10.68556270172566	-1.506659647936915e-11
10.71313868202021	-1.506150574228216e-11
10.74071466231476	-1.505638333777455e-11
10.76829064260931	-1.505121748676098e-11
10.79586662290386	-1.504601346292629e-11
10.82344260319841	-1.504077107509628e-11
10.85101858349296	-1.503549019497507e-11
10.87859456378751	-1.503017075350807e-11
10.90617054408206	-1.502481273747966e-11
10.93374652437661	-1.501941618632295e-11
10.96132250467116	-1.501398118912122e-11
10.98889848496571	-1.500850788178317e-11
11.01647446526026	-1.500300106172404e-11
11.04405044555481	-1.499745114099716e-11
11.07162642584936	-1.499186325194682e-11
11.09920240614391	-1.498623776543241e-11
11.12677838643846	-1.498057509485049e-11
11.15435436673301	-1.497487569217405e-11
11.18193034702756	-1.496914004440652e-11
11.20950632732211	-1.496336867039055e-11
11.23708230761666	-1.495756211792197e-11
11.26465828791121	-1.495172096112749e-11
11.29223426820576	-1.494584449410321e-11
11.31981024850031	-1.493993609061074e-11
11.34738622879486	-1.493399503803954e-11
11.37496220908941	-1.49280219762373e-11
11.40253818938396	-1.49220175577205e-11
11.43011416967851	-1.491598244647981e-11
11.45769014997306	-1.490991731684001e-11
11.48526613026761	-1.490382285237162e-11
11.51284211056216	-1.48976997448518e-11
11.54041809085671	-1.489154869327218e-11
11.56799407115126	-1.488536950768535e-11
11.59557005144581	-1.487916477680362e-11
11.62314603174036	-1.487293430553135e-11
11.65072201203491	-1.486667880300677e-11
11.67829799232946	-1.486039897788282e-11
11.70587397262401	-1.485409553774847e-11
11.73344995291856	-1.484776918858004e-11
11.76102593321311	-1.484142063422148e-11
11.78860191350766	-1.483505057589262e-11
11.81617789380221	-1.482865971172451e-11
11.84375387409676	-1.482224776386938e-11
11.87132985439131	-1.481581746674888e-11
11.89890583468586	-1.48093685128688e-11
11.92648181498041	-1.480290157255832e-11
11.95405779527496	-1.479641730769045e-11
11.98163377556951	-1.478991637161226e-11
12.00920975586406	-1.478339940908381e-11
12.03678573615861	-1.477686705622528e-11
12.06436171645316	-1.477031994047224e-11
12.09193769674771	-1.476375868053866e-11
12.11951367704226	-1.475718265580208e-11
12.14708965733681	-1.475059506752524e-11
12.17466563763136	-1.474399523071004e-11
12.20224161792591	-1.473738371192604e-11
12.22981759822046	-1.473076106568222e-11
12.25739357851501	-1.472412783489296e-11
12.28496955880956	-1.471748455129971e-11
12.31254553910411	-1.471083173585394e-11
12.34012151939866	-1.470416989906598e-11
12.36769749969321	-1.469749954132428e-11
12.39527347998776	-1.469081896010074e-11
12.42284946028231	-1.468413333357487e-11
12.45042544057686	-1.467744076237541e-11
12.47800142087141	-1.467074167052167e-11
12.50557740116597	-1.466403647281835e-11
12.53315338146052	-1.465732557555055e-11
12.56072936175507	-1.465060937703052e-11
12.58830534204962	-1.464388826803323e-11
12.61588132234417	-1.463716263214782e-11
12.64345730263872	-1.463043284606495e-11
12.67103328293327	-1.462370017943345e-11
12.69860926322782	-1.461696314426387e-11
12.72618524352237	-1.461022296751081e-11
12.75376122381692	-1.460347999716975e-11
12.78133720411147	-1.459673457691833e-11
12.80891318440602	-1.458998704658153e-11
12.83648916470057	-1.458323774286039e-11
12.86406514499512	-1.457648700052441e-11
12.89164112528967	-1.456973515446416e-11
12.91921710558422	-1.456298254344501e-11
12.94679308587877	-1.455623497024197e-11
12.97436906617332	-1.454948246567787e-11
13.00194504646787	-1.454272991730452e-11
13.02952102676242	-1.453597757647155e-11
13.05709700705697	-1.452922568722888e-11
13.08467298735152	-1.452247448621204e-11
13.11224896764607	-1.451572420251484e-11
13.13982494794062	-1.450897505754788e-11
13.16740092823517	-1.450222726488101e-11
13.19497690852972	-1.449548103006766e-11
13.22255288882427	-1.448873722762618e-11
13.25012886911882	-1.44819946447009e-11
13.27770484941337	-1.447525412422002e-11
13.30528082970792	-1.446851583976108e-11
13.33285681000247	-1.446177995909628e-11
13.36043279029702	-1.445504664422227e-11
13.38800877059157	-1.44483160513888e-11
13.41558475088612	-1.444158833112611e-11
13.44316073118067	-1.443486362827077e-11
13.47073671147522	-1.442814208199011e-11
13.49831269176977	-1.442142415691133e-11
13.52588867206432	-1.441470928705543e-11
13.55346465235887	-1.440799793128399e-11
13.58104063265342	-1.440129020843424e-11
13.60861661294797	-1.43945862332097e-11
13.63619259324252	-1.438788611622294e-11
13.66376857353707	-1.438118996404829e-11
13.69134455383162	-1.437449787927807e-11
13.71892053412617	-1.436780996058028e-11
13.74649651442072	-1.436112630275644e-11
13.77407249471527	-1.435444715181814e-11
13.80164847500982	-1.434777227150871e-11
13.82922445530437	-1.434110190067768e-11
13.85680043559892	-1.433443612041933e-11
13.88437641589347	-1.43277750088636e-11
13.91195239618802	-1.432111864121419e-11
13.93952837648257	-1.431446708976409e-11
13.96710435677712	-1.430782042385563e-11
13.99468033707167	-1.430117870967788e-11
14.02225631736622	-1.429454200946061e-11
14.04983229766077	-1.428791050972664e-11
14.07740827795532	-1.428128403540793e-11
14.10498425824987	-1.42746627507746e-11
14.13256023854442	-1.426804671059664e-11
14.16013621883897	-1.426143596753406e-11
14.18771219913352	-1.425483057218386e-11
14.21528817942807	-1.424823057312607e-11
14.24286415972262	-1.424163601696894e-11
14.27044014001717	-1.42350469483932e-11
14.29801612031172	-1.422846341019562e-11
14.32559210060627	-1.422188546971889e-11
14.35316808090082	-1.421531311089815e-11
14.38074406119537	-1.420874639776831e-11
14.40832004148992	-1.42021853662595e-11
14.43589602178447	-1.41956300507308e-11
14.46347200207902	-1.418908048400672e-11
14.49104798237357	-1.418253669741321e-11
14.51862396266812	-1.417599872081278e-11
14.54619994296267	-1.416946658263901e-11
14.57377592325722	-1.416294030993041e-11
14.60135190355177	-1.415641992867069e-11
14.62892788384632	-1.414990546232312e-11
14.65650386414087	-1.414339693455159e-11
14.68407984443542	-1.413689436722692e-11
14.71165582472997	-1.413039778099788e-11
14.73923180502452	-1.412390719531953e-11
14.76680778531907	-1.411742262848043e-11
14.79438376561362	-1.411094409762758e-11
14.82195974590817	-1.410447161878799e-11
14.84953572620272	-1.409800520688343e-11
14.87711170649727	-1.409154508776039e-11
14.90468768679182	-1.408509004535115e-11
14.93226366708637	-1.407864236355503e-11
14.95983964738092	-1.407220040808964e-11
14.98741562767547	-1.406576454552839e-11
15.01499160797002	-1.405933480886289e-11
15.04256758826457	-1.405291121209687e-11
15.07014356855912	-1.404649376465306e-11
15.09771954885368	-1.404008247393677e-11
15.12529552914823	-1.403367734605903e-11
15.15287150944278	-1.402727838103628e-11
15.18044748973733	-1.402088559468599e-11
15.20802347003188	-1.401449898367444e-11
15.23559945032643	-1.400811855045377e-11
15.26317543062098	-1.400174429677177e-11
15.29075141091553	-1.399537622368965e-11
15.31832739121008	-1.398901433159945e-11
15.34590337150463	-1.398265862024114e-11
15.37347935179918	-1.397630908871955e-11
15.40105533209373	-1.396996573552086e-11
15.42863131238828	-1.396362856649977e-11
15.45620729268283	-1.395729756228409e-11
15.48378327297738	-1.395097272763079e-11
15.51135925327193	-1.394465405878496e-11
15.53893523356648	-1.393834155148479e-11
15.56651121386103	-1.393203520097571e-11
15.59408719415558	-1.392573500202422e-11
15.62166317445013	-1.391944094893138e-11
15.64923915474468	-1.391315303554596e-11
15.67681513503923	-1.390687125527734e-11
15.70439111533378	-1.390059560862702e-11
15.73196709562833	-1.389432607198551e-11
15.75954307592288	-1.388806264564949e-11
15.78711905621743	-1.388180532163135e-11
15.81469503651198	-1.387555409164181e-11
15.84227101680653	-1.386930894711759e-11
15.86984699710108	-1.386306987926606e-11
15.89742297739563	-1.38568368791502e-11
15.92499895769018	-1.385060993788335e-11
15.95257493798473	-1.384438904718267e-11
15.98015091827928	-1.383817396669065e-11
16.00772689857383	-1.383196523129113e-11
16.03530287886838	-1.38257624399013e-11
16.06287885916293	-1.381956563812222e-11
16.09045483945748	-1.381337482442946e-11
16.11803081975203	-1.380718999063857e-11
16.14560680004658	-1.380101112667879e-11
16.17318278034113	-1.379483822170054e-11
16.20075876063568	-1.378867126443228e-11
16.22833474093023	-1.378251024332274e-11
16.25591072122478	-1.377635513355439e-11
16.28348670151933	-1.37702059474534e-11
16.31106268181388	-1.376406266203592e-11
16.33863866210843	-1.375792526593308e-11
16.36621464240298	-1.375179375059175e-11
16.39379062269753	-1.374566823545758e-11
16.42136660299208	-1.373954824399584e-11
16.44894258328663	-1.373343428479822e-11
16.47651856358118	-1.37273261438478e-11
16.50409454387573	-1.372122381456825e-11
16.53167052417028	-1.37151273231858e-11
16.55924650446483	-1.370903657735535e-11
16.58682248475938	-1.370295160516124e-11
16.61439846505393	-1.369687239342929e-11
16.64197444534848	-1.369079892839043e-11
16.66955042564303	-1.368473119445251e-11
16.69712640593758	-1.367866916770618e-11
16.72470238623213	-1.36726127125108e-11
16.75227836652668	-1.366656251602232e-11
16.77985434682123	-1.366051751345995e-11
16.80743032711578	-1.365447817766707e-11
16.83500630741033	-1.364844459171695e-11
16.86258228770488	-1.364241660484375e-11
16.89015826799943	-1.363639460972766e-11
16.91773424829398	-1.363037780607367e-11
16.94531022858853	-1.362436672961009e-11
16.97288620888308	-1.361836126323764e-11
17.00046218917763	-1.36123613859634e-11
17.02803816947218	-1.360636708326959e-11
17.05561414976673	-1.36003783420587e-11
17.08319013006128	-1.359439517906863e-11
17.11076611035583	-1.358841752103587e-11
17.13834209065038	-1.358244538540121e-11
17.16591807094493	-1.357647875953965e-11
17.19349405123948	-1.357051763020612e-11
17.22107003153403	-1.356456198205698e-11
17.24864601182858	-1.355861178942472e-11
17.27622199212313	-1.355266685151886e-11
17.30379797241768	-1.35467280715692e-11
17.33137395271223	-1.354079418058811e-11
17.35894993300678	-1.353486576443721e-11
17.38652591330133	-1.352894280482905e-11
17.41410189359588	-1.35230252509181e-11
17.44167787389043	-1.351711309119088e-11
17.46925385418498	-1.351120631426954e-11
17.49682983447953	-1.350530490888035e-11
17.52440581477408	-1.349940886383974e-11
17.55198179506863	-1.349351816804731e-11
17.57955777536318	-1.348763281048214e-11
17.60713375565773	-1.348175278020055e-11
17.63470973595228	-1.347587806893051e-11
17.66228571624683	-1.34700086602964e-11
17.68986169654139	-1.346414454642447e-11
17.71743767683594	-1.345828571671355e-11
17.74501365713049	-1.345243216063435e-11
17.77258963742504	-1.34465838677295e-11
17.80016561771959	-1.34407408276135e-11
17.82774159801414	-1.343490302997264e-11
17.85531757830869	-1.342907046456488e-11
17.88289355860324	-1.342324312121972e-11
17.91046953889779	-1.341742099094048e-11
17.93804551919234	-1.34116040614381e-11
17.96562149948689	-1.340579232380926e-11
17.99319747978144	-1.339998576816215e-11
18.02077346007599	-1.339418438467866e-11
18.04834944037054	-1.338838816361509e-11
18.07592542066509	-1.338259709530335e-11
18.10350140095964	-1.337681117015292e-11
18.13107738125419	-1.33710303786542e-11
18.15865336154874	-1.336525471138395e-11
18.18622934184329	-1.335948413236976e-11
18.21380532213784	-1.335371867133323e-11
18.24138130243239	-1.334795828425668e-11
18.26895728272694	-1.334220388242754e-11
18.29653326302149	-1.333645293905243e-11
18.32410924331604	-1.3330707790202e-11
18.35168522361059	-1.332496771735293e-11
18.37926120390514	-1.331923269917502e-11
18.40683718419969	-1.331350272415231e-11
18.43441316449424	-1.330777778255109e-11
18.46198914478879	-1.330205787713018e-11
18.48956512508334	-1.329634297253205e-11
18.51714110537789	-1.329063307434867e-11
18.54471708567244	-1.328492817406798e-11
18.57229306596699	-1.327922826323116e-11
18.59986904626154	-1.327353333343243e-11
18.62744502655609	-1.326784337631882e-11
18.65502100685064	-1.326215838358994e-11
18.68259698714519	-1.325647834699774e-11
18.71017296743974	-1.325080325834625e-11
18.73774894773429	-1.32451331338253e-11
18.76532492802884	-1.323946792645387e-11
18.79290090832339	-1.323380765779742e-11
18.82047688861794	-1.32281518957126e-11
18.84805286891249	-1.322250173954356e-11
18.87562884920704	-1.321685618705921e-11
18.90320482950159	-1.321121551583338e-11
18.93078080979614	-1.320557972546905e-11
18.95835679009069	-1.319994880975777e-11
18.98593277038524	-1.319432276147591e-11
19.01350875067979	-1.318870157236961e-11
19.04108473097434	-1.3183085236415e-11
19.06866071126889	-1.317747374535737e-11
19.09623669156344	-1.317186709163064e-11
19.12381267185799	-1.316626526769582e-11
19.15138865215254	-1.316066826604701e-11
19.17896463244709	-1.315507607921459e-11
19.20654061274164	-1.31494886997668e-11
19.23411659303619	-1.314390612031079e-11
19.26169257333074	-1.313832833349301e-11
19.28926855362529	-1.313275533228307e-11
19.31684453391984	-1.312718710877197e-11
19.34442051421439	-1.312162365607291e-11
19.37199649450894	-1.311606496699909e-11
19.39957247480349	-1.311051103440082e-11
19.42714845509804	-1.310496185116558e-11
19.45472443539259	-1.309941741021797e-11
19.48230041568714	-1.309387770451972e-11
19.50987639598169	-1.308834272706974e-11
19.53745237627624	-1.308281247090413e-11
19.56502835657079	-1.307728692965709e-11
19.59260433686534	-1.307176609538649e-11
19.62018031715989	-1.306624996165391e-11
19.64775629745444	-1.306073852160807e-11
19.67533227774899	-1.305523176843197e-11
19.70290825804354	-1.304972969534455e-11
19.73048423833809	-1.304423229560315e-11
19.75806021863264	-1.303873956250768e-11
19.78563619892719	-1.303325148940799e-11
19.81321217922174	-1.30277680697173e-11
19.84078815951629	-1.302228931994387e-11
19.86836413981084	-1.301681518938829e-11
19.89594012010539	-1.301134569140866e-11
19.92351610039994	-1.300588081932264e-11
19.95109208069449	-1.300042056648209e-11
19.97866806098904	-1.299496492627236e-11
20.00624404128359	-1.298951389211176e-11
20.03382002157814	-1.298406745745088e-11
20.06139600187269	-1.297862561577216e-11
20.08897198216724	-1.297318836058938e-11
20.11654796246179	-1.296775567810759e-11
20.14412394275634	-1.296232757679976e-11
20.17169992305089	-1.295690404342828e-11
20.19927590334544	-1.295148507173097e-11
20.22685188363999	-1.294607065549203e-11
20.25442786393454	-1.29406607885583e-11
20.2820038442291	-1.293525546487127e-11
20.30957982452365	-1.292985467853559e-11
20.3371558048182	-1.292445842398491e-11
20.36473178511275	-1.291906669645457e-11
20.3923077654073	-1.291367941745489e-11
20.41988374570185	-1.290829670644215e-11
20.4474597259964	-1.290291850204625e-11
20.47503570629095	-1.289754479823752e-11
20.5026116865855	-1.289217558899668e-11
20.53018766688005	-1.288681086831645e-11
20.5577636471746	-1.288145063020298e-11
20.58533962746915	-1.287609486867683e-11
20.6129156077637	-1.287074357777391e-11
20.64049158805825	-1.286539675154614e-11
20.6680675683528	-1.28600543861938e-11
20.69564354864735	-1.285471647148523e-11
20.7232195289419	-1.284938300350133e-11
20.75079550923645	-1.284405397632671e-11
20.778371489531	-1.28387293840561e-11
20.80594746982555	-1.283340922078932e-11
20.8335234501201	-1.282809348062174e-11
20.86109943041465	-1.282278215762391e-11
20.8886754107092	-1.281747524579363e-11
20.91625139100375	-1.281217273892329e-11
20.9438273712983	-1.280687465244963e-11
20.97140335159285	-1.280158094470081e-11
20.9989793318874	-1.279629162542421e-11
21.02655531218195	-1.279100668882897e-11
21.0541312924765	-1.278572612913874e-11
21.08170727277105	-1.27804499405917e-11
21.1092832530656	-1.277517811744056e-11
21.13685923336015	-1.276991065395256e-11
21.1644352136547	-1.276464754440943e-11
21.19201119394925	-1.275938878310746e-11
21.2195871742438	-1.275413435899136e-11
21.24716315453835	-1.274888427719041e-11
21.2747391348329	-1.274363852715317e-11
21.30231511512745	-1.273839710333928e-11
21.329891095422	-1.273316000023919e-11
21.35746707571655	-1.272792721238514e-11
21.3850430560111	-1.272269873437224e-11
21.41261903630565	-1.27174745609018e-11
21.4401950166002	-1.271225468688073e-11
21.46777099689475	-1.270703910768467e-11
21.4953469771893	-1.270182775673533e-11
21.52292295748385	-1.269662073545183e-11
21.5504989377784	-1.269141799141795e-11
21.57807491807295	-1.268621951931504e-11
21.6056508983675	-1.268102531382646e-11
21.63322687866205	-1.267583536963871e-11
21.6608028589566	-1.267064968144241e-11
21.68837883925115	-1.266546824393316e-11
21.7159548195457	-1.266029105181233e-11
21.74353079984025	-1.265511809978774e-11
21.7711067801348	-1.26499493912173e-11
21.79868276042935	-1.264478490370304e-11
21.8262587407239	-1.263962463960821e-11
21.85383472101845	-1.263446859335499e-11
21.881410701313	-1.262931675913907e-11
21.90898668160755	-1.262416913057561e-11
21.9365626619021	-1.261902569944659e-11
21.96413864219665	-1.261388644893296e-11
21.9917146224912	-1.260875123498601e-11
22.01929060278575	-1.260362078509637e-11
22.0468665830803	-1.259849397855435e-11
22.07444256337485	-1.259337149763381e-11
22.1020185436694	-1.258825318778402e-11
22.12959452396395	-1.258313904370682e-11
22.1571705042585	-1.257802906011789e-11
22.18474648455305	-1.257292323174666e-11
22.2123224648476	-1.256782155333621e-11
22.23989844514215	-1.256272401964322e-11
22.2674744254367	-1.255763062543793e-11
22.29505040573125	-1.255254136550403e-11
22.3226263860258	-1.254745623567593e-11
22.35020236632035	-1.254237522856014e-11
22.3777783466149	-1.253729834007495e-11
22.40535432690945	-1.253222556507396e-11
22.432930307204	-1.252715689842569e-11
22.46050628749855	-1.252209233501309e-11
22.4880822677931	-1.251703186973313e-11
22.51565824808765	-1.251197549749636e-11
22.5432342283822	-1.25069232132266e-11
22.57081020867675	-1.250187501186067e-11
22.5983861889713	-1.24968308859954e-11
22.62596216926585	-1.249179083542413e-11
22.6535381495604	-1.248675485286278e-11
22.68111412985495	-1.248172293330801e-11
22.7086901101495	-1.247669507176305e-11
22.73626609044405	-1.247167126323645e-11
22.7638420707386	-1.246665150274014e-11
22.79141805103315	-1.246163578528615e-11
22.8189940313277	-1.245662410588105e-11
22.84657001162225	-1.245161645951575e-11
22.87414599191681	-1.244661281648783e-11
22.90172197221136	-1.244161322106447e-11
22.92929795250591	-1.243661764502892e-11
22.95687393280046	-1.243162608344584e-11
22.98444991309501	-1.242663853139707e-11
23.01202589338956	-1.242165498397925e-11
23.03960187368411	-1.241667543630223e-11
23.06717785397866	-1.241169988348801e-11
23.09475383427321	-1.240672832066995e-11
23.12232981456776	-1.240176074299231e-11
23.14990579486231	-1.239679714473464e-11
23.17748177515686	-1.239183752290056e-11
23.20505775545141	-1.23868818717702e-11
23.23263373574596	-1.238193018651994e-11
23.26020971604051	-1.237698246233333e-11
23.28778569633506	-1.237203869440098e-11
23.31536167662961	-1.23670988779202e-11
23.34293765692416	-1.236216300809479e-11
23.37051363721871	-1.235723108013459e-11
23.39808961751326	-1.235230308925504e-11
23.42566559780781	-1.234737903243742e-11
23.45324157810236	-1.234245890130599e-11
23.48081755839691	-1.233754269275447e-11
23.50839353869146	-1.233263040200269e-11
23.53596951898601	-1.232772202427837e-11
23.56354549928056	-1.232281755481721e-11
23.59112147957511	-1.231791698886286e-11
23.61869745986966	-1.231302032166696e-11
23.64627344016421	-1.230812754848924e-11
23.67384942045876	-1.230323866459742e-11
23.70142540075331	-1.229835366570364e-11
23.72900138104786	-1.229347254617675e-11
23.75657736134241	-1.228859530175212e-11
23.78415334163696	-1.22837219277346e-11
23.81172932193151	-1.227885241943887e-11
23.83930530222606	-1.227398677218936e-11
23.86688128252061	-1.226912498132022e-11
23.89445726281516	-1.226426704217529e-11
23.92203324310971	-1.225941295010804e-11
23.94960922340426	-1.22545627004815e-11
23.97718520369881	-1.224971628567385e-11
24.00476118399336	-1.224487370714821e-11
24.03233716428791	-1.224003495750574e-11
24.05991314458246	-1.223520003218517e-11
24.08748912487701	-1.223036892663442e-11
24.11506510517156	-1.222554163631134e-11
24.14264108546611	-1.222071815668538e-11
24.17021706576066	-1.221589848324026e-11
24.19779304605521	-1.221108261147943e-11
24.22536902634976	-1.220627053693812e-11
24.25294500664431	-1.220146222962886e-11
24.28052098693886	-1.219665773132555e-11
24.30809696723341	-1.219185701697207e-11
24.33567294752796	-1.218706008218251e-11
24.36324892782251	-1.218226692257593e-11
24.39082490811706	-1.21774775337764e-11
24.41840088841161	-1.217269191141314e-11
24.44597686870616	-1.216791005112059e-11
24.47355284900071	-1.216313194853843e-11
24.50112882929526	-1.21583575993117e-11
24.52870480958981	-1.215358698802951e-11
24.55628078988436	-1.214882013470899e-11
24.58385677017891	-1.214405702195148e-11
24.61143275047346	-1.213929764527901e-11
24.63900873076801	-1.213454200024159e-11
24.66658471106256	-1.212979008240877e-11
24.69416069135711	-1.212504188736499e-11
24.72173667165166	-1.212029741070691e-11
24.74931265194621	-1.211555664804184e-11
24.77688863224076	-1.211081959498663e-11
24.80446461253531	-1.210608624586438e-11
24.83204059282986	-1.210135659909294e-11
24.85961657312441	-1.209663064891544e-11
24.88719255341896	-1.209190839096141e-11
24.91476853371351	-1.208718982086747e-11
24.94234451400806	-1.208247493427735e-11
24.96992049430261	-1.207776372684193e-11
24.99749647459716	-1.207305619421925e-11
25.02507245489171	-1.206835233207451e-11
25.05264843518626	-1.20636521360801e-11
25.08022441548081	-1.205895560114716e-11
25.10780039577536	-1.205426272455195e-11
25.13537637606991	-1.204957350123782e-11
25.16295235636446	-1.204488792690415e-11
25.19052833665901	-1.204020599725392e-11
25.21810431695356	-1.203552770799318e-11
25.24568029724811	-1.203085305483055e-11
25.27325627754266	-1.202618203347639e-11
25.30083225783721	-1.202151463964202e-11
25.32840823813176	-1.201685086903854e-11
25.35598421842631	-1.201219072429707e-11
25.38356019872086	-1.200753418676373e-11
25.41113617901541	-1.200288125896816e-11
25.43871215930996	-1.19982319366247e-11
25.46628813960452	-1.199358621546176e-11
25.49386411989907	-1.198894409122108e-11
25.52144010019362	-1.198430555965695e-11
25.54901608048817	-1.197967061653567e-11
25.57659206078272	-1.197503925763493e-11
25.60416804107727	-1.197041147874343e-11
25.63174402137182	-1.196578726190976e-11
25.65932000166637	-1.196116662585457e-11
25.68689598196092	-1.195654955127992e-11
25.71447196225547	-1.195193428280427e-11
25.74204794255002	-1.194732614444658e-11
25.76962392284457	-1.194271974761402e-11
25.79719990313912	-1.193811690825613e-11
25.82477588343367	-1.193351761746264e-11
25.85235186372822	-1.192892187017508e-11
25.87992784402277	-1.192432966197687e-11
25.90750382431732	-1.1919740994039e-11
25.93507980461187	-1.191515585040121e-11
25.96265578490642	-1.191057423319225e-11
25.99023176520097	-1.19059961383738e-11
26.01780774549552	-1.190142156191751e-11
26.04538372579007	-1.189685049980559e-11
26.07295970608462	-1.189228294803153e-11
26.10053568637917	-1.188771890260091e-11
26.12811166667372	-1.18831583595324e-11
26.15568764696827	-1.187860131485893e-11
26.18326362726282	-1.187404775383554e-11
26.21083960755737	-1.186949769528907e-11
26.23841558785192	-1.186495112413494e-11
26.26599156814647	-1.1860408036372e-11
26.29356754844102	-1.185586842800205e-11
26.32114352873557	-1.185133229503065e-11
26.34871950903012	-1.184679963346762e-11
26.37629548932467	-1.184227043932747e-11
26.40387146961922	-1.183774470862975e-11
26.43144744991377	-1.183322243739928e-11
26.45902343020832	-1.182870362239848e-11
26.48659941050287	-1.182418825814776e-11
26.51417539079742	-1.181967634140764e-11
26.54175137109197	-1.181516786822593e-11
26.56932735138652	-1.181066283465813e-11
26.59690333168107	-1.180616123676766e-11
26.62447931197562	-1.180166307062625e-11
26.65205529227017	-1.179716833231474e-11
26.67963127256472	-1.179267701792425e-11
26.70720725285927	-1.178818912355851e-11
26.73478323315382	-1.178370464788048e-11
26.76235921344837	-1.177922358234387e-11
26.78993519374292	-1.17747459250804e-11
26.81751117403747	-1.177027167217316e-11
26.84508715433202	-1.176580081970783e-11
26.87266313462657	-1.176133336377272e-11
26.90023911492112	-1.175686930045871e-11
26.92781509521567	-1.175240862585925e-11
26.95539107551022	-1.174795133607039e-11
26.98296705580477	-1.17434974271907e-11
27.01054303609932	-1.173904689908466e-11
27.03811901639387	-1.173459973984201e-11
27.06569499668842	-1.173015594957461e-11
27.09327097698297	-1.172571552444344e-11
27.12084695727752	-1.172127846061629e-11
27.14842293757207	-1.171684475426811e-11
27.17599891786662	-1.171241440158124e-11
27.20357489816117	-1.170798739874551e-11
27.23115087845572	-1.17035637419584e-11
27.25872685875027	-1.169914342742504e-11
27.28630283904482	-1.169472645077971e-11
27.31387881933937	-1.16903128094542e-11
27.34145479963392	-1.168590249909297e-11
27.36903077992847	-1.168149551592619e-11
27.39660676022302	-1.16770918561892e-11
27.42418274051757	-1.16726915161226e-11
27.45175872081212	-1.166829449197241e-11
27.47933470110667	-1.166390077999024e-11
27.50691068140122	-1.165951037643359e-11
27.53448666169577	-1.165512327756626e-11
27.56206264199032	-1.16507394809422e-11
27.58963862228487	-1.164635898030511e-11
27.61721460257942	-1.164198177305615e-11
27.64479058287397	-1.163760785545027e-11
27.67236656316852	-1.16332372237457e-11
27.69994254346307	-1.162886987420393e-11
27.72751852375762	-1.162450580308966e-11
27.75509450405217	-1.162014500667075e-11
27.78267048434672	-1.161578748121818e-11
27.81024646464127	-1.161143322300601e-11
27.83782244493582	-1.160708222723993e-11
27.86539842523037	-1.160273449223591e-11
27.89297440552492	-1.159839001344738e-11
27.92055038581947	-1.15940487872274e-11
27.94812636611402	-1.15897108099495e-11
27.97570234640857	-1.15853760780158e-11
28.00327832670312	-1.158104458787335e-11
28.03085430699767	-1.15767163360496e-11
28.05843028729223	-1.157239131924032e-11
28.08600626758678	-1.156806953456886e-11
28.11358224788133	-1.156375094487392e-11
28.14115822817588	-1.155943560443522e-11
28.16873420847043	-1.155512348428596e-11
28.19631018876498	-1.155081458086808e-11
28.22388616905953	-1.154650889062099e-11
28.25146214935408	-1.15422064099823e-11
28.27903812964863	-1.153790713538838e-11
28.30661410994318	-1.153361106327493e-11
28.33419009023773	-1.152931819007738e-11
28.36176607053228	-1.152502851223131e-11
28.38934205082683	-1.152074202205914e-11
28.41691803112138	-1.151645872516253e-11
28.44449401141593	-1.151217861292041e-11
28.47206999171048	-1.150790168176804e-11
28.49964597200503	-1.150362792813172e-11
28.52722195229958	-1.149935734843292e-11
28.55479793259413	-1.149508993909006e-11
28.58237391288868	-1.149082569651951e-11
28.60994989318323	-1.14865646171361e-11
28.63752587347778	-1.148230669735344e-11
28.66510185377233	-1.147805194270503e-11
28.69267783406688	-1.147380033053433e-11
28.72025381436143	-1.146955186643129e-11
28.74782979465598	-1.146530654689096e-11
28.77540577495053	-1.146106436844667e-11
28.80298175524508	-1.145682532766929e-11
28.83055773553963	-1.145258942116654e-11
28.85813371583418	-1.144835664558221e-11
28.88570969612873	-1.144412699759551e-11
28.91328567642328	-1.143990047392043e-11
28.94086165671783	-1.143567705897302e-11
28.96843763701238	-1.143145677532428e-11
28.99601361730693	-1.142723960736424e-11
29.02358959760148	-1.142302555182631e-11
29.05116557789603	-1.141881460542406e-11
29.07874155819058	-1.141460676485128e-11
29.10631753848513	-1.141040202678193e-11
29.13389351877968	-1.140620038787022e-11
29.16146949907423	-1.140200184475048e-11
29.18904547936878	-1.139780639403715e-11
29.21662145966333	-1.139361403649224e-11
29.24419743995788	-1.138942476004786e-11
29.27177342025243	-1.138523856536107e-11
29.29934940054698	-1.138105544897822e-11
29.32692538084153	-1.137687540743975e-11
29.35450136113608	-1.137269843728031e-11
29.38207734143063	-1.136852453502876e-11
29.40965332172518	-1.13643536972083e-11
29.43722930201973	-1.136018592033652e-11
29.46480528231428	-1.135602120092545e-11
29.49238126260883	-1.135185954137649e-11
29.51995724290338	-1.134770092585274e-11
29.54753322319793	-1.134354535680385e-11
29.57510920349248	-1.133939283077657e-11
29.60268518378703	-1.133524334433629e-11
29.63026116408158	-1.133109689406673e-11
29.65783714437613	-1.13269534765696e-11
29.68541312467068	-1.132281308846431e-11
29.71298910496523	-1.131867572638774e-11
29.74056508525978	-1.131454138699395e-11
29.76814106555433	-1.131041006401896e-11
29.79571704584888	-1.130628176028497e-11
29.82329302614343	-1.130215646954343e-11
29.85086900643798	-1.129803418848911e-11
29.87844498673253	-1.129391491382075e-11
29.90602096702708	-1.128979864224082e-11
29.93359694732163	-1.128568537045524e-11
29.96117292761618	-1.128157509517317e-11
29.98874890791073	-1.127746781310655e-11
30.01632488820528	-1.127336352096958e-11
30.04390086849983	-1.126926221942823e-11
30.07147684879438	-1.12651638971079e-11
30.09905282908893	-1.126106855448635e-11
30.12662880938348	-1.125697618825597e-11
30.15420478967803	-1.125288679511658e-11
30.18178076997258	-1.124880037177524e-11
30.20935675026713	-1.124471691494622e-11
30.23693273056168	-1.124063642135071e-11
30.26450871085623	-1.123655888771686e-11
30.29208469115078	-1.123248431077952e-11
30.31966067144533	-1.122841268367414e-11
30.34723665173988	-1.122434401042166e-11
30.37481263203443	-1.122027828447114e-11
30.40238861232898	-1.121621550265189e-11
30.42996459262353	-1.121215566181436e-11
30.45754057291808	-1.120809875884211e-11
30.48511655321263	-1.120404479067591e-11
30.51269253350718	-1.119999375436747e-11
30.54026851380173	-1.119594564721568e-11
30.56784449409628	-1.119190046718504e-11
30.59542047439083	-1.118785817118729e-11
30.62299645468539	-1.118381882247797e-11
30.65057243497994	-1.117978238938377e-11
30.67814841527449	-1.117574886883243e-11
30.70572439556904	-1.117171825775479e-11
30.73330037586359	-1.116769055308477e-11
30.76087635615814	-1.116366575175944e-11
30.78845233645269	-1.1159643850719e-11
30.81602831674724	-1.115562484690686e-11
30.84360429704179	-1.115160873726963e-11
30.87118027733634	-1.114759550738581e-11
30.89875625763089	-1.114358517946388e-11
30.92633223792544	-1.113957773666543e-11
30.95390821821999	-1.11355731758481e-11
30.98148419851454	-1.113157149388529e-11
31.00906017880909	-1.112757268766101e-11
31.03663615910364	-1.112357675406738e-11
31.06421213939819	-1.111958369000324e-11
31.09178811969274	-1.11155934923733e-11
31.11936409998729	-1.111160615808773e-11
31.14694008028184	-1.110762168340883e-11
31.17451606057639	-1.110364006667257e-11
31.20209204087094	-1.109966130407133e-11
31.22966802116549	-1.109568539252244e-11
31.25724400146004	-1.109171232894917e-11
31.28481998175459	-1.108774211028051e-11
31.31239596204914	-1.108377473345102e-11
31.33997194234369	-1.107981019540061e-11
31.36754792263824	-1.10758484930745e-11
31.39512390293279	-1.107188962342301e-11
31.42269988322734	-1.106793358754408e-11
31.45027586352189	-1.106398037208647e-11
31.47785184381644	-1.106002998126562e-11
31.50542782411099	-1.105608241132617e-11
31.53300380440554	-1.105213765906143e-11
31.56057978470009	-1.104819572138556e-11
31.58815576499464	-1.10442565952544e-11
31.61573174528919	-1.104032027764315e-11
31.64330772558374	-1.103638676553829e-11
31.67088370587829	-1.103245605593426e-11
31.69845968617284	-1.102852814583182e-11
31.72603566646739	-1.102460303223726e-11
31.75361164676194	-1.102068071216189e-11
31.78118762705649	-1.101676118262186e-11
31.80876360735104	-1.101284444063793e-11
31.83633958764559	-1.100893048323539e-11
31.86391556794014	-1.100501930744397e-11
31.89149154823469	-1.100111091029786e-11
31.91906752852924	-1.099720528883558e-11
31.94664350882379	-1.099330244010003e-11
31.97421948911834	-1.098940236113845e-11
32.00179546941289	-1.098550504900239e-11
32.02937144970744	-1.098161050074773e-11
32.05694743000199	-1.097771871343463e-11
32.08452341029654	-1.097382968412758e-11
32.11209939059109	-1.096994340989531e-11
32.13967537088564	-1.096605988781089e-11
32.16725135118019	-1.096217911495163e-11
32.19482733147474	-1.095830108839912e-11
32.22240331176929	-1.095442580523923e-11
