0
1000	1776.86	100000000000000.1
5	0	0	1
5	0	0	0
7.494979834713454	4.260028145603119e-10
7.519733422974787	8.860739229909389e-10
7.544487011236121	1.352623893612111e-09
7.569240599497454	1.863714646099061e-09
7.593994187758788	2.426553712479806e-09
7.618747776020121	3.042229631006243e-09
7.643501364281454	3.709949438861367e-09
7.668254952542788	4.428320158324454e-09
7.693008540804121	5.195831845740268e-09
7.717762129065455	6.011055516624048e-09
7.742515717326788	6.872722734635769e-09
7.767269305588122	7.77975193391389e-09
7.792022893849455	8.731249738138311e-09
7.816776482110789	9.726502498322948e-09
7.841530070372122	1.076496205015812e-08
7.866283658633455	1.184623035936838e-08
7.891037246894789	1.297004451652208e-08
7.915790835156122	1.413626282565501e-08
7.940544423417456	1.534485214853094e-08
7.965298011678789	1.659587668586188e-08
7.990051599940123	1.788948808005127e-08
8.014805188201457	1.922591674208115e-08
8.03955877646279	2.060546423894865e-08
8.064312364724124	2.20284967281967e-08
8.089065952985457	2.349543918373628e-08
8.113819541246791	2.500677028064843e-08
8.138573129508124	2.656301812553171e-08
8.163326717769458	2.816475625927472e-08
8.188080306030791	2.981260033897656e-08
8.212833894292125	3.150720519281141e-08
8.237587482553458	3.324936829466583e-08
8.262341070814792	3.503988080402237e-08
8.287094659076125	3.687919838409526e-08
8.311848247337458	3.87681952826966e-08
8.336601835598792	4.07077962444188e-08
8.361355423860125	4.26986419706971e-08
8.386109012121459	4.474149375757169e-08
8.410862600382792	4.683758936310944e-08
8.435616188644126	4.898762984414223e-08
8.460369776905459	5.119252679395857e-08
8.485123365166793	5.345359549371821e-08
8.509876953428126	5.577159863597379e-08
8.534630541689459	5.814763117192575e-08
8.559384129950793	6.058260910063203e-08
8.584137718212126	6.307732750081467e-08
8.60889130647346	6.563366697672945e-08
8.633644894734793	6.825182226533012e-08
8.658398482996127	7.093376577093424e-08
8.68315207125746	7.368011696816994e-08
8.707905659518794	7.649259330576107e-08
8.732659247780127	7.937202206588191e-08
8.75741283604146	8.232004977757694e-08
8.782166424302794	8.533783878201915e-08
8.806920012564127	8.842691578816319e-08
8.831673600825461	9.158876434466213e-08
8.856427189086794	9.482470783608518e-08
8.881180777348128	9.813633065099164e-08
8.905934365609461	1.015252452223797e-07
8.930687953870795	1.049927122594571e-07
8.955441542132128	1.085409377541258e-07
8.980195130393462	1.121709999195894e-07
9.004948718654795	1.158850225385703e-07
9.029702306916128	1.196848003588409e-07
9.054455895177462	1.23572137045062e-07
9.079209483438795	1.27548544619554e-07
9.103963071700129	1.31616205913931e-07
9.128716659961462	1.357767248495966e-07
9.153470248222796	1.400329054278234e-07
9.178223836484129	1.443863152452838e-07
9.202977424745463	1.488385386992249e-07
9.227731013006796	1.533925588788251e-07
9.252484601268129	1.580502686542742e-07
9.277238189529463	1.628136043772272e-07
9.301991777790796	1.676857898544455e-07
9.32674536605213	1.726682551610379e-07
9.351498954313463	1.777639253840577e-07
9.376252542574797	1.829751950238422e-07
9.40100613083613	1.883044940985789e-07
9.425759719097464	1.937547319789918e-07
9.450513307358797	1.993280573427439e-07
9.47526689562013	2.050280670948655e-07
9.500020483881464	2.108566489712183e-07
9.524774072142797	2.168177217171382e-07
9.549527660404131	2.229130393128514e-07
9.574281248665464	2.291465277927879e-07
9.599034836926798	2.355208281809868e-07
9.623788425188131	2.420393440331827e-07
9.648542013449465	2.487049830646907e-07
9.673295601710798	2.555216743415439e-07
9.698049189972132	2.624924766786496e-07
9.722802778233465	2.696205598570356e-07
9.747556366494798	2.769101064309786e-07
9.772309954756132	2.843644634970467e-07
9.797063543017465	2.919870099370224e-07
9.821817131278799	2.997822074317482e-07
9.846570719540132	3.077536071486711e-07
9.871324307801466	3.159051718638257e-07
9.896077896062799	3.242415222238052e-07
9.920831484324133	3.327660534774624e-07
9.945585072585466	3.414838901930865e-07
9.970338660846799	3.503990903144801e-07
9.995092249108133	3.595157269845314e-07
10.01984583736947	3.688388048602683e-07
10.0445994256308	3.783736439090177e-07
10.06935301389213	3.881239164151817e-07
10.09410660215347	3.98095079268497e-07
10.1188601904148	4.082927629882105e-07
10.14361377867613	4.187212318862158e-07
10.16836736693747	4.293864381179328e-07
10.1931209551988	4.402933861590314e-07
10.21787454346013	4.514482961090361e-07
10.24262813172147	4.628562455045697e-07
10.2673817199828	4.745231508068481e-07
10.29213530824413	4.864551925663069e-07
10.31688889650547	4.986584965827894e-07
10.3416424847668	5.111388047148179e-07
10.36639607302813	5.239026769128685e-07
10.39114966128947	5.369564400715124e-07
10.4159032495508	5.50307974818435e-07
10.44065683781213	5.639628168993548e-07
10.46541042607347	5.779283735533187e-07
10.4901640143348	5.922070091849514e-07
10.51491760259614	6.068133245524764e-07
10.53967119085747	6.21755916727839e-07
10.5644247791188	6.370350551635909e-07
10.58917836738014	6.526648941095491e-07
10.61393195564147	6.686578393296784e-07
10.6386855439028	6.850157806260753e-07
10.66343913216414	7.017540395592138e-07
10.68819272042547	7.188736445502661e-07
10.7129463086868	7.363903426414682e-07
10.73769989694814	7.54312183497522e-07
10.76245348520947	7.726518761167973e-07
10.7872070734708	7.91427185874504e-07
10.81196066173214	8.106310263388725e-07
10.83671424999347	8.30298585961414e-07
10.8614678382548	8.504180901350353e-07
10.88622142651614	8.710255812384117e-07
10.91097501477747	8.921146546620771e-07
10.9357286030388	9.137051661423525e-07
10.96048219130014	9.358119345832161e-07
10.98523577956147	9.584443882209516e-07
11.0099893678228	9.816196428516363e-07
11.03474295608414	1.005351774193677e-06
11.05949654434547	1.029655003782236e-06
11.0842501326068	1.054537643910765e-06
11.10900372086814	1.080022096296688e-06
11.13375730912947	1.106119089034838e-06
11.1585108973908	1.132849490168396e-06
11.18326448565214	1.160222643081187e-06
11.20801807391347	1.188269891571787e-06
11.23277166217481	1.216989588836051e-06
11.25752525043614	1.246406706705327e-06
11.28227883869747	1.276533881990075e-06
11.30703242695881	1.307399047343217e-06
11.33178601522014	1.339017569247515e-06
11.35653960348147	1.371401680407328e-06
11.38129319174281	1.404583347271826e-06
11.40604678000414	1.438568154762818e-06
11.43080036826547	1.473390190503777e-06
11.45555395652681	1.50906882146397e-06
11.48030754478814	1.545602306635592e-06
11.50506113304947	1.583049884836486e-06
11.52981472131081	1.621401907055883e-06
11.55456830957214	1.660709125570748e-06
11.57932189783347	1.700967243904548e-06
11.60407548609481	1.742227179724397e-06
11.62882907435614	1.784505759373759e-06
11.65358266261747	1.827807713944576e-06
11.67833625087881	1.872183084980535e-06
11.70308983914014	1.917654769581671e-06
11.72784342740147	1.96424489745805e-06
11.75259701566281	2.011994596990031e-06
11.77735060392414	2.060899301390658e-06
11.80210419218547	2.111017355569895e-06
11.82685778044681	2.162373559762169e-06
11.85161136870814	2.215006942170447e-06
11.87636495696947	2.268931745527206e-06
11.90111854523081	2.324184446828926e-06
11.92587213349214	2.380814719559322e-06
11.95062572175348	2.438830176690877e-06
11.97537931001481	2.498300812016775e-06
12.00013289827614	2.559229725906093e-06
12.02488648653748	2.621657335608742e-06
12.04964007479881	2.685647122086665e-06
12.07439366306014	2.751216825651323e-06
12.09914725132148	2.818398058062929e-06
12.12390083958281	2.887258592786653e-06
12.14865442784414	2.957825434963646e-06
12.17340801610548	3.030124433379834e-06
12.19816160436681	3.104223118196351e-06
12.22291519262814	3.180166063554644e-06
12.24766878088948	3.257976005918417e-06
12.27242236915081	3.337716776857926e-06
12.29717595741214	3.419446857824661e-06
12.32192954567348	3.503197688201609e-06
12.34668313393481	3.589025396454261e-06
12.37143672219614	3.676975741714748e-06
12.39619031045748	3.767109841303615e-06
12.42094389871881	3.859489829229709e-06
12.44569748698014	3.954150432835398e-06
12.47045107524148	4.051179761391504e-06
12.49520466350281	4.15058105173831e-06
12.51995825176414	4.252467880626436e-06
12.54471184002548	4.356878695284607e-06
12.56946542828681	4.463874533714296e-06
12.59421901654814	4.573536657622512e-06
12.61897260480948	4.685921501173333e-06
12.64372619307081	4.801110618224231e-06
12.66847978133215	4.919104595358535e-06
12.69323336959348	5.040064771953152e-06
12.71798695785481	5.164026924799607e-06
12.74274054611615	5.291053809145704e-06
12.76749413437748	5.421239414170318e-06
12.79224772263881	5.554649153958512e-06
12.81700131090015	5.691378513282788e-06
12.84175489916148	5.831494772362412e-06
12.86650848742281	5.975081394104883e-06
12.89126207568415	6.122232072209908e-06
12.91601566394548	6.273041875900484e-06
12.94076925220681	6.427589025190009e-06
12.96552284046815	6.585975691435363e-06
12.99027642872948	6.748278121566806e-06
13.01503001699081	6.914615763830035e-06
13.03978360525215	7.085072695746595e-06
13.06453719351348	7.259770261973289e-06
13.08929078177481	7.438788729086239e-06
13.11404437003615	7.622255141173553e-06
13.13879795829748	7.810249214455067e-06
13.16355154655881	8.00293360802174e-06
13.18830513482015	8.200388885521942e-06
13.21305872308148	8.402723286260244e-06
13.23781231134281	8.610089605363654e-06
13.26256589960415	8.8225848335661e-06
13.28731948786548	9.040349457068873e-06
13.31207307612681	9.263516136534316e-06
13.33682666438815	9.492214555517238e-06
13.36158025264948	9.726436349635349e-06
13.38633384091082	9.966734300394606e-06
13.41108742917215	1.02128564989115e-05
13.43584101743348	1.046506955473009e-05
13.46059460569482	1.072353623028018e-05
13.48534819395615	1.098839237608871e-05
13.51010178221748	1.125981826492835e-05
13.53485537047882	1.153796746798758e-05
13.55960895874015	1.182300314228502e-05
13.58436254700148	1.211508567901953e-05
13.60911613526282	1.241439608443349e-05
13.63386972352415	1.27211223442504e-05
13.65862331178548	1.303544730641216e-05
13.68337690004682	1.335754985832504e-05
13.70813048830815	1.368762579227444e-05
13.73288407656948	1.40257187805062e-05
13.75763766483082	1.437246029233374e-05
13.78239125309215	1.472763071113673e-05
13.80714484135348	1.509160122304169e-05
13.83189842961482	1.546457628842745e-05
13.85665201787615	1.584677437046641e-05
13.88140560613748	1.623841666512069e-05
13.90615919439882	1.663974430849253e-05
13.93091278266015	1.705098931928295e-05
13.95566637092148	1.747241446714842e-05
13.98041995918282	1.790425417532929e-05
14.00517354744415	1.834678999598933e-05
14.02992713570548	1.880021209711979e-05
14.05468072396682	1.926486780676226e-05
14.07943431222815	1.974099828046774e-05
14.10418790048949	2.022888843048636e-05
14.12894148875082	2.072884752948728e-05
14.15369507701215	2.123945566881593e-05
14.17844866527349	2.176611309542419e-05
14.20320225353482	2.230404545509599e-05
14.22795584179615	2.285526317035623e-05
14.25270943005749	2.342009406454096e-05
14.27746301831882	2.399884790786304e-05
14.30221660658015	2.459192274749473e-05
14.32697019484149	2.519962660465952e-05
14.35172378310282	2.582234387991485e-05
14.37647737136415	2.646043344947065e-05
14.40123095962549	2.711427537353066e-05
14.42598454788682	2.778425682031682e-05
14.45073813614815	2.84707664677015e-05
14.47549172440949	2.91742089578683e-05
14.50024531267082	2.989503709351029e-05
14.52499890093215	3.063364643096495e-05
14.54975248919349	3.139048085085284e-05
14.57450607745482	3.216599157865642e-05
14.59925966571615	3.296064222916854e-05
14.62401325397749	3.377487131111222e-05
14.64876684223882	3.460919402359667e-05
14.67352043050015	3.546410256172875e-05
14.69827401876149	3.63401080710037e-05
14.72302760702282	3.723772088196724e-05
14.74778119528415	3.815746157645498e-05
14.77253478354549	3.909990849605756e-05
14.79728837180682	4.006558925079194e-05
14.82204196006816	4.10550744033484e-05
14.84679554832949	4.206895562502024e-05
14.87154913659082	4.310785167029597e-05
14.89630272485216	4.417235206255159e-05
14.92105631311349	4.526311271532958e-05
14.94580990137482	4.638076657813258e-05
14.97056348963616	4.7525977720085e-05
14.99531707789749	4.86994413815203e-05
15.02007066615882	4.990178542740667e-05
15.04482425442016	5.113379006652667e-05
15.06957784268149	5.239617766683062e-05
15.09433143094282	5.368967746055495e-05
15.11908501920416	5.501506509122354e-05
15.14383860746549	5.637311503728537e-05
15.16859219572682	5.776464586005949e-05
15.19334578398816	5.918850912154249e-05
15.21809937224949	6.065143723047913e-05
15.24285296051082	6.214841788499949e-05
15.26760654877216	6.368227164240715e-05
15.29236013703349	6.525394503871537e-05
15.31711372529482	6.686435193000782e-05
15.34186731355616	6.851444474823226e-05
15.36662090181749	7.020520262394923e-05
15.39137449007882	7.193761855780412e-05
15.41612807834016	7.371270298443588e-05
15.44088166660149	7.553157732451641e-05
15.46563525486282	7.739525587644368e-05
15.49038884312416	7.930485593231073e-05
15.51514243138549	8.126155743030646e-05
15.53989601964683	8.326633751700564e-05
15.56464960790816	8.532060720152332e-05
15.58940319616949	8.742549015723527e-05
15.61415678443083	8.958229104916067e-05
15.63891037269216	9.17920810867623e-05
15.66366396095349	9.405641914593279e-05
15.68841754921483	9.637653882997986e-05
15.71317113747616	9.875383271357182e-05
15.73792472573749	0.0001011896471567073
15.76267831399883	0.0001036855106823473
15.78743190226016	0.0001062428679808339
15.81218549052149	0.0001088632370224727
15.83693907878283	0.0001115481223468977
15.86169266704416	0.0001142991870948326
15.88644625530549	0.0001171180364325563
15.91119984356683	0.0001200063244709029
15.93595343182816	0.0001229658203101967
15.96070702008949	0.0001259980937604862
15.98546060835083	0.0001291051524140496
16.01021419661216	0.0001322887524054758
16.03496778487349	0.0001355507664654775
16.05972137313483	0.0001388931157023748
16.08447496139616	0.0001423178751254837
16.10922854965749	0.0001458269572606218
16.13398213791883	0.0001494225063796909
16.15873572618016	0.0001531066554820618
16.18348931444149	0.0001568814852044561
16.20824290270283	0.0001607493632143309
16.23299649096416	0.0001647125122520169
16.2577500792255	0.0001687733008082954
16.28250366748683	0.0001729343792262961
16.30725725574816	0.0001771974386340806
16.3320108440095	0.0001815657799401971
16.35676443227083	0.0001860417360493611
16.38151802053216	0.0001906279765095611
16.4062716087935	0.0001953270456484466
16.43102519705483	0.0002001421432368558
16.45577878531616	0.0002050757401807781
16.4805323735775	0.0002101308782318271
16.50528596183883	0.0002153105461108678
16.53003955010016	0.0002206174891306539
16.5547931383615	0.0002260557987179295
16.57954672662283	0.0002316277631900171
16.60430031488416	0.0002373370127267577
16.6290539031455	0.000243186870023996
16.65380749140683	0.0002491809140885646
16.67856107966816	0.0002553225287848365
16.7033146679295	0.0002616155025012672
16.72806825619083	0.0002680635064081436
16.75282184445216	0.0002746703571385911
16.7775754327135	0.0002814399829691741
16.80232902097483	0.0002883763249669205
16.82708260923616	0.000295483606180551
16.8518361974975	0.0003027659760428739
16.87658978575883	0.0003102277495469344
16.90134337402016	0.0003178733646365331
16.9260969622815	0.0003257068742581178
16.95085055054283	0.0003337342379947546
16.97560413880417	0.0003419589358986635
17.0003577270655	0.0003503862841194715
17.02511131532683	0.0003590212490134758
17.04986490358817	0.0003678689602077486
17.0746184918495	0.0003769346116209757
17.09937208011083	0.0003862236591750851
17.12412566837217	0.000395741550226475
17.1488792566335	0.0004054939382183323
17.17363284489483	0.0004154866063618655
17.19838643315617	0.0004257254829929011
17.2231400214175	0.0004362165304534093
17.24789360967883	0.0004469661538554979
17.27264719794017	0.0004579806031756926
17.2974007862015	0.0004692664327694958
17.32215437446283	0.0004808302880391898
17.34690796272417	0.0004926791119006333
17.3716615509855	0.0005048198049439586
17.39641513924683	0.0005172596943000849
17.42116872750817	0.0005300060866517956
17.4459223157695	0.0005430665235841346
17.47067590403083	0.0005564487686915623
17.49542949229217	0.0005701607516207196
17.5201830805535	0.0005842105507350697
17.54493666881483	0.000598606649255738
17.56969025707617	0.000613357307649666
17.5944438453375	0.0006284715108350417
17.61919743359883	0.0006439581281982296
17.64395102186017	0.000659826347061242
17.6687046101215	0.0006760867344593239
17.69345819838284	0.0006927453932520854
17.71821178664417	0.0007098157565520332
17.7429653749055	0.0007273067496039056
17.76771896316684	0.0007452287636797555
17.79247255142817	0.0007635924025345209
17.8172261396895	0.0007824085621434071
17.84197972795084	0.0008016883211618566
17.86673331621217	0.0008214432526096974
17.8914869044735	0.000841684981109339
17.91624049273484	0.0008624254862387731
17.94099408099617	0.0008836771113405478
17.9657476692575	0.0009054524341798965
17.99050125751884	0.0009277643829876705
18.01525484578017	0.0009506261180941034
18.0400084340415	0.0009740512884856105
18.06476202230284	0.0009980537320065119
18.08951561056417	0.001022647689503761
18.1142691988255	0.001047847738496479
18.13902278708684	0.001073668798059546
18.16377637534817	0.001100126245731599
18.1885299636095	0.001127235646408584
18.21328355187084	0.001155013209136175
18.23803714013217	0.001183475349839045
18.2627907283935	0.001212638945791226
18.28754431665484	0.001242521259343215
18.31229790491617	0.00127314007410746
18.3370514931775	0.001304513511073168
18.36180508143884	0.001336660091535289
18.38655866970017	0.001369599060881605
18.41131225796151	0.001403349823230654
18.43606584622284	0.001437932417377749
18.46081943448417	0.001473367388104705
18.48557302274551	0.00150967566500833
18.51032661100684	0.001546878861925272
18.53508019926817	0.0015849990516533
18.55983378752951	0.001624058696663937
18.58458737579084	0.001664081117912621
18.60934096405217	0.001705090022361971
18.63409455231351	0.001747109714095551
18.65884814057484	0.001790165126423629
18.68360172883617	0.001834281826660745
18.70835531709751	0.001879485812545554
18.73310890535884	0.001925803767856444
18.75786249362017	0.001973264055193516
18.78261608188151	0.002021893892461365
18.80736967014284	0.002071722418801544
18.83212325840417	0.002122779195466233
18.85687684666551	0.002175094511574575
18.88163043492684	0.00222869939027669
18.90638402318817	0.002283625643160599
18.93113761144951	0.002339902956562052
18.95589119971084	0.002397573331148972
18.98064478797217	0.002456662408485736
19.00539837623351	0.00251720807376095
19.03015196449484	0.002579246256235724
19.05490555275617	0.002642813764187457
19.07965914101751	0.002707948275679168
19.10441272927884	0.00277468848257486
19.12916631754018	0.002843073941558573
19.15391990580151	0.002913145234224774
19.17867349406284	0.002984943942853781
19.20342708232418	0.00305851267196749
19.22818067058551	0.003133895039138037
19.25293425884684	0.003211135804177578
19.27768784710818	0.003290280787524765
19.30244143536951	0.003371376937610713
19.32719502363084	0.003454472378077462
19.35194861189218	0.003539615866527188
19.37670220015351	0.003626859505797591
19.40145578841484	0.003716253532637387
19.42620937667618	0.003807851542943641
19.45096296493751	0.00390170770658829
19.47571655319884	0.003997877885466725
19.50047014146018	0.004096419107005059
19.52522372972151	0.004197389840676471
19.54997731798284	0.00430085001444853
19.57473090624418	0.00440686074509521
19.59948449450551	0.004515482584585766
19.62423808276684	0.004626788560118999
19.64899167102818	0.004740835726014635
19.67374525928951	0.004857694817493504
19.69849884755084	0.00497743531038561
19.72325243581218	0.00510012792506045
19.74800602407351	0.005225845794525342
19.77275961233484	0.00535466344769399
19.79751320059618	0.005486657354541785
19.82226678885751	0.005621905710810829
19.84702037711885	0.00576048896571992
19.87177396538018	0.005902489341152577
19.89652755364151	0.006047991015846257
19.92128114190285	0.006197080489930654
19.94603473016418	0.006349846178682299
19.97078831842551	0.006506378739082784
19.99554190668685	0.006666771103023991
20.02029549494818	0.006831118491741907
20.04504908320951	0.00699951821102927
20.06980267147085	0.007172070828714257
20.09455625973218	0.007348878244514787
20.11930984799351	0.007530045460754929
20.14406343625485	0.007715680240432015
20.16881702451618	0.007905892522888208
20.19357061277751	0.008100795539707897
20.21832420103885	0.008300506056881053
20.24307778930018	0.008505138647447792
20.26783137756151	0.008714818919893653
20.29258496582285	0.008929669551792089
20.31733855408418	0.009149819219635726
20.34209214234551	0.009375397571256062
20.36684573060685	0.009606538827635196
20.39159931886818	0.009843380429204445
20.41635290712951	0.01008606241780041
20.44110649539085	0.01033473041860075
20.46586008365218	0.01058952894103442
20.49061367191351	0.01085061218408541
20.51536726017485	0.01111813423173638
20.54012084843618	0.01139225387635496
20.56487443669752	0.0116731349355356
20.58962802495885	0.01196094094288268
20.61438161322018	0.01225584608580087
20.63913520148152	0.01255802468981483
20.66388878974285	0.01286765513287179
20.68864237800418	0.01318492236872188
20.71339596626552	0.01351001441197431
20.73814955452685	0.01384312412560276
20.76290314278818	0.0141844495716876
20.78765673104952	0.01453419332112715
20.81241031931085	0.01489256303911099
20.83716390757218	0.01525977147707265
20.86191749583352	0.01563603695052865
20.88667108409485	0.01602158339230321
20.91142467235618	0.01641663740945635
20.93617826061752	0.01682143615273926
20.96093184887885	0.01723621918360852
20.98568543714018	0.01766123266508067
21.01043902540152	0.01809672925529988
21.03519261366285	0.01854296742912219
21.05994620192418	0.01900021195006242
21.08469979018552	0.01946873514962186
21.10945337844685	0.01994881443652425
21.13420696670818	0.02044073544972798
21.15896055496952	0.0209447900292133
21.18371414323085	0.02146127782804004
21.20846773149218	0.02199050548490472
21.23322131975352	0.0225327848666391
21.25797490801485	0.02308844526737815
21.28272849627619	0.02365780966268877
21.30748208453752	0.02424121853481891
21.33223567279885	0.02483901821480777
21.35698926106019	0.02545156426695443
21.38174284932152	0.02607922018192209
21.40649643758285	0.0267223588104139
21.43125002584419	0.02738136221873896
21.45600361410552	0.02805662179124206
21.48075720236685	0.0287485387855483
21.50551079062819	0.02945752403492607
21.53026437888952	0.03018399892865337
21.55501796715085	0.0309283948764573
21.57977155541219	0.03169115409044689
21.60452514367352	0.03247272954487952
21.62927873193485	0.03327358576784876
21.65403232019619	0.03409419859742648
21.67878590845752	0.03493505527907992
21.70353949671885	0.03579665502809205
21.72829308498019	0.03667951065802362
21.75304667324152	0.0375841461772034
21.77780026150285	0.03851109884516293
21.80255384976419	0.03946091932639436
21.82730743802552	0.04043417225282064
21.85206102628685	0.04143143571647847
21.87681461454819	0.04245330218845628
21.90156820280952	0.04350037875627898
21.92632179107085	0.04457328771175099
21.95107537933219	0.04567266636820579
21.97582896759352	0.04679916796280537
22.00058255585486	0.04795346175717236
22.02533614411619	0.04913623360877758
22.05008973237752	0.05034818764020157
22.07484332063886	0.05159004045416516
22.09959690890019	0.05286253313777167
22.12435049716152	0.05416642104408696
22.14910408542286	0.05550247875218516
22.17385767368419	0.05687150015194352
22.19861126194552	0.05827429861226279
22.22336485020686	0.05971170801069663
22.24811843846819	0.06118458235536658
22.27287202672952	0.06269379692042704
22.29762561499086	0.0642402463571897
22.32237920325219	0.06582485606581873
22.34713279151352	0.06744856149547819
22.37188637977486	0.06911232935128153
22.39663996803619	0.07081714850651827
22.42139355629752	0.0725640323878151
22.44614714455886	0.07435401888317726
22.47090073282019	0.07618817184694521
22.49565432108152	0.07806758149251505
22.52040790934286	0.07999336411860519
22.54516149760419	0.0819666650236418
22.56991508586552	0.08398865655286558
22.59466867412686	0.08606054114028813
22.61942226238819	0.08818354882361662
22.64417585064952	0.09035894250417174
22.66892943891086	0.09258801487661106
22.69368302717219	0.09487209079884923
22.71843661543353	0.09721252770661794
22.74319020369486	0.09961071678377285
22.76794379195619	0.1020680835336114
22.79269738021753	0.1045860888204688
22.81745096847886	0.1071662283403296
22.84220455674019	0.1098100373263866
22.86695814500153	0.1125190862864964
22.89171173326286	0.115294985045307
22.91646532152419	0.1181393845497231
22.94121890978553	0.1210539753907715
22.96597249804686	0.1240404894144869
22.99072608630819	0.1271007034247998
23.01547967456953	0.1302364351746974
23.04023326283086	0.1334495480342688
23.06498685109219	0.1367419556053004
23.08974043935353	0.1401156113660368
23.11449402761486	0.1435725225027525
23.13924761587619	0.1471147437870189
23.16400120413753	0.1507443809948908
23.18875479239886	0.1544635923701344
23.21350838066019	0.1582745882815303
23.23826196892153	0.1621796350583189
23.26301555718286	0.1661810539487929
23.28776914544419	0.1702812237999887
23.31252273370553	0.1744825826352792
23.33727632196686	0.1787876281752547
23.36202991022819	0.1831989198536475
23.38678349848953	0.1877190807197262
23.41153708675086	0.1923507954460022
23.4362906750122	0.1970968250394826
23.46104426327353	0.2019599845137533
23.48579785153486	0.2069431678691802
23.5105514397962	0.2120493374497995
23.53530502805753	0.2172815301864898
23.56005861631886	0.2226428564708811
23.5848122045802	0.2281365038989954
23.60956579284153	0.2337657405682459
23.63431938110286	0.2395339119823997
23.6590729693642	0.2454444485321585
23.68382655762553	0.251500865301725
23.70858014588686	0.2577067633381379
23.7333337341482	0.2640658328658728
23.75808732240953	0.2705818553827935
23.78284091067086	0.2772587058515773
23.8075944989322	0.2841003552844366
23.83234808719353	0.2911108702142923
23.85710167545486	0.2982944222819866
23.8818552637162	0.3056552806005916
23.90660885197753	0.3131978245899575
23.93136244023886	0.3209265399629101
23.9561160285002	0.32884602214377
23.98086961676153	0.336960981134457
24.00562320502286	0.3452762425199378
24.0303767932842	0.353796753508214
24.05513038154553	0.3625275789348952
24.07988396980686	0.3714739128538199
24.1046375580682	0.3806410757436586
24.12939114632953	0.3900345197882242
24.15414473459087	0.3996598318538003
24.1788983228522	0.4095227364517074
24.20365191111353	0.4196291001733252
24.22840549937487	0.4299849336256359
24.2531590876362	0.4405963955214411
24.27791267589753	0.4514698005787907
24.30266626415887	0.4626116126850312
24.3274198524202	0.4740284606489622
24.35217344068153	0.4857271350640389
24.37692702894287	0.4977145944400514
24.4016806172042	0.5099979693316795
24.42643420546553	0.5225845657976742
24.45118779372687	0.53548187104254
24.4759413819882	0.5486975573548989
24.50069497024953	0.562239486353962
24.52544855851087	0.5761157119319482
24.5502021467722	0.590334489670349
24.57495573503353	0.6049042778439149
24.59970932329487	0.6198337434907877
24.6244629115562	0.6351317678943172
24.64921649981753	0.6508074512594162
24.67397008807887	0.6668701196846257
24.6987236763402	0.6833293284244434
24.72347726460153	0.700194868941843
24.74823085286287	0.7174767754640122
24.7729844411242	0.7351853287469007
24.79773802938553	0.7533310642273371
24.82249161764687	0.771924777021085
24.8472452059082	0.790977533591382
24.87199879416954	0.8105006588986126
24.89675238243087	0.830505777450418
24.9215059706922	0.8510047884385423
24.94625955895354	0.8720098886551407
24.97101314721487	0.8935335750745711
24.9957667354762	0.9155886542723966
25.02052032373754	0.9381882481542408
25.04527391199887	0.9613458031541509
25.0700275002602	0.9850750999236334
25.09478108852154	1.009390253434399
25.11953467678287	1.034305734001809
25.1442882650442	1.059836366720265
25.16904185330554	1.08599734286428
25.19379544156687	1.112804228630514
25.2185490298282	1.140272974951599
25.24330261808954	1.168419927612361
25.26805620635087	1.197261833914823
25.2928097946122	1.226815860086174
25.31756338287354	1.257099585850193
25.34231697113487	1.288131037294411
25.3670705593962	1.319928678876928
25.39182414765754	1.352511434108439
25.41657773591887	1.385898688986466
25.4413313241802	1.42011031536101
25.46608491244154	1.455166671300523
25.49083850070287	1.491088618798248
25.5155920889642	1.527897555621379
25.54034567722554	1.565615330036285
25.56509926548687	1.604264443869033
25.58985285374821	1.643867876919892
25.61460644200954	1.684449208248177
25.63936003027087	1.726032581821692
25.66411361853221	1.768642747488048
25.68886720679354	1.812305065407823
25.71362079505487	1.857045520694896
25.73837438331621	1.902890742097656
25.76312797157754	1.949868016953313
25.78788155983887	1.998005302523621
25.81263514810021	2.047331248895692
25.83738873636154	2.097875218677841
25.86214232462287	2.149667294720916
25.88689591288421	2.202738297788799
25.91164950114554	2.257119823125434
25.93640308940687	2.312844236108872
25.96115667766821	2.369944707750702
25.98591026592954	2.428455223095046
26.01066385419087	2.488410615944001
26.03541744245221	2.549846568487036
26.06017103071354	2.612799644819942
26.08492461897487	2.677307328800679
26.10967820723621	2.743408015292651
26.13443179549754	2.81114105181631
26.15918538375887	2.880546756612613
26.18393897202021	2.951666448068106
26.20869256028154	3.024542461168315
26.23344614854287	3.099218176608962
26.25819973680421	3.175738056476844
26.28295332506554	3.25414763953825
26.30770691332688	3.334493618066259
26.33246050158821	3.416823814440494
26.35721408984954	3.501187245384329
26.38196767811088	3.587634133675566
26.40672126637221	3.676215942330596
26.43147485463354	3.766985411809424
26.45622844289488	3.859996578788969
26.48098203115621	3.955304818058448
26.50573561941754	4.052966874445089
26.53048920767888	4.153040885974175
26.55524279594021	4.255586441633205
26.57999638420154	4.360664590806093
26.60474997246288	4.468337895947445
26.62950356072421	4.578670462045308
26.65425714898554	4.691727987917375
26.67901073724688	4.80757778218557
26.70376432550821	4.926288823713205
26.72851791376954	5.047931795267056
26.75327150203088	5.172579123349386
26.77802509029221	5.300305025096603
26.80277867855354	5.431185568463735
26.82753226681488	5.565298664725117
26.85228585507621	5.702724178216219
26.87703944333754	5.843543939272496
26.90179303159888	5.98784179847904
26.92654661986021	6.135703681267868
26.95130020812154	6.28721763563072
26.97605379638288	6.44247388269488
27.00080738464421	6.601564874940204
27.02556097290555	6.764585344591883
27.05031456116688	6.931632382296701
27.07506814942821	7.102805451845094
27.09982173768955	7.278206491517831
27.12457532595088	7.457939954182569
27.14932891421221	7.642112876450992
27.17408250247355	7.830834921284717
27.19883609073488	8.024218502741249
27.22358967899621	8.222378776856662
27.24834326725755	8.425433756035698
27.27309685551888	8.63350436993103
27.29785044378021	8.846714535717489
27.32260403204155	9.065191229130608
27.34735762030288	9.289064572929865
27.37211120856421	9.518467893997727
27.39686479682555	9.753537824496888
27.42161838508688	9.994414352341847
27.44637197334821	10.24124096534676
27.47112556160955	10.49416466072718
27.49587914987088	10.75333608012251
27.52063273813221	11.01890958779454
27.54538632639355	11.29104336273134
27.57013991465488	11.56989949517887
27.59489350291621	11.85564407465497
27.61964709117755	12.14844729777757
27.64440067943888	12.44848357636176
27.66915426770021	12.75593160420078
27.69390785596155	13.070974538491
27.71866144422288	13.39380002684879
27.74341503248422	13.72460036189804
27.76816862074555	14.06357259046976
27.79292220900688	14.41091862888675
27.81767579726822	14.76684541500932
27.84242938552955	15.13156486628994
27.86718297379088	15.50529434818012
27.89193656205222	15.88825646127516
27.91669015031355	16.28067932553982
27.94144373857488	16.68279669681283
27.96619732683622	17.09484814948866
27.99095091509755	17.51707914049905
28.01570450335888	17.94974120298017
28.04045809162022	18.3930920851141
28.06521167988155	18.84739591074781
28.08996526814288	19.31292331576517
28.11471885640422	19.78995165517987
28.13947244466555	20.27876511246043
28.16422603292688	20.77965490401834
28.18897962118822	21.29291943409725
28.21373320944955	21.81886449629635
28.23848679771088	22.35780344026123
28.26324038597222	22.91005735806054
28.28799397423355	23.47595527351986
28.31274756249488	24.05583434490834
28.33750115075622	24.65004078843971
28.36225473901755	25.25892645772269
28.38700832727888	25.88285632027643
28.41176191554022	26.52220139357811
28.43651550380155	27.1773426215419
28.46126909206289	27.84867033935439
28.48602268032422	28.53658454005584
28.51077626858555	29.24149514767047
28.53552985684689	29.96382215643106
28.56028344510822	30.70399597493137
28.58503703336955	31.46245763598443
28.60979062163089	32.23965906267643
28.63454420989222	33.03606342738323
28.65929779815355	33.85214522467967
28.68405138641489	34.68839077154753
28.70880497467622	35.54529836656349
28.73355856293755	36.42337863587385
28.75831215119889	37.32315480883362
28.78306573946022	38.24516309970879
28.80781932772155	39.18995292562492
28.83257291598289	40.15808730540533
28.85732650424422	41.15014317043094
28.88208009250555	42.16671176930459
28.90683368076689	43.2083987063955
28.93158726902822	44.275824987899
28.95634085728955	45.36962666665869
28.98109444555089	46.4904555852609
29.00584803381222	47.63897971201042
29.03060162207355	48.81588351842438
29.05535521033489	50.02186839497573
29.08010879859622	51.25765309172044
29.10486238685755	52.52397410637326
29.12961597511889	53.82158614353176
29.15436956338022	55.15126256446033
29.17912315164156	56.51379582466227
29.20387673990289	57.90999805194913
29.22863032816422	59.34070136534917
29.25338391642556	60.80675848336256
29.27813750468689	62.30904320103524
29.30289109294822	63.84845091325001
29.32764468120956	65.42589915957264
29.35239826947089	67.04232813018585
29.37715185773222	68.69870131901297
29.40190544599356	70.3960059831517
29.42665903425489	72.13525380821436
29.45141262251622	73.91748147098966
29.47616621077756	75.74375129656649
29.50091979903889	77.61515190675567
29.52567338730022	79.5327987645496
29.55042697556156	81.49783494221499
29.57518056382289	83.51143177481146
29.59993415208422	85.57478954637753
29.62468774034556	87.68913822258121
29.64944132860689	89.85573815561764
29.67419491686822	92.07588090027906
29.69894850512956	94.35088990567986
29.72370209339089	96.68212133073067
29.74845568165222	99.07096489297264
29.77320926991356	101.5188446627175
29.79796285817489	104.0272199184962
29.82271644643622	106.5975860000484
29.84747003469756	109.231475223498
29.87222362295889	111.9304577789758
29.89697721122023	114.6961426975584
29.92173079948156	117.5301787832377
29.94648438774289	120.4342556004557
29.97123797600423	123.4101044732106
29.99599156426556	126.4594995605491
30.02074515252689	129.5842588814533
30.04549874078823	132.7862453525564
30.07025232904956	136.0673680123027
30.09500591731089	139.429583115569
30.11975950557223	142.8748951960906
30.14451309383356	146.4053584096802
30.16926668209489	150.0230776876648
30.19402027035623	153.7302100042947
30.21877385861756	157.5289656651983
30.24352744687889	161.421609622791
30.26828103514023	165.4104628413681
30.29303462340156	169.4979036326768
30.31778821166289	173.6863691930089
30.34254179992423	177.978356860539
30.36729538818556	182.3764258677797
30.39204897644689	186.8831985992039
30.41680256470823	191.5013623683033
30.44155615296956	196.2336708551906
30.46630974123089	201.0829458820216
30.49106332949223	206.0520790291488
30.51581691775356	211.1440333650964
30.54057050601489	216.3618452359425
30.56532409427623	221.7086260597023
30.59007768253756	227.1875641928154
30.61483127079889	232.8019268164658
30.63958485906023	238.5550618930376
30.66433844732156	244.4504002359876
30.6890920355829	250.4914574159678
30.71384562384423	256.6818359419897
30.73859921210556	263.0252274404697
30.7633528003669	269.5254147876933
30.78810638862823	276.1862744343156
30.81285997688956	283.0117785980107
30.8376135651509	290.0059978455665
30.86236715341223	297.1731033160013
30.88712074167356	304.5173693214658
30.9118743299349	312.0431758445329
30.93662791819623	319.7550112211349
30.96138150645756	327.6574746877738
30.9861350947189	335.7552793514649
31.01088868298023	344.0532547293934
31.03564227124156	352.556349865173
31.0603958595029	361.2696360450134
31.08514944776423	370.1983101602817
31.10990303602556	379.3476974716641
31.1346566242869	388.7232549611882
31.15941021254823	398.3305742912173
31.18416380080956	408.1753861924904
31.2089173890709	418.2635623485342
31.23367097733223	428.6011198810365
31.25842456559356	439.1942247345837
31.2831781538549	450.0491952648435
31.30793174211623	461.1725061892536
31.33268533037756	472.5707922657244
31.3574389186389	484.2508523458608
31.38219250690023	496.219652285598
31.40694609516157	508.4843348021773
31.4316996834229	521.0522122347933
31.45645327168423	533.9307823592769
31.48120685994557	547.1277276621216
31.5059604482069	560.6509201297922
31.53071403646823	574.5084265832058
31.55546762472957	588.7085133357795
31.5802212129909	603.2596511494205
31.60497480125223	618.1705202349681
31.62972838951357	633.4500155523903
31.6544819777749	649.1072519899593
31.67923556603623	665.1515698109357
31.70398915429757	681.5925404110056
31.7287427425589	698.4399717301607
31.75349633082023	715.7039141068237
31.77824991908157	733.3946672502084
31.8030035073429	751.5227847821062
31.82775709560423	770.0990815914365
31.85251068386557	789.1346400509855
31.8772642721269	808.6408166123632
31.90201786038823	828.6292485933049
31.92677144864957	849.111861162041
31.9515250369109	870.1008743569721
31.97627862517223	891.6088104894629
32.00103221343357	913.648506259843
32.0257858016949	936.2330974072169
32.05053938995623	959.3760718850484
32.07529297821757	983.0912329824523
32.1000465664789	1007.392730708894
32.12480015474024	1032.295063833933
32.14955374300157	1057.813090656181
32.1743073312629	1083.962036501498
32.19906091952424	1110.757503400872
32.22381450778557	1138.215479284343
0
1000	1776.86	100000000000000.1
5	0	0	1
5	0	0	0
7.494979834713454	-1.165718902009686e-11
7.519733422974787	-1.002811777932215e-11
7.544487011236121	-1.051535784686366e-11
7.569240599497454	-1.12801884211361e-11
7.593994187758788	-1.206710812151725e-11
7.618747776020121	-1.28082129727819e-11
7.643501364281454	-1.348418678190099e-11
7.668254952542788	-1.409227025189851e-11
7.693008540804121	-1.463589601428531e-11
7.717762129065455	-1.512069408280128e-11
7.742515717326788	-1.555281436461125e-11
7.767269305588122	-1.593820109843147e-11
7.792022893849455	-1.628231234406542e-11
7.816776482110789	-1.659003128195442e-11
7.841530070372122	-1.686565057717464e-11
7.866283658633455	-1.711291794804874e-11
7.891037246894789	-1.733509127188608e-11
7.915790835156122	-1.753499694462918e-11
7.940544423417456	-1.771508568319988e-11
7.965298011678789	-1.787748328116891e-11
7.990051599940123	-1.802403551861702e-11
8.014805188201457	-1.815634726396227e-11
8.03955877646279	-1.827581619291896e-11
8.064312364724124	-1.838366170144068e-11
8.089065952985457	-1.848094962014828e-11
8.113819541246791	-1.856861330916767e-11
8.138573129508124	-1.864747165769984e-11
8.163326717769458	-1.871824444955923e-11
8.188080306030791	-1.87815654932963e-11
8.212833894292125	-1.883799385760384e-11
8.237587482553458	-1.889063892414776e-11
8.262341070814792	-1.89343735590202e-11
8.287094659076125	-1.89723563318155e-11
8.311848247337458	-1.900497298537943e-11
8.336601835598792	-1.903257455480783e-11
8.361355423860125	-1.905548101445132e-11
8.386109012121459	-1.907398451123417e-11
8.410862600382792	-1.908835223361769e-11
8.435616188644126	-1.909882895681622e-11
8.460369776905459	-1.910563926257717e-11
8.485123365166793	-1.911136533965976e-11
8.509876953428126	-1.911113940325834e-11
8.534630541689459	-1.910765735297378e-11
8.559384129950793	-1.910112094526767e-11
8.584137718212126	-1.909172310844556e-11
8.60889130647346	-1.907964793153687e-11
8.633644894734793	-1.906507073390565e-11
8.658398482996127	-1.904815819981443e-11
8.68315207125746	-1.902906856396918e-11
8.707905659518794	-1.900795183595934e-11
8.732659247780127	-1.898471246333308e-11
8.75741283604146	-1.895998899367314e-11
8.782166424302794	-1.893365736900675e-11
8.806920012564127	-1.890583346708622e-11
8.831673600825461	-1.887662606576616e-11
8.856427189086794	-1.884613726906571e-11
8.881180777348128	-1.881446291041186e-11
8.905934365609461	-1.87816929336976e-11
8.930687953870795	-1.874791175290948e-11
8.955441542132128	-1.871319859116454e-11
8.980195130393462	-1.867764268135873e-11
9.004948718654795	-1.864128209419491e-11
9.029702306916128	-1.860419814839586e-11
9.054455895177462	-1.85664525773217e-11
9.079209483438795	-1.852810336267006e-11
9.103963071700129	-1.84892049598168e-11
9.128716659961462	-1.844980850989211e-11
9.153470248222796	-1.840996203926221e-11
9.178223836484129	-1.83697106470756e-11
9.202977424745463	-1.832909668151641e-11
9.227731013006796	-1.828814540648591e-11
9.252484601268129	-1.824692493065055e-11
9.277238189529463	-1.820545505022447e-11
9.301991777790796	-1.816376843900328e-11
9.32674536605213	-1.81218957254172e-11
9.351498954313463	-1.807986562024094e-11
9.376252542574797	-1.803770503587082e-11
9.40100613083613	-1.799543919774486e-11
9.425759719097464	-1.795309174844343e-11
9.450513307358797	-1.791068484497074e-11
9.47526689562013	-1.786821799190678e-11
9.500020483881464	-1.782575574271354e-11
9.524774072142797	-1.778329398568879e-11
9.549527660404131	-1.774084945919843e-11
9.574281248665464	-1.769843777330991e-11
9.599034836926798	-1.765607348452393e-11
9.623788425188131	-1.761377016509475e-11
9.648542013449465	-1.757154046734827e-11
9.673295601710798	-1.752939618338168e-11
9.698049189972132	-1.748734830050163e-11
9.722802778233465	-1.744538745169267e-11
9.747556366494798	-1.740356470398934e-11
9.772309954756132	-1.736186840177261e-11
9.797063543017465	-1.732030649683019e-11
9.821817131278799	-1.727888631769446e-11
9.846570719540132	-1.723761461446128e-11
9.871324307801466	-1.71964976000159e-11
9.896077896062799	-1.715554098798082e-11
9.920831484324133	-1.711475002767006e-11
9.945585072585466	-1.707412953630741e-11
9.970338660846799	-1.703366798343864e-11
9.995092249108133	-1.699340319787214e-11
10.01984583736947	-1.695332217826877e-11
10.0445994256308	-1.691342804718213e-11
10.06935301389213	-1.687372358737205e-11
10.09410660215347	-1.683421126904825e-11
10.1188601904148	-1.679489327472827e-11
10.14361377867613	-1.675577152193587e-11
10.16836736693747	-1.671684768394288e-11
10.1931209551988	-1.667812320873726e-11
10.21787454346013	-1.663991154379502e-11
10.24262813172147	-1.660156681373546e-11
10.2673817199828	-1.65633965640925e-11
10.29213530824413	-1.652540249096045e-11
10.31688889650547	-1.648758750704096e-11
10.3416424847668	-1.644995592952177e-11
10.36639607302813	-1.641251371951288e-11
10.39114966128947	-1.637526878877479e-11
10.4159032495508	-1.633823139532082e-11
10.44065683781213	-1.630141465787557e-11
10.46541042607347	-1.626167674698958e-11
10.4901640143348	-1.622548890396191e-11
10.51491760259614	-1.618989791224021e-11
10.53967119085747	-1.615495838883899e-11
10.5644247791188	-1.612072231689193e-11
10.58917836738014	-1.608723875720138e-11
10.61393195564147	-1.605455359229841e-11
10.6386855439028	-1.602270930526448e-11
10.66343913216414	-1.599174479493538e-11
10.68819272042547	-1.596169522846656e-11
10.7129463086868	-1.592935899552783e-11
10.73769989694814	-1.590170250450439e-11
10.76245348520947	-1.587523526754798e-11
10.7872070734708	-1.584991416955683e-11
10.81196066173214	-1.582569284452605e-11
10.83671424999347	-1.580252319923237e-11
10.8614678382548	-1.578035655085948e-11
10.88622142651614	-1.575914446475367e-11
10.91097501477747	-1.573883936018091e-11
10.9357286030388	-1.571939493730382e-11
10.96048219130014	-1.570096146570639e-11
10.98523577956147	-1.568307244437715e-11
11.0099893678228	-1.566590494727706e-11
11.03474295608414	-1.564942502858222e-11
11.05949654434547	-1.563360160882319e-11
11.0842501326068	-1.561840851339967e-11
11.10900372086814	-1.560383468067496e-11
11.13375730912947	-1.559000366950582e-11
11.1585108973908	-1.557564342446581e-11
11.18326448565214	-1.556295388025231e-11
11.20801807391347	-1.555056089847376e-11
11.23277166217481	-1.553848347940995e-11
11.25752525043614	-1.552684776000949e-11
11.28227883869747	-1.5515632797169e-11
11.30703242695881	-1.550481867941896e-11
11.33178601522014	-1.54943864712349e-11
11.35653960348147	-1.548431816069467e-11
11.38129319174281	-1.547459661009108e-11
11.40604678000414	-1.546520550923636e-11
11.43080036826547	-1.5456129331266e-11
11.45555395652681	-1.544734705542019e-11
11.48030754478814	-1.543885788604644e-11
11.50506113304947	-1.543064176712848e-11
11.52981472131081	-1.54226858017339e-11
11.55456830957214	-1.541497768092984e-11
11.57932189783347	-1.540750565496086e-11
11.60407548609481	-1.540025850557839e-11
11.62882907435614	-1.539322551952451e-11
11.65358266261747	-1.538639646316312e-11
11.67833625087881	-1.53797615582432e-11
11.70308983914014	-1.537329913045924e-11
11.72784342740147	-1.536701553100125e-11
11.75259701566281	-1.536095043298125e-11
11.77735060392414	-1.535498468451792e-11
11.80210419218547	-1.53491862776121e-11
11.82685778044681	-1.534353357312572e-11
11.85161136870814	-1.53380181039504e-11
11.87636495696947	-1.533263259948289e-11
11.90111854523081	-1.532737026841016e-11
11.92587213349214	-1.532222465406832e-11
11.95062572175348	-1.531718517384226e-11
11.97537931001481	-1.531225532026436e-11
12.00013289827614	-1.530742472718513e-11
12.02488648653748	-1.530268785719778e-11
12.04964007479881	-1.529803938357426e-11
12.07439366306014	-1.529347418317812e-11
12.09914725132148	-1.528898732929797e-11
12.12390083958281	-1.528457408451024e-11
12.14865442784414	-1.528022989366289e-11
12.17340801610548	-1.527595037706037e-11
12.19816160436681	-1.52717186222928e-11
12.22291519262814	-1.526755792856852e-11
12.24766878088948	-1.526345045018131e-11
12.27242236915081	-1.525939221520024e-11
12.29717595741214	-1.525537941286361e-11
12.32192954567348	-1.525140838925337e-11
12.34668313393481	-1.524747564224631e-11
12.37143672219614	-1.524357781608538e-11
12.39619031045748	-1.523971169581255e-11
12.42094389871881	-1.523587420173221e-11
12.44569748698014	-1.523206623326465e-11
12.47045107524148	-1.522827691904323e-11
12.49520466350281	-1.52245074417486e-11
12.51995825176414	-1.522075523200846e-11
12.54471184002548	-1.521701783737823e-11
12.56946542828681	-1.521329291899073e-11
12.59421901654814	-1.520957824967659e-11
12.61897260480948	-1.520587171418579e-11
12.64372619307081	-1.520217131269996e-11
12.66847978133215	-1.519847516996707e-11
12.69323336959348	-1.519480238104483e-11
12.71798695785481	-1.519111072505088e-11
12.74274054611615	-1.518741677254466e-11
12.76749413437748	-1.518371871264213e-11
12.79224772263881	-1.518001480732399e-11
12.81700131090015	-1.517630338802598e-11
12.84175489916148	-1.517258285237876e-11
12.86650848742281	-1.516885166106651e-11
12.89126207568415	-1.516510833477321e-11
12.91601566394548	-1.516135145118394e-11
12.94076925220681	-1.515758331734007e-11
12.96552284046815	-1.515379497316485e-11
12.99027642872948	-1.514998879554932e-11
13.01503001699081	-1.514616357989285e-11
13.03978360525215	-1.514231817899563e-11
13.06453719351348	-1.513845150094761e-11
13.08929078177481	-1.513456250711717e-11
13.11404437003615	-1.513065021022658e-11
13.13879795829748	-1.51267136725029e-11
13.16355154655881	-1.512275200389259e-11
13.18830513482015	-1.511876639296164e-11
13.21305872308148	-1.511475178138037e-11
13.23781231134281	-1.511070947150564e-11
13.26256589960415	-1.510663876691526e-11
13.28731948786548	-1.510253901820242e-11
13.31207307612681	-1.509840962127959e-11
13.33682666438815	-1.509425001575018e-11
13.36158025264948	-1.509005968334181e-11
13.38633384091082	-1.508583814639507e-11
13.41108742917215	-1.508158496640195e-11
13.43584101743348	-1.507730189800887e-11
13.46059460569482	-1.507298404579296e-11
13.48534819395615	-1.506863328512212e-11
13.51010178221748	-1.506424934508806e-11
13.53485537047882	-1.505983199448753e-11
13.55960895874015	-1.50553810401093e-11
13.58436254700148	-1.505089632510165e-11
13.60911613526282	-1.504637772741369e-11
13.63386972352415	-1.504182515830466e-11
13.65862331178548	-1.503723856091589e-11
13.68337690004682	-1.5032622564611e-11
13.70813048830815	-1.50279673229898e-11
13.73288407656948	-1.502327771836805e-11
13.75763766483082	-1.501855387398598e-11
13.78239125309215	-1.501379594962185e-11
13.80714484135348	-1.50090041387815e-11
13.83189842961482	-1.500417866615375e-11
13.85665201787615	-1.499931978529806e-11
13.88140560613748	-1.499442777653546e-11
13.90615919439882	-1.498950294501747e-11
13.93091278266015	-1.498454729531281e-11
13.95566637092148	-1.497955760054722e-11
13.98041995918282	-1.497453602098006e-11
14.00517354744415	-1.496948297340239e-11
14.02992713570548	-1.496439889331945e-11
14.05468072396682	-1.495928423304743e-11
14.07943431222815	-1.495413946002917e-11
14.10418790048949	-1.494896505533339e-11
14.12894148875082	-1.494376151230831e-11
14.15369507701215	-1.493852933536615e-11
14.17844866527349	-1.493326833478053e-11
14.20320225353482	-1.49279805199716e-11
14.22795584179615	-1.49226656934948e-11
14.25270943005749	-1.491732438462513e-11
14.27746301831882	-1.491195712708149e-11
14.30221660658015	-1.490656445849105e-11
14.32697019484149	-1.490114691987585e-11
14.35172378310282	-1.489570505516103e-11
14.37647737136415	-1.489023941070422e-11
14.40123095962549	-1.488475053484642e-11
14.42598454788682	-1.487923853273239e-11
14.45073813614815	-1.487370488371219e-11
14.47549172440949	-1.486814969167632e-11
14.50024531267082	-1.486257350462137e-11
14.52499890093215	-1.485697687123402e-11
14.54975248919349	-1.485136030235149e-11
14.57450607745482	-1.484572440560839e-11
14.59925966571615	-1.484006967193465e-11
14.62401325397749	-1.483439664684158e-11
14.64876684223882	-1.482870586376587e-11
14.67352043050015	-1.482299732545766e-11
14.69827401876149	-1.481727266584422e-11
14.72302760702282	-1.48115318698807e-11
14.74778119528415	-1.480577544857274e-11
14.77253478354549	-1.480000390387959e-11
14.79728837180682	-1.479421764462545e-11
14.82204196006816	-1.478841751326709e-11
14.84679554832949	-1.47826035813718e-11
14.87154913659082	-1.477677650273964e-11
14.89630272485216	-1.477093674432737e-11
14.92105631311349	-1.476508405741282e-11
14.94580990137482	-1.475922041647963e-11
14.97056348963616	-1.475334553413089e-11
14.99531707789749	-1.47474598511059e-11
15.02007066615882	-1.474156379987473e-11
15.04482425442016	-1.473565780488785e-11
15.06957784268149	-1.472974228280722e-11
15.09433143094282	-1.472381764272063e-11
15.11908501920416	-1.471788428634136e-11
15.14383860746549	-1.471194260819428e-11
15.16859219572682	-1.470599195048574e-11
15.19334578398816	-1.470003491600491e-11
15.21809937224949	-1.469407077362291e-11
15.24285296051082	-1.468809987431029e-11
15.26760654877216	-1.468212256114104e-11
15.29236013703349	-1.467613916987409e-11
15.31711372529482	-1.467015002953489e-11
15.34186731355616	-1.466415546317454e-11
15.36662090181749	-1.465815578952937e-11
15.39137449007882	-1.465215133044309e-11
15.41612807834016	-1.464615153924845e-11
15.44088166660149	-1.464014483300044e-11
15.46563525486282	-1.463424445319541e-11
15.49038884312416	-1.462808127534806e-11
15.51514243138549	-1.462206553251364e-11
15.53989601964683	-1.461604118610374e-11
15.56464960790816	-1.461001267453027e-11
15.58940319616949	-1.460398102020809e-11
15.61415678443083	-1.459794672334846e-11
15.63891037269216	-1.459191013793383e-11
15.66366396095349	-1.458586939838486e-11
15.68841754921483	-1.457982948103641e-11
15.71317113747616	-1.457378818264435e-11
15.73792472573749	-1.456774572257414e-11
15.76267831399883	-1.456170231514161e-11
15.78743190226016	-1.455565816948062e-11
15.81218549052149	-1.454961348938948e-11
15.83693907878283	-1.454356847315217e-11
15.86169266704416	-1.453752331333031e-11
15.88644625530549	-1.453147819652047e-11
15.91119984356683	-1.452543396164196e-11
15.93595343182816	-1.4519389426329e-11
15.96070702008949	-1.451334539244668e-11
15.98546060835083	-1.45073020193744e-11
16.01021419661216	-1.45012594621018e-11
16.03496778487349	-1.449521787140582e-11
16.05972137313483	-1.448917739440387e-11
16.08447496139616	-1.448313817683115e-11
16.10922854965749	-1.447710037958731e-11
16.13398213791883	-1.44710614817395e-11
16.15873572618016	-1.446502958247506e-11
16.18348931444149	-1.445899667016885e-11
16.20824290270283	-1.44529657152334e-11
16.23299649096416	-1.444693637761514e-11
16.2577500792255	-1.444090943813261e-11
16.28250366748683	-1.443488465081104e-11
16.30725725574816	-1.442886215731379e-11
16.3320108440095	-1.442284206353055e-11
16.35676443227083	-1.441682446843455e-11
16.38151802053216	-1.441080946680346e-11
16.4062716087935	-1.440479725666105e-11
16.43102519705483	-1.439878769809901e-11
16.45577878531616	-1.439278098369116e-11
16.4805323735775	-1.438677718994358e-11
16.50528596183883	-1.438077654127842e-11
16.53003955010016	-1.437477875723127e-11
16.5547931383615	-1.436878421939545e-11
16.57954672662283	-1.436279291747009e-11
16.60430031488416	-1.435680491822254e-11
16.6290539031455	-1.435082028839844e-11
16.65380749140683	-1.434483914795866e-11
16.67856107966816	-1.433886145029243e-11
16.7033146679295	-1.433288730082302e-11
16.72806825619083	-1.432691676008194e-11
16.75282184445216	-1.432094988570901e-11
16.7775754327135	-1.431498673316257e-11
16.80232902097483	-1.430902735595096e-11
16.82708260923616	-1.430307180573869e-11
16.8518361974975	-1.429712013241078e-11
16.87658978575883	-1.429117238412043e-11
16.90134337402016	-1.42852286381725e-11
16.9260969622815	-1.427928887506076e-11
16.95085055054283	-1.427335316876018e-11
16.97560413880417	-1.426742156112562e-11
17.0003577270655	-1.42614940925978e-11
17.02511131532683	-1.425557080223167e-11
17.04986490358817	-1.424965172772405e-11
17.0746184918495	-1.42437369054407e-11
17.09937208011083	-1.423782637044278e-11
17.12412566837217	-1.423192015651254e-11
17.1488792566335	-1.422601833775725e-11
17.17363284489483	-1.422012085442469e-11
17.19838643315617	-1.421422778524538e-11
17.2231400214175	-1.420833915914427e-11
17.24789360967883	-1.420245500405931e-11
17.27264719794017	-1.419657534690941e-11
17.2974007862015	-1.419070021359396e-11
17.32215437446283	-1.418482962900416e-11
17.34690796272417	-1.417896361703929e-11
17.3716615509855	-1.417310220062522e-11
17.39641513924683	-1.416724540750016e-11
17.42116872750817	-1.416139324647695e-11
17.4459223157695	-1.415554574373319e-11
17.47067590403083	-1.414970291857072e-11
17.49542949229217	-1.41438647894264e-11
17.5201830805535	-1.413803137389123e-11
17.54493666881483	-1.413220268872913e-11
17.56969025707617	-1.412637874989546e-11
17.5944438453375	-1.4120559572555e-11
17.61919743359883	-1.411474517109977e-11
17.64395102186017	-1.410893555701975e-11
17.6687046101215	-1.410313074771097e-11
17.69345819838284	-1.409733075317486e-11
17.71821178664417	-1.40915355848618e-11
17.7429653749055	-1.408574525352496e-11
17.76771896316684	-1.407995976923622e-11
17.79247255142817	-1.40741791414018e-11
17.8172261396895	-1.406840337877753e-11
17.84197972795084	-1.406263248948377e-11
17.86673331621217	-1.405686648102006e-11
17.8914869044735	-1.405110536558088e-11
17.91624049273484	-1.404534913875365e-11
17.94099408099617	-1.403959781116792e-11
17.9657476692575	-1.40338513878771e-11
17.99050125751884	-1.402810987332334e-11
18.01525484578017	-1.402237327127244e-11
18.0400084340415	-1.401664158460664e-11
18.06476202230284	-1.401091481454071e-11
18.08951561056417	-1.400519295612454e-11
18.1142691988255	-1.399947589924725e-11
18.13902278708684	-1.399376409363938e-11
18.16377637534817	-1.398805703230035e-11
18.1885299636095	-1.398235489839605e-11
18.21328355187084	-1.397665769214174e-11
18.23803714013217	-1.397096541333775e-11
18.2627907283935	-1.396527806137923e-11
18.28754431665484	-1.395959563526578e-11
18.31229790491617	-1.395391813361072e-11
18.3370514931775	-1.394824555465025e-11
18.36180508143884	-1.39425778962523e-11
18.38655866970017	-1.393691514274135e-11
18.41131225796151	-1.393125731344246e-11
18.43606584622284	-1.392560439595658e-11
18.46081943448417	-1.391995638714103e-11
18.48557302274551	-1.391431328503914e-11
18.51032661100684	-1.390867507185192e-11
18.53508019926817	-1.390304176817923e-11
18.55983378752951	-1.389741335358314e-11
18.58458737579084	-1.389178982594936e-11
18.60934096405217	-1.388617118053579e-11
18.63409455231351	-1.38805574345461e-11
18.65884814057484	-1.387494853327184e-11
18.68360172883617	-1.386934449745306e-11
18.70835531709751	-1.386374532126965e-11
18.73310890535884	-1.385815099870147e-11
18.75786249362017	-1.385256152353497e-11
18.78261608188151	-1.384697688936946e-11
18.80736967014284	-1.384139708962321e-11
18.83212325840417	-1.383582211753929e-11
18.85687684666551	-1.383025196619136e-11
18.88163043492684	-1.382468664043319e-11
18.90638402318817	-1.381912610858561e-11
18.93113761144951	-1.381357037467414e-11
18.95589119971084	-1.380801943102687e-11
18.98064478797217	-1.380247326969862e-11
19.00539837623351	-1.379693188220447e-11
19.03015196449484	-1.379139525842874e-11
19.05490555275617	-1.378586337875379e-11
19.07965914101751	-1.378033772783508e-11
19.10441272927884	-1.377481399928857e-11
19.12916631754018	-1.376929632862159e-11
19.15391990580151	-1.376378343027988e-11
19.17867349406284	-1.375827525040094e-11
19.20342708232418	-1.375277178071831e-11
19.22818067058551	-1.374727301302878e-11
19.25293425884684	-1.374177893933674e-11
19.27768784710818	-1.373628955227572e-11
19.30244143536951	-1.37308048467455e-11
19.32719502363084	-1.372532483073855e-11
19.35194861189218	-1.371985050084119e-11
19.37670220015351	-1.371437864206561e-11
19.40145578841484	-1.37089125377686e-11
19.42620937667618	-1.370345106424826e-11
19.45096296493751	-1.369799421194996e-11
19.47571655319884	-1.369254196934193e-11
19.50047014146018	-1.368709430602121e-11
19.52522372972151	-1.36816513985306e-11
19.54997731798284	-1.367621290045993e-11
19.57473090624418	-1.367077902395941e-11
19.59948449450551	-1.366534972257162e-11
19.62423808276684	-1.36599259377175e-11
19.64899167102818	-1.365450485757845e-11
19.67374525928951	-1.364908917891831e-11
19.69849884755084	-1.364367805890634e-11
19.72325243581218	-1.363827147108806e-11
19.74800602407351	-1.363286940294809e-11
19.77275961233484	-1.362747184447649e-11
19.79751320059618	-1.362207878641602e-11
19.82226678885751	-1.361669021981054e-11
19.84702037711885	-1.361130613585204e-11
19.87177396538018	-1.360592652346157e-11
19.89652755364151	-1.360055137984351e-11
19.92128114190285	-1.359518069246741e-11
19.94603473016418	-1.358981445280763e-11
19.97078831842551	-1.35844526523712e-11
19.99554190668685	-1.357909528269911e-11
20.02029549494818	-1.357374233536722e-11
20.04504908320951	-1.356839380198685e-11
20.06980267147085	-1.356304967420526e-11
20.09455625973218	-1.355770994370606e-11
20.11930984799351	-1.355237460174583e-11
20.14406343625485	-1.354704364109511e-11
20.16881702451618	-1.354171705301477e-11
20.19357061277751	-1.353639482932931e-11
20.21832420103885	-1.353107696190343e-11
20.24307778930018	-1.352576344264174e-11
20.26783137756151	-1.352045426348828e-11
20.29258496582285	-1.351514941642592e-11
20.31733855408418	-1.350984889347562e-11
20.34209214234551	-1.350455268669543e-11
20.36684573060685	-1.349926078040852e-11
20.39159931886818	-1.349397318148056e-11
20.41635290712951	-1.348868987588156e-11
20.44110649539085	-1.34834108563762e-11
20.46586008365218	-1.347813611628525e-11
20.49061367191351	-1.347286565039894e-11
20.51536726017485	-1.346759945894271e-11
20.54012084843618	-1.346233758145084e-11
20.56487443669752	-1.345707913633133e-11
20.58962802495885	-1.345182614503912e-11
20.61438161322018	-1.344657714492182e-11
20.63913520148152	-1.344132232907207e-11
20.66388878974285	-1.343609108113459e-11
20.68864237800418	-1.343085455078564e-11
20.71339596626552	-1.342562218319753e-11
20.73814955452685	-1.342039400107609e-11
20.76290314278818	-1.341517000332282e-11
20.78765673104952	-1.340995018486656e-11
20.81241031931085	-1.340473453952727e-11
20.83716390757218	-1.339952306073521e-11
20.86191749583352	-1.339431573196065e-11
20.88667108409485	-1.33891125678707e-11
20.91142467235618	-1.338391355038505e-11
20.93617826061752	-1.337871867257784e-11
20.96093184887885	-1.337352792756842e-11
20.98568543714018	-1.336834130852105e-11
21.01043902540152	-1.336315880864457e-11
21.03519261366285	-1.335798042119207e-11
21.05994620192418	-1.335280613946061e-11
21.08469979018552	-1.334763595679088e-11
21.10945337844685	-1.334246986019573e-11
21.13420696670818	-1.333730785598371e-11
21.15896055496952	-1.333214993174746e-11
21.18371414323085	-1.332699608110666e-11
21.20846773149218	-1.332184629774277e-11
21.23322131975352	-1.331670057541546e-11
21.25797490801485	-1.33115589079954e-11
21.28272849627619	-1.330642128953523e-11
21.30748208453752	-1.330128771444357e-11
21.33223567279885	-1.329615817799042e-11
21.35698926106019	-1.329103260222979e-11
21.38174284932152	-1.328591110585212e-11
21.40649643758285	-1.328079362763143e-11
21.43125002584419	-1.327568016152654e-11
21.45600361410552	-1.327057070152578e-11
21.48075720236685	-1.326546524164776e-11
21.50551079062819	-1.326036377594201e-11
21.53026437888952	-1.32552662984893e-11
21.55501796715085	-1.325017280340194e-11
21.57977155541219	-1.324508328482394e-11
21.60452514367352	-1.323999773709148e-11
21.62927873193485	-1.323491615409669e-11
21.65403232019619	-1.322983853021651e-11
21.67878590845752	-1.322476485971569e-11
21.70353949671885	-1.321969513688981e-11
21.72829308498019	-1.321462935606569e-11
21.75304667324152	-1.320956751160188e-11
21.77780026150285	-1.320450959788963e-11
21.80255384976419	-1.319945560935452e-11
21.82730743802552	-1.319440554045952e-11
21.85206102628685	-1.318935939021225e-11
21.87681461454819	-1.318431714451634e-11
21.90156820280952	-1.317927880174774e-11
21.92632179107085	-1.317424435642115e-11
21.95107537933219	-1.316921380307838e-11
21.97582896759352	-1.316418713628815e-11
22.00058255585486	-1.315916435064605e-11
22.02533614411619	-1.315414544077435e-11
22.05008973237752	-1.314913040132193e-11
22.07484332063886	-1.314411922696411e-11
22.09959690890019	-1.313911191000688e-11
22.12435049716152	-1.313410845008331e-11
22.14910408542286	-1.312910883966651e-11
22.17385767368419	-1.312411307355095e-11
22.19861126194552	-1.311912114655174e-11
22.22336485020686	-1.311413305350348e-11
22.24811843846819	-1.31091487892586e-11
22.27287202672952	-1.310416834868447e-11
22.29762561499086	-1.30991917266584e-11
22.32237920325219	-1.309421891805825e-11
22.34713279151352	-1.30892499166277e-11
22.37188637977486	-1.308428471925345e-11
22.39663996803619	-1.307932331959986e-11
22.42139355629752	-1.30743657118003e-11
22.44614714455886	-1.306941188820295e-11
22.47090073282019	-1.306446183003254e-11
22.49565432108152	-1.305951717106411e-11
22.52040790934286	-1.305457320272007e-11
22.54516149760419	-1.304963446886593e-11
22.56991508586552	-1.304469951535077e-11
22.59466867412686	-1.303976829871828e-11
22.61942226238819	-1.303484087204433e-11
22.64417585064952	-1.302991719501579e-11
22.66892943891086	-1.302499726273561e-11
22.69368302717219	-1.30200810703267e-11
22.71843661543353	-1.301516861293189e-11
22.74319020369486	-1.301025988571374e-11
22.76794379195619	-1.300535488385454e-11
22.79269738021753	-1.300045360255615e-11
22.81745096847886	-1.299555603703995e-11
22.84220455674019	-1.299066219822551e-11
22.86695814500153	-1.298577204620749e-11
22.89171173326286	-1.298088559588284e-11
22.91646532152419	-1.297600284261285e-11
22.94121890978553	-1.297112378178379e-11
22.96597249804686	-1.296624840880219e-11
22.99072608630819	-1.296137671909257e-11
23.01547967456953	-1.295650870809631e-11
23.04023326283086	-1.295164437127104e-11
23.06498685109219	-1.294678370409024e-11
23.08974043935353	-1.2941926704422e-11
23.11449402761486	-1.293707336271266e-11
23.13924761587619	-1.293222367700496e-11
23.16400120413753	-1.292737764286421e-11
23.18875479239886	-1.292253525587314e-11
23.21350838066019	-1.291769651163258e-11
23.23826196892153	-1.291286140576218e-11
23.26301555718286	-1.290802993390132e-11
23.28776914544419	-1.290320209171027e-11
23.31252273370553	-1.289837787487146e-11
23.33727632196686	-1.289355725690002e-11
23.36202991022819	-1.288874028150171e-11
23.38678349848953	-1.288392691960612e-11
23.41153708675086	-1.287911716678047e-11
23.4362906750122	-1.287431101863617e-11
23.46104426327353	-1.286950847081615e-11
23.48579785153486	-1.286470951898765e-11
23.5105514397962	-1.28599141588381e-11
23.53530502805753	-1.285512238607246e-11
23.56005861631886	-1.285033419641159e-11
23.5848122045802	-1.284554958343444e-11
23.60956579284153	-1.284076854748464e-11
23.63431938110286	-1.283599108202979e-11
23.6590729693642	-1.283121718281355e-11
23.68382655762553	-1.282644684559006e-11
23.70858014588686	-1.282168006612397e-11
23.7333337341482	-1.281691684019049e-11
23.75808732240953	-1.281215716357536e-11
23.78284091067086	-1.280740103207482e-11
23.8075944989322	-1.280264844149572e-11
23.83234808719353	-1.279789938696618e-11
23.85710167545486	-1.279315386574846e-11
23.8818552637162	-1.27884118729963e-11
23.90660885197753	-1.278367340455434e-11
23.93136244023886	-1.277893845627462e-11
23.9561160285002	-1.277420702401635e-11
23.98086961676153	-1.276947910364576e-11
24.00562320502286	-1.276475469103588e-11
24.0303767932842	-1.276003378206636e-11
24.05513038154553	-1.275531637262314e-11
24.07988396980686	-1.27506024542167e-11
24.1046375580682	-1.274589203149838e-11
24.12939114632953	-1.274118509645786e-11
24.15414473459087	-1.273648164511719e-11
24.1788983228522	-1.273178167352737e-11
24.20365191111353	-1.272708517778198e-11
24.22840549937487	-1.272239215404355e-11
24.2531590876362	-1.271770259859949e-11
24.27791267589753	-1.271301650799425e-11
24.30266626415887	-1.270833387939591e-11
24.3274198524202	-1.27036546450501e-11
24.35217344068153	-1.269897891156779e-11
24.37692702894287	-1.269430662656313e-11
24.4016806172042	-1.26896377862039e-11
24.42643420546553	-1.268497238665532e-11
24.45118779372687	-1.268031042408131e-11
24.4759413819882	-1.267565189464574e-11
24.50069497024953	-1.267099679451338e-11
24.52544855851087	-1.266634511985075e-11
24.5502021467722	-1.266169686682692e-11
24.57495573503353	-1.265705204002827e-11
24.59970932329487	-1.265241061927355e-11
24.6244629115562	-1.264777260795633e-11
24.64921649981753	-1.264313800182741e-11
24.67397008807887	-1.263850679601284e-11
24.6987236763402	-1.263387898289768e-11
24.72347726460153	-1.262925452429776e-11
24.74823085286287	-1.262463365350502e-11
24.7729844411242	-1.26200159740948e-11
24.79773802938553	-1.261540171627744e-11
24.82249161764687	-1.261079082603591e-11
24.8472452059082	-1.260618333534038e-11
24.87199879416954	-1.260157921632747e-11
24.89675238243087	-1.259697846515159e-11
24.9215059706922	-1.259238107797346e-11
24.94625955895354	-1.258778705096016e-11
24.97101314721487	-1.258319638028513e-11
24.9957667354762	-1.25786090621282e-11
25.02052032373754	-1.257402509267557e-11
25.04527391199887	-1.256944446811985e-11
25.0700275002602	-1.256486718602708e-11
25.09478108852154	-1.256029323972497e-11
25.11953467678287	-1.255572262682923e-11
25.1442882650442	-1.25511553435746e-11
25.16904185330554	-1.254659138620662e-11
25.19379544156687	-1.254203075098124e-11
25.2185490298282	-1.253747343416454e-11
25.24330261808954	-1.253291943203245e-11
25.26805620635087	-1.252836874087052e-11
25.2928097946122	-1.252382135697366e-11
25.31756338287354	-1.25192772706765e-11
25.34231697113487	-1.251473648980567e-11
25.3670705593962	-1.251019900561918e-11
25.39182414765754	-1.250566481477471e-11
25.41657773591887	-1.250113391453524e-11
25.4413313241802	-1.249660630575071e-11
25.46608491244154	-1.249208585719422e-11
25.49083850070287	-1.248756087596065e-11
25.5155920889642	-1.248304310200847e-11
25.54034567722554	-1.247852859299105e-11
25.56509926548687	-1.24740173593195e-11
25.58985285374821	-1.246950937690078e-11
25.61460644200954	-1.246500465472042e-11
25.63936003027087	-1.246050318923993e-11
25.66411361853221	-1.245600497692817e-11
25.68886720679354	-1.245151001426141e-11
25.71362079505487	-1.244701829772347e-11
25.73837438331621	-1.244252982380576e-11
25.76312797157754	-1.243804458900743e-11
25.78788155983887	-1.243356258983543e-11
25.81263514810021	-1.2429083787579e-11
25.83738873636154	-1.242460826478738e-11
25.86214232462287	-1.242013595973376e-11
25.88689591288421	-1.241566687381779e-11
25.91164950114554	-1.241120100488866e-11
25.93640308940687	-1.240673834996556e-11
25.96115667766821	-1.240227890579214e-11
25.98591026592954	-1.239782266900129e-11
26.01066385419087	-1.239336963617624e-11
26.03541744245221	-1.238891980387689e-11
26.06017103071354	-1.238447316604536e-11
26.08492461897487	-1.238002972485274e-11
26.10967820723621	-1.237558947395536e-11
26.13443179549754	-1.237115240985682e-11
26.15918538375887	-1.236671852906601e-11
26.18393897202021	-1.236228782809716e-11
26.20869256028154	-1.235786030346978e-11
26.23344614854287	-1.235343595170876e-11
26.25819973680421	-1.234901476934432e-11
26.28295332506554	-1.234459675291205e-11
26.30770691332688	-1.234018189884884e-11
26.33246050158821	-1.233577020391871e-11
26.35721408984954	-1.23313616645687e-11
26.38196767811088	-1.232695627735509e-11
26.40672126637221	-1.232255403883917e-11
26.43147485463354	-1.231815494558724e-11
26.45622844289488	-1.231375899417062e-11
26.48098203115621	-1.230936618116565e-11
26.50573561941754	-1.230497650315375e-11
26.53048920767888	-1.230058995672138e-11
26.55524279594021	-1.229620653813408e-11
26.57999638420154	-1.229182624466692e-11
26.60474997246288	-1.228744907259768e-11
26.62950356072421	-1.228307501853108e-11
26.65425714898554	-1.227870407907538e-11
26.67901073724688	-1.227433625084239e-11
26.70376432550821	-1.226997153044736e-11
26.72851791376954	-1.226560991450891e-11
26.75327150203088	-1.226125139964898e-11
26.77802509029221	-1.22568959824927e-11
26.80277867855354	-1.225254365526818e-11
26.82753226681488	-1.224819442333629e-11
26.85228585507621	-1.224384827946125e-11
26.87703944333754	-1.223950522042475e-11
26.90179303159888	-1.223516524306728e-11
26.92654661986021	-1.223082834433738e-11
26.95130020812154	-1.222649452140672e-11
26.97605379638288	-1.222216377198388e-11
27.00080738464421	-1.221783609538824e-11
27.02556097290555	-1.221351149798629e-11
27.05031456116688	-1.220918986786305e-11
27.07506814942821	-1.220487136120777e-11
27.09982173768955	-1.220055590983073e-11
27.12457532595088	-1.219624351056728e-11
27.14932891421221	-1.219193416025383e-11
27.17408250247355	-1.218762785572817e-11
27.19883609073488	-1.218332459382952e-11
27.22358967899621	-1.217902437139879e-11
27.24834326725755	-1.217472718527865e-11
27.27309685551888	-1.217043303231375e-11
27.29785044378021	-1.21661419018563e-11
27.32260403204155	-1.21618538072147e-11
27.34735762030288	-1.215756873647377e-11
27.37211120856421	-1.215328668637657e-11
27.39686479682555	-1.214900765368623e-11
27.42161838508688	-1.214473163518011e-11
27.44637197334821	-1.214045862764641e-11
27.47112556160955	-1.213618862788213e-11
27.49587914987088	-1.213192163269183e-11
27.52063273813221	-1.212765763888679e-11
27.54538632639355	-1.212339663998423e-11
27.57013991465488	-1.211913863929895e-11
27.59489350291621	-1.211488363071958e-11
27.61964709117755	-1.211063161121972e-11
27.64440067943888	-1.210638257805246e-11
27.66915426770021	-1.210213653012438e-11
27.69390785596155	-1.209791124086661e-11
27.71866144422288	-1.209365334438899e-11
27.74341503248422	-1.208941622505519e-11
27.76816862074555	-1.208518207288524e-11
27.79292220900688	-1.208095089202622e-11
27.81767579726822	-1.207672266816436e-11
27.84242938552955	-1.207249740474482e-11
27.86718297379088	-1.206827509865484e-11
27.89193656205222	-1.206405574678784e-11
27.91669015031355	-1.20598393460442e-11
27.94144373857488	-1.205562589333247e-11
27.96619732683622	-1.205141538557144e-11
27.99095091509755	-1.204720781969366e-11
28.01570450335888	-1.204300319265191e-11
28.04045809162022	-1.203880151162795e-11
28.06521167988155	-1.203460275418529e-11
28.08996526814288	-1.20304069259374e-11
28.11471885640422	-1.202621402374244e-11
28.13947244466555	-1.202202404446274e-11
28.16422603292688	-1.201783698496484e-11
28.18897962118822	-1.201365284211953e-11
28.21373320944955	-1.200947161280178e-11
28.23848679771088	-1.200529329389083e-11
28.26324038597222	-1.200111788227015e-11
28.28799397423355	-1.199694537622895e-11
28.31274756249488	-1.199277576970592e-11
28.33750115075622	-1.198860906104093e-11
28.36225473901755	-1.19844452471521e-11
28.38700832727888	-1.198028432496605e-11
28.41176191554022	-1.197612629141755e-11
28.43651550380155	-1.197197114344914e-11
28.46126909206289	-1.196781887801087e-11
28.48602268032422	-1.196366949205996e-11
28.51077626858555	-1.195952298256062e-11
28.53552985684689	-1.195537934326693e-11
28.56028344510822	-1.195123857764829e-11
28.58503703336955	-1.19471006797312e-11
28.60979062163089	-1.194296564656744e-11
28.63454420989222	-1.193883347523319e-11
28.65929779815355	-1.193470416284514e-11
28.68405138641489	-1.193057770659545e-11
28.70880497467622	-1.192645410383616e-11
28.73355856293755	-1.192233335232121e-11
28.75831215119889	-1.191821545110332e-11
28.78306573946022	-1.191410035711823e-11
28.80781932772155	-1.190998813064234e-11
28.83257291598289	-1.19058787422115e-11
28.85732650424422	-1.190177218895027e-11
28.88208009250555	-1.189766846798925e-11
28.90683368076689	-1.189356757646521e-11
28.93158726902822	-1.188946951152113e-11
28.95634085728955	-1.188537427030637e-11
28.98109444555089	-1.188128184997668e-11
29.00584803381222	-1.187719224769436e-11
29.03060162207355	-1.187310545392033e-11
29.05535521033489	-1.18690214802129e-11
29.08010879859622	-1.186494031646839e-11
29.10486238685755	-1.186086195976972e-11
29.12961597511889	-1.185678640720673e-11
29.15436956338022	-1.18527136558754e-11
29.17912315164156	-1.184864370287729e-11
29.20387673990289	-1.184457654531924e-11
29.22863032816422	-1.184051218031303e-11
29.25338391642556	-1.183645060497523e-11
29.27813750468689	-1.183239181619211e-11
29.30289109294822	-1.182833581158576e-11
29.32764468120956	-1.182428258804215e-11
29.35239826947089	-1.182023214269276e-11
29.37715185773222	-1.18161844726728e-11
29.40190544599356	-1.181213957512126e-11
29.42665903425489	-1.180809744718086e-11
29.45141262251622	-1.180405808599804e-11
29.47616621077756	-1.180002148872298e-11
29.50091979903889	-1.179598765250958e-11
29.52567338730022	-1.179195657440585e-11
29.55042697556156	-1.17879282517993e-11
29.57518056382289	-1.178390268174841e-11
29.59993415208422	-1.177987986142165e-11
29.62468774034556	-1.177585978799059e-11
29.64944132860689	-1.177184245862982e-11
29.67419491686822	-1.176782787051679e-11
29.69894850512956	-1.176381602083168e-11
29.72370209339089	-1.175980690675721e-11
29.74845568165222	-1.175580052547845e-11
29.77320926991356	-1.175179687548449e-11
29.79796285817489	-1.174779595125599e-11
29.82271644643622	-1.174379775127663e-11
29.84747003469756	-1.173980227274402e-11
29.87222362295889	-1.17358095128611e-11
29.89697721122023	-1.173181946883607e-11
29.92173079948156	-1.172783213788214e-11
29.94648438774289	-1.172384751721747e-11
29.97123797600423	-1.171986560406508e-11
29.99599156426556	-1.171588639565266e-11
30.02074515252689	-1.171190988888032e-11
30.04549874078823	-1.17079360816804e-11
30.07025232904956	-1.170396497095866e-11
30.09500591731089	-1.169999655395791e-11
30.11975950557223	-1.169603082792407e-11
30.14451309383356	-1.16920677901061e-11
30.16926668209489	-1.168810743775597e-11
30.19402027035623	-1.168414976812856e-11
30.21877385861756	-1.168019477848166e-11
30.24352744687889	-1.16762424660758e-11
30.26828103514023	-1.167229282943967e-11
30.29303462340156	-1.166834586315303e-11
30.31778821166289	-1.166440156581816e-11
30.34254179992423	-1.166045993472287e-11
30.36729538818556	-1.165652096715914e-11
30.39204897644689	-1.165258466042298e-11
30.41680256470823	-1.164865101181438e-11
30.44155615296956	-1.164472001863725e-11
30.46630974123089	-1.164079167819936e-11
30.49106332949223	-1.163686598781232e-11
30.51581691775356	-1.163294294470629e-11
30.54057050601489	-1.162902254637844e-11
30.56532409427623	-1.162510479006624e-11
30.59007768253756	-1.162118967309589e-11
30.61483127079889	-1.161727719279707e-11
30.63958485906023	-1.161336734650286e-11
30.66433844732156	-1.160946013154974e-11
30.6890920355829	-1.160555554527751e-11
30.71384562384423	-1.16016535850292e-11
30.73859921210556	-1.159775424815095e-11
30.7633528003669	-1.159385753175474e-11
30.78810638862823	-1.158996343365913e-11
30.81285997688956	-1.158607195101422e-11
30.8376135651509	-1.158218308118574e-11
30.86236715341223	-1.1578296821544e-11
30.88712074167356	-1.157441316946448e-11
30.9118743299349	-1.157053212232875e-11
30.93662791819623	-1.156665367752638e-11
30.96138150645756	-1.15627778324585e-11
30.9861350947189	-1.155890458454564e-11
31.01088868298023	-1.155503390316261e-11
31.03564227124156	-1.15511658393362e-11
31.0603958595029	-1.154730036536449e-11
31.08514944776423	-1.154343747860233e-11
31.10990303602556	-1.153957717641997e-11
31.1346566242869	-1.153571945619909e-11
31.15941021254823	-1.153186431533043e-11
31.18416380080956	-1.152801175121219e-11
31.2089173890709	-1.152416176124892e-11
31.23367097733223	-1.152031434285079e-11
31.25842456559356	-1.151646949747212e-11
31.2831781538549	-1.151262721294408e-11
31.30793174211623	-1.150878749274984e-11
31.33268533037756	-1.150495033407636e-11
31.3574389186389	-1.150111573426249e-11
31.38219250690023	-1.149728369070132e-11
31.40694609516157	-1.149345420081071e-11
31.4316996834229	-1.148962726202214e-11
31.45645327168423	-1.148580287177591e-11
31.48120685994557	-1.148198102751885e-11
31.5059604482069	-1.147816172756656e-11
31.53071403646823	-1.147434496757025e-11
31.55546762472957	-1.147053074586779e-11
31.5802212129909	-1.146671905992478e-11
31.60497480125223	-1.146290990720992e-11
31.62972838951357	-1.145910328519476e-11
31.6544819777749	-1.145529919135335e-11
31.67923556603623	-1.145149762316159e-11
31.70398915429757	-1.144769857809583e-11
31.7287427425589	-1.144390205362984e-11
31.75349633082023	-1.144010804722706e-11
31.77824991908157	-1.14363165563165e-11
31.8030035073429	-1.143252757819153e-11
31.82775709560423	-1.142874110920864e-11
31.85251068386557	-1.142495718040587e-11
31.8772642721269	-1.142117570433083e-11
31.90201786038823	-1.141739675293444e-11
31.92677144864957	-1.141362030310112e-11
31.9515250369109	-1.140984635168986e-11
31.97627862517223	-1.140607489607675e-11
32.00103221343357	-1.140230593373617e-11
32.0257858016949	-1.139853946217424e-11
32.05053938995623	-1.139477547891148e-11
32.07529297821757	-1.139101398147675e-11
32.1000465664789	-1.138725496740486e-11
32.12480015474024	-1.138349843423542e-11
32.14955374300157	-1.137974437951228e-11
32.1743073312629	-1.137599280078323e-11
32.19906091952424	-1.137224369559981e-11
32.22381450778557	-1.136849706151721e-11
