30,0000	0,5600	0,3548
30,2599	0,5605	-0,1932
30,5197	0,5610	-0,8100
30,7796	0,5616	-1,1821
31,0395	0,5621	-1,3146
31,2994	0,5626	-1,3503
31,5592	0,5631	-1,2535
31,8191	0,5636	-1,0317
32,0790	0,5642	-0,7896
32,3388	0,5647	-0,6035
32,5987	0,5652	-0,4608
32,8586	0,5657	-0,3691
33,1184	0,5662	-0,1295
33,3783	0,5668	0,0489
33,6382	0,5673	0,2248
33,8981	0,5678	0,3140
34,1579	0,5683	0,4618
34,4178	0,5688	0,5612
34,6777	0,5694	0,7957
34,9375	0,5699	0,9461
35,1974	0,5704	1,1474
35,4573	0,5709	1,3411
35,7171	0,5714	1,3437
35,9770	0,5720	1,4099
36,2369	0,5725	1,4099
36,4968	0,5730	1,2978
36,7566	0,5735	1,1984
37,0165	0,5740	1,0811
37,2764	0,5746	0,9664
37,5362	0,5751	0,7218
37,7961	0,5756	0,4312
38,0560	0,5761	0,0846
38,3158	0,5766	-0,3512
38,5757	0,5772	-0,6571
38,8356	0,5777	-1,0088
39,0955	0,5782	-1,2382
39,3553	0,5787	-1,6460
39,6152	0,5792	-2,0257
39,8751	0,5798	-2,3392
40,1349	0,5803	-2,6247
40,3948	0,5808	-2,9101
40,6547	0,5813	-3,0834
40,9145	0,5818	-3,2822
41,1744	0,5824	-3,4147
41,4343	0,5829	-3,4708
41,6942	0,5834	-3,5677
41,9540	0,5839	-3,6441
42,2139	0,5844	-3,6034
42,4738	0,5850	-3,5855
42,7336	0,5855	-3,4989
42,9935	0,5860	-3,2363
43,2534	0,5865	-3,1828
43,5132	0,5870	-3,0223
43,7731	0,5876	-2,7776
44,0330	0,5881	-2,5380
44,2929	0,5886	-2,3418
44,5527	0,5891	-2,1047
44,8126	0,5896	-1,9238
45,0725	0,5902	-1,7632
45,3323	0,5907	-1,6765
45,5922	0,5912	-1,6383
45,8521	0,5917	-1,5848
46,1119	0,5922	-1,5109
46,3718	0,5928	-1,5032
46,6317	0,5933	-1,3478
46,8916	0,5938	-1,3911
47,1514	0,5943	-1,4089
47,4113	0,5948	-1,3325
47,6712	0,5954	-1,2866
47,9310	0,5959	-1,3070
48,1909	0,5964	-1,2203
48,4508	0,5969	-1,3172
48,7106	0,5974	-1,3580
48,9705	0,5980	-1,2866
49,2304	0,5985	-1,3529
49,4903	0,5990	-1,3223
49,7501	0,5995	-1,2509
50,0100	0,6000	-1,2407
50,2699	0,6006	-1,2305
50,5297	0,6011	-1,1872
50,7896	0,6016	-1,1694
51,0495	0,6021	-1,0547
51,3093	0,6026	-0,9323
51,5692	0,6032	-0,9094
51,8291	0,6037	-0,9400
52,0890	0,6042	-0,9221
52,3488	0,6047	-0,8508
52,6087	0,6052	-0,8661
52,8686	0,6058	-0,7743
53,1284	0,6063	-0,7972
53,3883	0,6068	-0,8584
53,6482	0,6073	-0,9604
53,9080	0,6078	-0,9960
54,1679	0,6084	-0,9986
54,4278	0,6089	-1,0496
54,6877	0,6094	-1,0470
54,9475	0,6099	-1,0317
55,2074	0,6104	-1,1082
55,4673	0,6110	-1,2127
55,7271	0,6115	-1,2229
55,9870	0,6120	-1,2866
56,2469	0,6125	-1,2637
56,5067	0,6130	-1,2789
56,7666	0,6136	-1,2840
57,0265	0,6141	-1,2586
57,2864	0,6146	-1,2586
57,5462	0,6151	-1,2535
57,8061	0,6156	-1,1872
58,0660	0,6162	-1,0929
58,3258	0,6167	-1,0190
58,5857	0,6172	-0,9221
58,8456	0,6177	-0,7972
59,1054	0,6182	-0,6902
59,3653	0,6188	-0,6775
59,6252	0,6193	-0,6137
59,8851	0,6198	-0,5857
60,1449	0,6203	-0,4047
60,4048	0,6208	-0,2875
60,6647	0,6214	-0,2493
60,9245	0,6219	-0,1652
61,1844	0,6224	-0,1117
61,4443	0,6229	-0,1040
61,7041	0,6234	-0,0428
61,9640	0,6240	-0,0683
62,2239	0,6245	-0,1397
62,4838	0,6250	-0,1295
62,7436	0,6255	-0,3206
63,0035	0,6260	-0,4481
63,2634	0,6266	-0,6163
63,5232	0,6271	-0,8176
63,7831	0,6276	-0,8559
64,0430	0,6281	-0,9119
64,3028	0,6286	-1,1464
64,5627	0,6292	-1,3223
64,8226	0,6297	-1,4395
65,0825	0,6302	-1,5542
65,3423	0,6307	-1,5797
65,6022	0,6312	-1,7173
65,8621	0,6318	-1,7632
66,1219	0,6323	-1,8346
66,3818	0,6328	-1,8677
66,6417	0,6333	-1,9059
66,9015	0,6338	-1,9340
67,1614	0,6344	-1,9645
67,4213	0,6349	-2,0283
67,6812	0,6354	-1,9391
67,9410	0,6359	-1,8677
68,2009	0,6364	-1,8244
68,4608	0,6370	-1,8167
68,7206	0,6375	-1,8753
68,9805	0,6380	-1,7912
69,2404	0,6385	-1,7607
69,5002	0,6390	-1,7479
69,7601	0,6396	-1,6995
70,0200	0,6401	-1,6867
70,2799	0,6406	-1,7785
70,5397	0,6411	-1,7224
70,7996	0,6416	-1,6816
71,0595	0,6422	-1,6256
71,3193	0,6427	-1,5695
71,5792	0,6432	-1,5822
71,8391	0,6437	-1,4956
72,0990	0,6442	-1,4625
72,3588	0,6448	-1,4319
72,6187	0,6453	-1,3223
72,8786	0,6458	-1,3656
73,1384	0,6463	-1,3325
73,3983	0,6468	-1,3146
73,6582	0,6474	-1,3146
73,9180	0,6479	-1,2891
74,1779	0,6484	-1,2764
74,4378	0,6489	-1,2331
74,6977	0,6494	-1,2280
74,9575	0,6500	-1,2509
75,2174	0,6505	-1,1897
75,4773	0,6510	-1,1541
75,7371	0,6515	-1,1770
75,9970	0,6520	-1,1872
76,2569	0,6526	-1,1056
76,5167	0,6531	-1,0954
76,7766	0,6536	-1,0139
77,0365	0,6541	-0,9680
77,2964	0,6546	-1,0164
77,5562	0,6552	-0,9221
77,8161	0,6557	-0,8788
78,0760	0,6562	-0,8151
78,3358	0,6567	-0,8049
78,5957	0,6572	-0,7539
78,8556	0,6578	-0,7488
79,1154	0,6583	-0,7055
79,3753	0,6588	-0,6749
79,6352	0,6593	-0,6545
79,8951	0,6598	-0,6749
80,1549	0,6604	-0,6086
80,4148	0,6609	-0,6112
80,6747	0,6614	-0,6214
80,9345	0,6619	-0,5857
81,1944	0,6624	-0,5373
81,4543	0,6630	-0,6163
81,7141	0,6635	-0,6647
81,9740	0,6640	-0,6724
82,2339	0,6645	-0,7769
82,4938	0,6650	-0,9272
82,7536	0,6656	-1,0011
83,0135	0,6661	-1,0598
83,2734	0,6666	-1,1541
83,5332	0,6671	-1,2458
83,7931	0,6676	-1,4038
84,0530	0,6682	-1,4981
84,3128	0,6687	-1,5950
84,5727	0,6692	-1,6867
84,8326	0,6697	-1,8422
85,0925	0,6702	-1,8779
85,3523	0,6708	-1,9136
85,6122	0,6713	-1,9594
85,8721	0,6718	-2,0002
86,1319	0,6723	-2,1379
86,3918	0,6728	-2,1735
86,6517	0,6734	-2,1837
86,9115	0,6739	-2,2143
87,1714	0,6744	-2,2296
87,4313	0,6749	-2,2729
87,6912	0,6754	-2,1761
87,9510	0,6760	-2,1328
88,2109	0,6765	-2,0843
88,4708	0,6770	-2,0487
88,7306	0,6775	-2,0334
88,9905	0,6780	-1,9773
89,2504	0,6786	-1,9645
89,5102	0,6791	-1,8371
89,7701	0,6796	-1,8218
90,0300	0,6801	-1,8269
90,2899	0,6806	-1,7275
90,5497	0,6812	-1,6638
90,8096	0,6817	-1,6230
91,0695	0,6822	-1,6383
91,3293	0,6827	-1,6434
91,5892	0,6832	-1,6332
91,8491	0,6838	-1,6230
92,1089	0,6843	-1,6230
92,3688	0,6848	-1,5720
92,6287	0,6853	-1,5466
92,8886	0,6858	-1,5313
93,1484	0,6864	-1,5032
93,4083	0,6869	-1,4956
93,6682	0,6874	-1,4319
93,9280	0,6879	-1,4625
94,1879	0,6884	-1,5262
94,4478	0,6890	-1,5211
94,7076	0,6895	-1,4115
94,9675	0,6900	-1,4140
95,2274	0,6905	-1,3809
95,4873	0,6910	-1,3478
95,7471	0,6916	-1,3783
96,0070	0,6921	-1,3682
96,2669	0,6926	-1,3478
96,5267	0,6931	-1,2968
96,7866	0,6936	-1,3197
97,0465	0,6942	-1,2688
97,3063	0,6947	-1,2407
97,5662	0,6952	-1,1974
97,8261	0,6957	-1,1337
98,0860	0,6962	-1,1184
98,3458	0,6968	-1,0852
98,6057	0,6973	-1,0445
98,8656	0,6978	-1,0496
99,1254	0,6983	-1,0547
99,3853	0,6988	-1,0062
99,6452	0,6994	-0,9400
99,9050	0,6999	-0,8712
100,1649	0,7004	-0,8355
100,4248	0,7009	-0,8992
100,6847	0,7014	-0,9094
100,9445	0,7020	-0,9349
101,2044	0,7025	-1,0011
101,4643	0,7030	-1,0521
101,7241	0,7035	-1,1413
101,9840	0,7040	-1,1872
102,2439	0,7046	-1,2025
102,5037	0,7051	-1,2815
102,7636	0,7056	-1,4038
103,0235	0,7061	-1,5415
103,2834	0,7066	-1,6358
103,5432	0,7072	-1,6740
103,8031	0,7077	-1,6307
104,0630	0,7082	-1,7581
104,3228	0,7087	-1,8499
104,5827	0,7092	-1,9620
104,8426	0,7098	-1,9977
105,1024	0,7103	-1,9977
105,3623	0,7108	-2,0079
105,6222	0,7113	-2,0487
105,8821	0,7118	-2,1200
106,1419	0,7124	-2,2475
106,4018	0,7129	-2,2041
106,6617	0,7134	-2,2500
106,9215	0,7139	-2,1735
107,1814	0,7144	-2,1659
107,4413	0,7150	-2,0945
107,7011	0,7155	-2,0461
107,9610	0,7160	-2,0563
108,2209	0,7165	-2,0104
108,4808	0,7170	-1,9900
108,7406	0,7176	-1,9544
109,0005	0,7181	-1,8601
109,2604	0,7186	-1,8422
109,5202	0,7191	-1,7785
109,7801	0,7196	-1,7683
110,0400	0,7202	-1,7632
110,2999	0,7207	-1,8448
110,5597	0,7212	-1,7989
110,8196	0,7217	-1,7556
111,0795	0,7222	-1,7963
111,3393	0,7228	-1,7912
111,5992	0,7233	-1,7683
111,8591	0,7238	-1,7963
112,1189	0,7243	-1,8804
112,3788	0,7248	-1,9161
112,6387	0,7254	-1,9594
112,8986	0,7259	-1,9467
113,1584	0,7264	-1,9798
113,4183	0,7269	-1,9900
113,6782	0,7274	-2,0130
113,9380	0,7280	-2,0181
114,1979	0,7285	-1,9747
114,4578	0,7290	-1,9900
114,7176	0,7295	-1,9569
114,9775	0,7300	-1,9620
115,2374	0,7306	-1,9849
115,4973	0,7311	-1,9671
115,7571	0,7316	-1,9263
116,0170	0,7321	-1,9110
116,2769	0,7326	-1,9340
116,5367	0,7332	-1,8728
116,7966	0,7337	-1,9085
117,0565	0,7342	-1,9212
117,3163	0,7347	-1,8524
117,5762	0,7352	-1,8575
117,8361	0,7358	-1,8779
118,0960	0,7363	-1,9314
118,3558	0,7368	-1,8575
118,6157	0,7373	-1,8550
118,8756	0,7378	-1,9110
119,1354	0,7384	-1,8906
119,3953	0,7389	-1,8295
119,6552	0,7394	-1,8448
119,9150	0,7399	-1,8779
120,1749	0,7404	-1,8371
120,4348	0,7410	-1,8065
120,6947	0,7415	-1,8346
120,9545	0,7420	-1,8651
121,2144	0,7425	-1,8218
121,4743	0,7430	-1,8651
121,7341	0,7436	-1,8295
121,9940	0,7441	-1,8499
122,2539	0,7446	-1,8550
122,5137	0,7451	-1,8601
122,7736	0,7456	-1,8779
123,0335	0,7462	-1,9365
123,2934	0,7467	-1,8702
123,5532	0,7472	-1,8524
123,8131	0,7477	-1,8371
124,0730	0,7482	-1,8448
124,3328	0,7488	-1,9110
124,5927	0,7493	-1,9059
124,8526	0,7498	-1,8473
125,1124	0,7503	-1,8524
125,3723	0,7508	-1,8830
125,6322	0,7514	-1,9314
125,8921	0,7519	-1,8651
126,1519	0,7524	-1,9136
126,4118	0,7529	-1,9467
126,6717	0,7534	-1,9671
126,9315	0,7540	-2,0053
127,1914	0,7545	-1,9773
127,4513	0,7550	-1,9900
127,7111	0,7555	-2,0232
127,9710	0,7560	-1,9034
128,2309	0,7566	-1,9518
128,4908	0,7571	-1,9645
128,7506	0,7576	-1,9289
129,0105	0,7581	-1,9747
129,2704	0,7586	-1,9416
129,5302	0,7592	-1,9620
129,7901	0,7597	-1,8855
130,0500	0,7602	-1,8269
130,3098	0,7607	-1,8218
130,5697	0,7612	-1,8881
130,8296	0,7618	-1,8983
131,0895	0,7623	-1,8881
131,3493	0,7628	-1,9849
131,6092	0,7633	-1,9594
131,8691	0,7638	-1,9824
132,1289	0,7644	-2,0028
132,3888	0,7649	-1,9900
132,6487	0,7654	-1,9875
132,9085	0,7659	-1,9340
133,1684	0,7664	-1,9161
133,4283	0,7670	-1,9544
133,6882	0,7675	-1,9340
133,9480	0,7680	-1,9314
134,2079	0,7685	-1,9798
134,4678	0,7690	-1,9289
134,7276	0,7696	-1,9569
134,9875	0,7701	-1,9951
135,2474	0,7706	-1,9977
135,5072	0,7711	-2,0002
135,7671	0,7716	-2,0104
136,0270	0,7722	-1,9008
136,2869	0,7727	-1,8728
136,5467	0,7732	-1,9314
136,8066	0,7737	-1,9926
137,0665	0,7742	-2,0181
137,3263	0,7748	-2,0130
137,5862	0,7753	-2,0385
137,8461	0,7758	-2,0818
138,1059	0,7763	-2,1124
138,3658	0,7768	-2,0665
138,6257	0,7774	-2,0461
138,8856	0,7779	-2,0512
139,1454	0,7784	-2,0487
139,4053	0,7789	-2,0665
139,6652	0,7794	-2,0843
139,9250	0,7800	-2,0614
140,1849	0,7805	-2,0410
140,4448	0,7810	-2,1022
140,7046	0,7815	-2,1481
140,9645	0,7820	-2,1277
141,2244	0,7826	-2,1251
141,4843	0,7831	-2,1226
141,7441	0,7836	-2,1786
142,0040	0,7841	-2,1939
142,2639	0,7846	-2,2067
142,5237	0,7852	-2,2118
142,7836	0,7857	-2,2322
143,0435	0,7862	-2,2067
143,3033	0,7867	-2,1965
143,5632	0,7872	-2,2245
143,8231	0,7878	-2,1863
144,0830	0,7883	-2,1939
144,3428	0,7888	-2,1735
144,6027	0,7893	-2,1863
144,8626	0,7898	-2,1939
145,1224	0,7904	-2,1226
145,3823	0,7909	-2,1837
145,6422	0,7914	-2,2143
145,9020	0,7919	-2,1990
146,1619	0,7924	-2,2373
146,4218	0,7930	-2,1888
146,6817	0,7935	-2,1175
146,9415	0,7940	-2,2296
147,2014	0,7945	-2,2525
147,4613	0,7950	-2,2398
147,7211	0,7956	-2,2729
147,9810	0,7961	-2,3112
148,2409	0,7966	-2,2704
148,5007	0,7971	-2,3112
148,7606	0,7976	-2,3341
149,0205	0,7982	-2,3239
149,2804	0,7987	-2,3086
149,5402	0,7992	-2,2831
149,8001	0,7997	-2,3010
150,0600	0,8002	-2,3570
150,3198	0,8008	-2,2933
150,5797	0,8013	-2,3367
150,8396	0,8018	-2,3316
151,0995	0,8023	-2,3086
151,3593	0,8028	-2,3010
151,6192	0,8034	-2,3672
151,8791	0,8039	-2,3494
152,1389	0,8044	-2,3010
152,3988	0,8049	-2,3316
152,6587	0,8054	-2,3163
152,9185	0,8060	-2,2704
153,1784	0,8065	-2,2780
153,4383	0,8070	-2,2475
153,6982	0,8075	-2,2475
153,9580	0,8080	-2,2627
154,2179	0,8086	-2,2398
154,4778	0,8091	-2,2908
154,7376	0,8096	-2,2169
154,9975	0,8101	-2,1837
155,2574	0,8106	-2,2143
155,5172	0,8112	-2,2169
155,7771	0,8117	-2,2653
156,0370	0,8122	-2,2806
156,2969	0,8127	-2,3418
156,5567	0,8132	-2,3137
156,8166	0,8138	-2,3647
157,0765	0,8143	-2,3545
157,3363	0,8148	-2,3672
157,5962	0,8153	-2,3570
157,8561	0,8158	-2,3239
158,1159	0,8164	-2,2882
158,3758	0,8169	-2,3086
158,6357	0,8174	-2,2627
158,8956	0,8179	-2,2755
159,1554	0,8184	-2,2806
159,4153	0,8190	-2,3010
159,6752	0,8195	-2,3494
159,9350	0,8200	-2,3290
160,1949	0,8205	-2,3621
160,4548	0,8210	-2,3621
160,7146	0,8216	-2,3698
160,9745	0,8221	-2,3137
161,2344	0,8226	-2,3316
161,4943	0,8231	-2,3927
161,7541	0,8236	-2,3443
162,0140	0,8242	-2,4182
162,2739	0,8247	-2,3978
162,5337	0,8252	-2,3010
162,7936	0,8257	-2,2678
163,0535	0,8262	-2,2882
163,3133	0,8268	-2,3392
163,5732	0,8273	-2,4106
163,8331	0,8278	-2,3723
164,0930	0,8283	-2,3774
164,3528	0,8288	-2,4437
164,6127	0,8294	-2,4029
164,8726	0,8299	-2,3545
165,1324	0,8304	-2,5202
165,3923	0,8309	-2,4361
165,6522	0,8314	-2,4743
165,9120	0,8320	-2,4615
166,1719	0,8325	-2,3800
166,4318	0,8330	-2,3927
166,6917	0,8335	-2,4208
166,9515	0,8340	-2,4233
167,2114	0,8346	-2,4437
167,4713	0,8351	-2,4310
167,7311	0,8356	-2,4157
167,9910	0,8361	-2,4055
168,2509	0,8366	-2,3825
168,5107	0,8372	-2,3468
168,7706	0,8377	-2,4055
169,0305	0,8382	-2,4080
169,2904	0,8387	-2,3137
169,5502	0,8392	-2,3468
169,8101	0,8398	-2,3774
170,0700	0,8403	-2,3621
170,3298	0,8408	-2,3825
170,5897	0,8413	-2,4437
170,8496	0,8418	-2,4819
171,1094	0,8424	-2,4564
171,3693	0,8429	-2,4717
171,6292	0,8434	-2,4513
171,8891	0,8439	-2,4437
172,1489	0,8444	-2,4564
172,4088	0,8450	-2,4106
172,6687	0,8455	-2,4233
172,9285	0,8460	-2,4437
173,1884	0,8465	-2,3774
173,4483	0,8470	-2,4157
173,7081	0,8476	-2,4080
173,9680	0,8481	-2,4080
174,2279	0,8486	-2,4717
174,4878	0,8491	-2,3800
174,7476	0,8496	-2,3978
175,0075	0,8502	-2,3672
175,2674	0,8507	-2,3112
175,5272	0,8512	-2,3800
175,7871	0,8517	-2,4488
176,0470	0,8522	-2,4208
176,3068	0,8528	-2,4564
176,5667	0,8533	-2,4462
176,8266	0,8538	-2,4208
177,0865	0,8543	-2,4106
177,3463	0,8548	-2,4768
177,6062	0,8554	-2,4335
177,8661	0,8559	-2,5023
178,1259	0,8564	-2,4896
178,3858	0,8569	-2,4462
178,6457	0,8574	-2,4921
178,9055	0,8580	-2,4972
179,1654	0,8585	-2,4947
179,4253	0,8590	-2,5253
179,6852	0,8595	-2,5278
179,9450	0,8600	-2,5813
180,2049	0,8606	-2,6221
180,4648	0,8611	-2,5915
180,7246	0,8616	-2,6170
180,9845	0,8621	-2,6094
181,2444	0,8626	-2,5813
181,5042	0,8632	-2,6094
181,7641	0,8637	-2,5839
182,0240	0,8642	-2,5304
182,2839	0,8647	-2,5941
182,5437	0,8652	-2,6043
182,8036	0,8658	-2,6221
183,0635	0,8663	-2,5915
183,3233	0,8668	-2,5839
183,5832	0,8673	-2,5507
183,8431	0,8678	-2,5584
184,1029	0,8684	-2,5941
184,3628	0,8689	-2,5635
184,6227	0,8694	-2,5915
184,8826	0,8699	-2,5966
185,1424	0,8704	-2,5227
185,4023	0,8710	-2,5533
185,6622	0,8715	-2,4870
185,9220	0,8720	-2,5023
186,1819	0,8725	-2,5125
186,4418	0,8730	-2,5304
186,7016	0,8736	-2,4615
186,9615	0,8741	-2,4947
187,2214	0,8746	-2,5278
187,4813	0,8751	-2,5482
187,7411	0,8756	-2,5227
188,0010	0,8762	-2,5609
188,2609	0,8767	-2,5151
188,5207	0,8772	-2,5074
188,7806	0,8777	-2,5202
189,0405	0,8782	-2,5864
189,3003	0,8788	-2,5660
189,5602	0,8793	-2,5176
189,8201	0,8798	-2,5405
190,0800	0,8803	-2,6068
190,3398	0,8808	-2,5915
190,5997	0,8814	-2,5304
190,8596	0,8819	-2,5253
191,1194	0,8824	-2,4641
191,3793	0,8829	-2,5304
191,6392	0,8834	-2,4794
191,8991	0,8840	-2,4539
192,1589	0,8845	-2,5915
192,4188	0,8850	-2,5304
192,6787	0,8855	-2,5278
192,9385	0,8860	-2,5405
193,1984	0,8866	-2,5737
193,4583	0,8871	-2,5584
193,7181	0,8876	-2,6349
193,9780	0,8881	-2,6476
194,2379	0,8886	-2,6068
194,4978	0,8892	-2,6323
194,7576	0,8897	-2,5890
195,0175	0,8902	-2,6094
195,2774	0,8907	-2,5966
195,5372	0,8912	-2,5839
195,7971	0,8918	-2,5584
196,0570	0,8923	-2,5329
196,3168	0,8928	-2,5609
196,5767	0,8933	-2,5278
196,8366	0,8938	-2,6043
197,0965	0,8944	-2,5609
197,3563	0,8949	-2,5304
197,6162	0,8954	-2,5355
197,8761	0,8959	-2,5711
198,1359	0,8964	-2,5074
198,3958	0,8970	-2,5609
198,6557	0,8975	-2,5813
198,9155	0,8980	-2,6425
199,1754	0,8985	-2,5737
199,4353	0,8990	-2,5966
199,6952	0,8996	-2,5762
199,9550	0,9001	-2,6119
200,2149	0,9006	-2,6527
200,4748	0,9011	-2,6145
200,7346	0,9016	-2,5533
200,9945	0,9022	-2,5660
201,2544	0,9027	-2,6017
201,5142	0,9032	-2,6298
201,7741	0,9037	-2,6501
202,0340	0,9042	-2,6450
202,2939	0,9048	-2,5864
202,5537	0,9053	-2,5304
202,8136	0,9058	-2,6017
203,0735	0,9063	-2,6119
203,3333	0,9068	-2,6145
203,5932	0,9074	-2,6603
203,8531	0,9079	-2,5915
204,1129	0,9084	-2,5992
204,3728	0,9089	-2,6094
204,6327	0,9094	-2,6017
204,8926	0,9100	-2,5966
205,1524	0,9105	-2,5864
205,4123	0,9110	-2,5762
205,6722	0,9115	-2,5405
205,9320	0,9120	-2,5049
206,1919	0,9126	-2,5202
206,4518	0,9131	-2,5635
206,7116	0,9136	-2,6043
206,9715	0,9141	-2,5864
207,2314	0,9146	-2,6884
207,4913	0,9152	-2,7292
207,7511	0,9157	-2,7088
208,0110	0,9162	-2,7266
208,2709	0,9167	-2,7037
208,5307	0,9172	-2,6782
208,7906	0,9178	-2,6017
209,0505	0,9183	-2,5711
209,3103	0,9188	-2,5507
209,5702	0,9193	-2,5355
209,8301	0,9198	-2,5890
210,0900	0,9204	-2,6374
210,3498	0,9209	-2,6450
210,6097	0,9214	-2,6629
210,8696	0,9219	-2,6068
211,1294	0,9224	-2,6017
211,3893	0,9230	-2,5941
211,6492	0,9235	-2,5609
211,9090	0,9240	-2,6476
212,1689	0,9245	-2,6272
212,4288	0,9250	-2,5533
212,6887	0,9256	-2,5304
212,9485	0,9261	-2,5125
213,2084	0,9266	-2,5533
213,4683	0,9271	-2,5762
213,7281	0,9276	-2,5762
213,9880	0,9282	-2,5711
214,2479	0,9287	-2,5941
214,5077	0,9292	-2,6196
214,7676	0,9297	-2,6374
215,0275	0,9302	-2,6629
215,2874	0,9308	-2,6578
215,5472	0,9313	-2,6705
215,8071	0,9318	-2,6833
216,0670	0,9323	-2,6374
216,3268	0,9328	-2,6756
216,5867	0,9334	-2,6603
216,8466	0,9339	-2,6476
217,1064	0,9344	-2,6094
217,3663	0,9349	-2,6170
217,6262	0,9354	-2,6450
217,8861	0,9360	-2,6017
218,1459	0,9365	-2,6450
218,4058	0,9370	-2,6476
218,6657	0,9375	-2,6858
218,9255	0,9380	-2,6884
219,1854	0,9386	-2,6782
219,4453	0,9391	-2,6807
219,7051	0,9396	-2,6654
219,9650	0,9401	-2,6782
220,2249	0,9406	-2,6935
220,4848	0,9412	-2,6476
220,7446	0,9417	-2,7113
221,0045	0,9422	-2,6680
221,2644	0,9427	-2,6884
221,5242	0,9432	-2,6960
221,7841	0,9438	-2,6782
222,0440	0,9443	-2,6756
222,3038	0,9448	-2,6986
222,5637	0,9453	-2,6807
222,8236	0,9458	-2,6680
223,0835	0,9464	-2,7495
223,3433	0,9469	-2,6731
223,6032	0,9474	-2,6654
223,8631	0,9479	-2,7190
224,1229	0,9484	-2,6884
224,3828	0,9490	-2,6935
224,6427	0,9495	-2,7139
224,9025	0,9500	-2,6527
225,1624	0,9505	-2,6196
225,4223	0,9510	-2,6578
225,6822	0,9516	-2,5941
225,9420	0,9521	-2,5966
226,2019	0,9526	-2,5711
226,4618	0,9531	-2,5762
226,7216	0,9536	-2,6552
226,9815	0,9542	-2,6552
227,2414	0,9547	-2,5202
227,5012	0,9552	-2,5558
227,7611	0,9557	-2,5813
228,0210	0,9562	-2,5813
228,2809	0,9568	-2,5482
228,5407	0,9573	-2,5762
228,8006	0,9578	-2,5711
229,0605	0,9583	-2,5151
229,3203	0,9588	-2,5329
229,5802	0,9594	-2,5966
229,8401	0,9599	-2,5482
230,1000	0,9604	-2,5941
230,3598	0,9609	-2,5813
230,6197	0,9614	-2,5890
230,8796	0,9620	-2,5609
231,1394	0,9625	-2,5992
231,3993	0,9630	-2,6119
231,6592	0,9635	-2,6145
231,9190	0,9640	-2,6450
232,1789	0,9646	-2,6272
232,4388	0,9651	-2,7088
232,6987	0,9656	-2,6603
232,9585	0,9661	-2,6858
233,2184	0,9666	-2,6935
233,4783	0,9672	-2,7113
233,7381	0,9677	-2,6782
233,9980	0,9682	-2,6807
234,2579	0,9687	-2,7572
234,5177	0,9692	-2,7368
234,7776	0,9698	-2,7572
235,0375	0,9703	-2,7521
235,2974	0,9708	-2,7368
235,5572	0,9713	-2,7190
235,8171	0,9718	-2,7878
236,0770	0,9724	-2,7521
236,3368	0,9729	-2,7215
236,5967	0,9734	-2,6756
236,8566	0,9739	-2,7266
237,1164	0,9744	-2,7164
237,3763	0,9750	-2,7444
237,6362	0,9755	-2,6705
237,8961	0,9760	-2,6654
238,1559	0,9765	-2,6960
238,4158	0,9770	-2,7113
238,6757	0,9776	-2,6629
238,9355	0,9781	-2,6960
239,1954	0,9786	-2,6552
239,4553	0,9791	-2,6450
239,7151	0,9796	-2,6629
239,9750	0,9802	-2,6960
240,2349	0,9807	-2,6756
240,4948	0,9812	-2,7088
240,7546	0,9817	-2,7292
241,0145	0,9822	-2,6935
241,2744	0,9828	-2,7241
241,5342	0,9833	-2,7215
241,7941	0,9838	-2,7419
242,0540	0,9843	-2,7037
242,3138	0,9848	-2,7037
242,5737	0,9854	-2,6527
242,8336	0,9859	-2,7164
243,0935	0,9864	-2,7342
243,3533	0,9869	-2,7444
243,6132	0,9874	-2,7929
243,8731	0,9880	-2,7292
244,1329	0,9885	-2,7546
244,3928	0,9890	-2,7623
244,6527	0,9895	-2,7342
244,9125	0,9900	-2,7037
245,1724	0,9906	-2,6833
245,4323	0,9911	-2,6017
245,6922	0,9916	-2,6629
245,9520	0,9921	-2,5686
246,2119	0,9926	-2,4896
246,4718	0,9932	-2,5737
246,7316	0,9937	-2,5380
246,9915	0,9942	-2,6145
247,2514	0,9947	-2,6221
247,5112	0,9952	-2,5635
247,7711	0,9958	-2,5609
248,0310	0,9963	-2,5660
248,2909	0,9968	-2,4768
248,5507	0,9973	-2,5023
248,8106	0,9978	-2,5151
249,0705	0,9984	-2,4819
249,3303	0,9989	-2,5049
249,5902	0,9994	-2,5635
249,8501	0,9999	-2,5227
250,1099	1,0004	-2,4896
250,3698	1,0010	-2,5941
250,6297	1,0015	-2,6017
250,8896	1,0020	-2,6119
251,1494	1,0025	-2,5966
251,4093	1,0030	-2,5762
251,6692	1,0036	-2,5737
251,9290	1,0041	-2,5431
252,1889	1,0046	-2,5533
252,4488	1,0051	-2,6552
252,7086	1,0056	-2,6858
252,9685	1,0062	-2,7037
253,2284	1,0067	-2,6858
253,4883	1,0072	-2,6196
253,7481	1,0077	-2,6247
254,0080	1,0082	-2,6247
254,2679	1,0088	-2,6349
254,5277	1,0093	-2,6578
254,7876	1,0098	-2,6935
255,0475	1,0103	-2,7164
255,3073	1,0108	-2,6935
255,5672	1,0114	-2,6731
255,8271	1,0119	-2,6909
256,0870	1,0124	-2,7980
256,3468	1,0129	-2,7903
256,6067	1,0134	-2,8082
256,8666	1,0140	-2,8082
257,1264	1,0145	-2,8515
257,3863	1,0150	-2,8897
257,6462	1,0155	-2,8362
257,9060	1,0160	-2,8693
258,1659	1,0166	-2,8566
258,4258	1,0171	-2,9483
258,6857	1,0176	-2,9789
258,9455	1,0181	-2,9687
259,2054	1,0186	-2,9534
259,4653	1,0192	-3,0299
259,7251	1,0197	-3,0783
259,9850	1,0202	-3,0707
260,2449	1,0207	-3,1217
260,5047	1,0212	-3,0630
260,7646	1,0218	-3,1038
261,0245	1,0223	-3,1038
261,2844	1,0228	-3,1930
261,5442	1,0233	-3,3128
261,8041	1,0238	-3,2975
262,0640	1,0244	-3,3561
262,3238	1,0249	-3,4046
262,5837	1,0254	-3,4326
262,8436	1,0259	-3,4020
263,1034	1,0264	-3,3969
263,3633	1,0270	-3,4097
263,6232	1,0275	-3,4479
263,8831	1,0280	-3,4989
264,1429	1,0285	-3,4759
264,4028	1,0290	-3,5396
264,6627	1,0296	-3,5320
264,9225	1,0301	-3,6237
265,1824	1,0306	-3,6594
265,4423	1,0311	-3,6059
265,7021	1,0316	-3,6824
265,9620	1,0322	-3,6900
266,2219	1,0327	-3,6594
266,4818	1,0332	-3,7282
266,7416	1,0337	-3,6773
267,0015	1,0342	-3,7002
267,2614	1,0348	-3,7180
267,5212	1,0353	-3,6645
267,7811	1,0358	-3,6594
268,0410	1,0363	-3,6798
268,3008	1,0368	-3,6875
268,5607	1,0374	-3,6926
268,8206	1,0379	-3,7028
269,0805	1,0384	-3,6798
269,3403	1,0389	-3,6569
269,6002	1,0394	-3,7028
269,8601	1,0400	-3,6059
270,1199	1,0405	-3,6034
270,3798	1,0410	-3,5957
270,6397	1,0415	-3,5906
270,8996	1,0420	-3,5498
271,1594	1,0426	-3,5065
271,4193	1,0431	-3,4632
271,6792	1,0436	-3,4708
271,9390	1,0441	-3,4402
272,1989	1,0446	-3,3791
272,4588	1,0452	-3,4377
272,7186	1,0457	-3,3918
272,9785	1,0462	-3,3638
273,2384	1,0467	-3,3765
273,4983	1,0472	-3,3383
273,7581	1,0478	-3,2720
274,0180	1,0483	-3,2465
274,2779	1,0488	-3,2491
274,5377	1,0493	-3,1828
274,7976	1,0498	-3,2440
275,0575	1,0504	-3,2899
275,3173	1,0509	-3,1726
275,5772	1,0514	-3,1726
275,8371	1,0519	-3,1471
276,0970	1,0524	-3,1420
276,3568	1,0530	-3,1293
276,6167	1,0535	-3,0732
276,8766	1,0540	-3,1140
277,1364	1,0545	-3,1624
277,3963	1,0550	-3,1599
277,6562	1,0556	-3,1064
277,9160	1,0561	-3,0860
278,1759	1,0566	-3,0758
278,4358	1,0571	-3,0452
278,6957	1,0576	-3,0121
278,9555	1,0582	-3,0070
279,2154	1,0587	-2,9968
279,4753	1,0592	-2,9178
279,7351	1,0597	-2,8719
279,9950	1,0602	-2,9050
280,2549	1,0608	-2,8566
280,5147	1,0613	-2,8260
280,7746	1,0618	-2,8668
281,0345	1,0623	-2,8642
281,2944	1,0628	-2,8286
281,5542	1,0634	-2,8923
281,8141	1,0639	-2,8744
282,0740	1,0644	-2,8464
282,3338	1,0649	-2,8489
282,5937	1,0654	-2,8438
282,8536	1,0660	-2,8693
283,1134	1,0665	-2,9152
283,3733	1,0670	-2,8515
283,6332	1,0675	-2,8872
283,8931	1,0680	-2,8617
284,1529	1,0686	-2,8923
284,4128	1,0691	-2,9789
284,6727	1,0696	-2,8999
284,9325	1,0701	-2,8668
285,1924	1,0706	-2,9280
285,4523	1,0712	-2,9280
285,7121	1,0717	-2,9305
285,9720	1,0722	-2,9381
286,2319	1,0727	-2,9534
286,4918	1,0732	-2,9891
286,7516	1,0738	-2,9866
287,0115	1,0743	-2,9534
287,2714	1,0748	-2,9687
287,5312	1,0753	-3,0299
287,7911	1,0758	-2,9585
288,0510	1,0764	-3,0375
288,3108	1,0769	-3,0452
288,5707	1,0774	-3,0248
288,8306	1,0779	-3,0554
289,0905	1,0784	-3,1115
289,3503	1,0790	-3,0834
289,6102	1,0795	-3,0936
289,8701	1,0800	-3,0732
290,1299	1,0805	-3,0044
290,3898	1,0810	-3,0248
290,6497	1,0816	-2,9891
290,9095	1,0821	-2,9891
291,1694	1,0826	-3,0273
291,4293	1,0831	-2,9891
291,6892	1,0836	-2,9662
291,9490	1,0842	-2,9942
292,2089	1,0847	-3,0019
292,4688	1,0852	-3,0121
292,7286	1,0857	-3,0095
292,9885	1,0862	-3,0044
293,2484	1,0868	-3,0503
293,5082	1,0873	-3,0503
293,7681	1,0878	-3,0477
294,0280	1,0883	-2,9942
294,2879	1,0888	-2,9738
294,5477	1,0894	-2,9509
294,8076	1,0899	-2,9534
295,0675	1,0904	-2,9687
295,3273	1,0909	-2,9381
295,5872	1,0914	-2,9305
295,8471	1,0920	-2,9305
296,1069	1,0925	-3,0273
296,3668	1,0930	-3,0350
296,6267	1,0935	-3,0248
296,8866	1,0940	-2,9942
297,1464	1,0946	-2,9280
297,4063	1,0951	-2,9025
297,6662	1,0956	-2,9789
297,9260	1,0961	-2,9968
298,1859	1,0966	-2,8897
298,4458	1,0972	-2,9178
298,7056	1,0977	-2,9968
298,9655	1,0982	-3,0248
299,2254	1,0987	-2,9713
299,4853	1,0992	-2,9764
299,7451	1,0998	-3,0503
300,0050	1,1003	-2,9687
300,2649	1,1008	-3,0401
300,5247	1,1013	-3,0426
300,7846	1,1018	-2,9993
301,0445	1,1024	-2,9840
301,3043	1,1029	-3,0172
301,5642	1,1034	-2,9611
301,8241	1,1039	-2,9254
302,0840	1,1044	-2,9534
302,3438	1,1050	-2,9789
302,6037	1,1055	-2,9432
302,8636	1,1060	-3,0044
303,1234	1,1065	-2,9687
303,3833	1,1070	-2,9942
303,6432	1,1076	-2,9993
303,9030	1,1081	-2,9662
304,1629	1,1086	-2,9942
304,4228	1,1091	-2,9738
304,6827	1,1096	-3,0426
304,9425	1,1102	-3,0860
305,2024	1,1107	-3,0605
305,4623	1,1112	-3,0375
305,7221	1,1117	-3,0554
305,9820	1,1122	-3,0019
306,2419	1,1128	-2,9789
306,5017	1,1133	-2,9585
306,7616	1,1138	-2,9993
307,0215	1,1143	-3,0605
307,2814	1,1148	-3,0452
307,5412	1,1154	-3,0554
307,8011	1,1159	-3,0809
308,0610	1,1164	-3,0554
308,3208	1,1169	-3,0809
308,5807	1,1174	-3,0605
308,8406	1,1180	-3,0172
309,1004	1,1185	-2,9789
309,3603	1,1190	-2,9764
309,6202	1,1195	-2,9509
309,8801	1,1200	-3,0121
310,1399	1,1206	-3,0095
310,3998	1,1211	-3,0732
310,6597	1,1216	-3,0197
310,9195	1,1221	-3,0324
311,1794	1,1226	-3,0299
311,4393	1,1232	-3,0019
311,6992	1,1237	-3,0172
311,9590	1,1242	-3,0019
312,2189	1,1247	-2,9789
312,4788	1,1252	-2,9687
312,7386	1,1258	-2,9509
312,9985	1,1263	-2,9738
313,2584	1,1268	-2,9178
313,5182	1,1273	-3,0197
313,7781	1,1278	-3,0146
314,0380	1,1284	-3,0019
314,2979	1,1289	-2,9968
314,5577	1,1294	-3,0172
314,8176	1,1299	-2,9840
315,0775	1,1304	-3,0019
315,3373	1,1310	-2,9789
315,5972	1,1315	-3,0070
315,8571	1,1320	-3,1013
316,1169	1,1325	-3,0834
316,3768	1,1330	-3,0605
316,6367	1,1336	-3,0324
316,8966	1,1341	-2,9891
317,1564	1,1346	-2,9917
317,4163	1,1351	-2,9611
317,6762	1,1356	-2,8974
317,9360	1,1362	-2,9891
318,1959	1,1367	-3,0401
318,4558	1,1372	-2,9585
318,7156	1,1377	-2,9713
318,9755	1,1382	-2,9891
319,2354	1,1388	-2,9968
319,4953	1,1393	-3,0452
319,7551	1,1398	-3,0070
320,0150	1,1403	-3,0172
320,2749	1,1408	-2,9968
320,5347	1,1414	-2,9585
320,7946	1,1419	-2,9636
321,0545	1,1424	-2,9866
321,3143	1,1429	-2,9942
321,5742	1,1434	-3,0197
321,8341	1,1440	-3,0681
322,0940	1,1445	-3,0605
322,3538	1,1450	-3,0630
322,6137	1,1455	-3,0070
322,8736	1,1460	-3,0019
323,1334	1,1466	-2,9891
323,3933	1,1471	-2,9993
323,6532	1,1476	-2,8923
323,9130	1,1481	-2,9229
324,1729	1,1486	-2,9764
324,4328	1,1492	-2,9483
324,6927	1,1497	-3,0834
324,9525	1,1502	-3,0503
325,2124	1,1507	-3,0324
325,4723	1,1512	-3,0401
325,7321	1,1518	-3,0273
325,9920	1,1523	-3,0095
326,2519	1,1528	-3,0834
326,5117	1,1533	-3,0656
326,7716	1,1538	-3,0070
327,0315	1,1544	-3,0477
327,2914	1,1549	-2,9866
327,5512	1,1554	-2,9407
327,8111	1,1559	-2,9050
328,0710	1,1564	-2,9127
328,3308	1,1570	-2,8795
328,5907	1,1575	-2,9483
328,8506	1,1580	-2,9687
329,1104	1,1585	-2,9330
329,3703	1,1590	-3,0044
329,6302	1,1596	-2,9866
329,8901	1,1601	-3,0197
330,1499	1,1606	-2,9662
330,4098	1,1611	-2,9254
330,6697	1,1616	-2,9611
330,9295	1,1622	-3,0095
331,1894	1,1627	-2,9636
331,4493	1,1632	-3,0121
331,7091	1,1637	-2,9738
331,9690	1,1642	-2,9305
332,2289	1,1648	-2,9407
332,4888	1,1653	-2,9815
332,7486	1,1658	-2,8999
333,0085	1,1663	-2,9280
333,2684	1,1668	-2,9866
333,5282	1,1674	-2,9280
333,7881	1,1679	-2,9687
334,0480	1,1684	-2,9127
334,3078	1,1689	-2,9560
334,5677	1,1694	-2,9534
334,8276	1,1700	-2,9611
335,0875	1,1705	-2,9764
335,3473	1,1710	-2,9968
335,6072	1,1715	-2,9687
335,8671	1,1720	-2,9432
336,1269	1,1726	-2,9407
336,3868	1,1731	-2,9407
336,6467	1,1736	-2,9866
336,9065	1,1741	-3,0401
337,1664	1,1746	-3,0426
337,4263	1,1752	-3,0375
337,6862	1,1757	-3,0070
337,9460	1,1762	-3,0044
338,2059	1,1767	-2,9330
338,4658	1,1772	-2,9662
338,7256	1,1778	-2,9636
338,9855	1,1783	-3,0121
339,2454	1,1788	-3,0044
339,5052	1,1793	-3,0146
339,7651	1,1798	-3,0426
340,0250	1,1804	-3,0197
340,2849	1,1809	-3,0070
340,5447	1,1814	-3,0299
340,8046	1,1819	-2,9662
341,0645	1,1824	-2,9993
341,3243	1,1830	-3,0223
341,5842	1,1835	-2,9280
341,8441	1,1840	-2,9076
342,1039	1,1845	-2,9432
342,3638	1,1850	-3,0375
342,6237	1,1856	-3,0426
342,8836	1,1861	-3,0273
343,1434	1,1866	-3,0452
343,4033	1,1871	-3,0197
343,6632	1,1876	-3,0630
343,9230	1,1882	-3,0223
344,1829	1,1887	-3,0172
344,4428	1,1892	-3,0019
344,7026	1,1897	-3,0223
344,9625	1,1902	-3,0477
345,2224	1,1908	-3,1013
345,4823	1,1913	-3,0707
345,7421	1,1918	-3,0223
346,0020	1,1923	-3,0503
346,2619	1,1928	-3,0172
346,5217	1,1934	-3,0860
346,7816	1,1939	-3,0426
347,0415	1,1944	-3,0350
347,3013	1,1949	-3,0707
347,5612	1,1954	-3,0503
347,8211	1,1960	-3,0299
348,0810	1,1965	-3,0375
348,3408	1,1970	-3,0554
348,6007	1,1975	-3,0401
348,8606	1,1980	-3,0044
349,1204	1,1986	-3,0223
349,3803	1,1991	-2,9942
349,6402	1,1996	-3,0401
349,9000	1,2001	-3,0681
350,1599	1,2006	-3,0656
350,4198	1,2012	-3,0656
350,6797	1,2017	-3,0324
350,9395	1,2022	-3,0962
351,1994	1,2027	-3,0324
351,4593	1,2032	-3,0121
351,7191	1,2038	-3,0732
351,9790	1,2043	-3,0477
352,2389	1,2048	-3,0630
352,4988	1,2053	-2,9993
352,7586	1,2058	-3,0121
353,0185	1,2064	-3,0656
353,2784	1,2069	-2,9687
353,5382	1,2074	-2,9636
353,7981	1,2079	-2,9866
354,0580	1,2084	-3,0121
354,3178	1,2090	-3,0962
354,5777	1,2095	-3,1115
354,8376	1,2100	-3,0936
355,0975	1,2105	-3,0477
355,3573	1,2110	-3,0783
355,6172	1,2116	-3,0681
355,8771	1,2121	-3,0452
356,1369	1,2126	-3,0299
356,3968	1,2131	-3,0299
356,6567	1,2136	-3,0528
356,9165	1,2142	-3,0095
357,1764	1,2147	-2,9713
357,4363	1,2152	-3,0299
357,6962	1,2157	-3,0426
357,9560	1,2162	-3,0477
358,2159	1,2168	-3,0146
358,4758	1,2173	-2,9789
358,7356	1,2178	-2,9789
358,9955	1,2183	-2,9458
359,2554	1,2188	-2,9458
359,5152	1,2194	-2,9203
359,7751	1,2199	-2,9636
360,0350	1,2204	-2,9917
360,2949	1,2209	-2,9815
360,5547	1,2214	-3,0095
360,8146	1,2220	-2,9840
361,0745	1,2225	-2,9687
361,3343	1,2230	-2,9483
361,5942	1,2235	-2,9738
361,8541	1,2240	-3,0605
362,1139	1,2246	-3,0197
362,3738	1,2251	-2,9585
362,6337	1,2256	-2,9381
362,8936	1,2261	-2,9050
363,1534	1,2266	-2,9203
363,4133	1,2272	-2,9203
363,6732	1,2277	-2,9560
363,9330	1,2282	-2,9050
364,1929	1,2287	-2,9356
364,4528	1,2292	-2,8617
364,7126	1,2298	-2,8872
364,9725	1,2303	-2,9662
365,2324	1,2308	-2,9203
365,4923	1,2313	-2,8235
365,7521	1,2318	-2,8872
366,0120	1,2324	-2,8795
366,2719	1,2329	-2,8719
366,5317	1,2334	-2,8974
366,7916	1,2339	-2,9254
367,0515	1,2344	-2,8591
367,3113	1,2350	-2,8770
367,5712	1,2355	-2,9076
367,8311	1,2360	-2,8719
368,0910	1,2365	-2,8464
368,3508	1,2370	-2,8056
368,6107	1,2376	-2,7750
368,8706	1,2381	-2,8158
369,1304	1,2386	-2,8286
369,3903	1,2391	-2,8438
369,6502	1,2396	-2,9127
369,9100	1,2402	-2,8591
370,1699	1,2407	-2,8515
370,4298	1,2412	-2,8693
370,6897	1,2417	-2,8795
370,9495	1,2422	-2,8642
371,2094	1,2428	-2,9254
371,4693	1,2433	-2,8770
371,7291	1,2438	-2,9687
371,9890	1,2443	-3,0426
372,2489	1,2448	-3,0681
372,5087	1,2454	-3,0885
372,7686	1,2459	-3,1446
373,0285	1,2464	-3,0834
373,2884	1,2469	-3,1548
373,5482	1,2474	-3,1369
373,8081	1,2480	-3,1905
374,0680	1,2485	-3,2109
374,3278	1,2490	-3,1828
374,5877	1,2495	-3,2007
374,8476	1,2500	-3,2389
375,1074	1,2506	-3,2695
375,3673	1,2511	-3,3001
375,6272	1,2516	-3,2975
375,8871	1,2521	-3,2389
376,1469	1,2526	-3,2746
376,4068	1,2532	-3,2924
376,6667	1,2537	-3,2797
376,9265	1,2542	-3,2950
377,1864	1,2547	-3,3816
377,4463	1,2552	-3,3969
377,7061	1,2558	-3,4198
377,9660	1,2563	-3,5091
378,2259	1,2568	-3,4632
378,4858	1,2573	-3,4759
378,7456	1,2578	-3,4912
379,0055	1,2584	-3,4606
379,2654	1,2589	-3,4683
379,5252	1,2594	-3,4173
379,7851	1,2599	-3,4249
380,0450	1,2604	-3,5091
380,3048	1,2610	-3,4300
380,5647	1,2615	-3,4453
380,8246	1,2620	-3,4887
381,0845	1,2625	-3,4606
381,3443	1,2630	-3,3944
381,6042	1,2636	-3,3485
381,8641	1,2641	-3,3026
382,1239	1,2646	-3,2542
382,3838	1,2651	-3,2695
382,6437	1,2656	-3,2848
382,9035	1,2662	-3,2644
383,1634	1,2667	-3,2389
383,4233	1,2672	-3,1471
383,6832	1,2677	-3,1471
383,9430	1,2682	-3,1650
384,2029	1,2688	-3,1573
384,4628	1,2693	-3,1828
384,7226	1,2698	-3,2210
384,9825	1,2703	-3,1115
385,2424	1,2708	-3,1854
385,5022	1,2714	-3,1573
385,7621	1,2719	-3,1318
386,0220	1,2724	-3,1701
386,2819	1,2729	-3,1497
386,5417	1,2734	-3,0936
386,8016	1,2740	-3,1217
387,0615	1,2745	-3,0579
387,3213	1,2750	-3,0630
387,5812	1,2755	-3,0605
387,8411	1,2760	-3,0324
388,1009	1,2766	-3,0528
388,3608	1,2771	-2,9968
388,6207	1,2776	-2,9917
388,8806	1,2781	-3,0248
389,1404	1,2786	-2,9611
389,4003	1,2792	-3,0146
389,6602	1,2797	-3,0299
389,9200	1,2802	-3,0375
390,1799	1,2807	-2,9891
390,4398	1,2812	-3,0401
390,6997	1,2818	-3,0401
390,9595	1,2823	-3,0121
391,2194	1,2828	-3,0579
391,4793	1,2833	-3,0681
391,7391	1,2838	-3,0707
391,9990	1,2844	-3,0681
392,2589	1,2849	-3,0732
392,5187	1,2854	-3,0375
392,7786	1,2859	-3,1013
393,0385	1,2864	-3,0299
393,2984	1,2870	-3,0019
393,5582	1,2875	-3,0732
393,8181	1,2880	-2,9942
394,0780	1,2885	-2,9458
394,3378	1,2890	-2,9993
394,5977	1,2896	-3,0121
394,8576	1,2901	-3,0044
395,1174	1,2906	-3,0681
395,3773	1,2911	-2,9993
395,6372	1,2916	-2,9917
395,8971	1,2922	-2,9993
396,1569	1,2927	-2,9815
396,4168	1,2932	-3,0324
396,6767	1,2937	-3,0146
396,9365	1,2942	-3,0452
397,1964	1,2948	-3,1242
397,4563	1,2953	-3,0860
397,7161	1,2958	-3,0146
397,9760	1,2963	-2,9381
398,2359	1,2968	-2,9356
398,4958	1,2974	-2,9585
398,7556	1,2979	-3,0324
399,0155	1,2984	-2,9764
399,2754	1,2989	-2,9432
399,5352	1,2994	-3,0554
399,7951	1,3000	-2,9866
400,0550	1,3005	-2,9789
400,3148	1,3010	-2,9789
400,5747	1,3015	-2,8872
400,8346	1,3020	-2,8617
401,0945	1,3026	-2,8999
401,3543	1,3031	-2,8566
401,6142	1,3036	-2,8387
401,8741	1,3041	-2,9152
402,1339	1,3046	-2,9178
402,3938	1,3052	-2,9458
402,6537	1,3057	-2,9330
402,9135	1,3062	-2,9560
403,1734	1,3067	-2,9050
403,4333	1,3072	-2,9203
403,6932	1,3078	-2,8693
403,9530	1,3083	-2,8744
404,2129	1,3088	-2,8642
404,4728	1,3093	-2,8999
404,7326	1,3098	-2,9330
404,9925	1,3104	-2,9229
405,2524	1,3109	-2,9356
405,5122	1,3114	-2,9534
405,7721	1,3119	-2,9942
406,0320	1,3124	-2,9356
406,2919	1,3130	-2,9917
406,5517	1,3135	-3,0273
406,8116	1,3140	-3,0172
407,0715	1,3145	-3,0401
407,3313	1,3150	-3,0070
407,5912	1,3156	-3,0121
407,8511	1,3161	-3,0809
408,1109	1,3166	-3,0579
408,3708	1,3171	-3,0299
408,6307	1,3176	-3,0885
408,8906	1,3182	-3,0681
409,1504	1,3187	-3,1115
409,4103	1,3192	-3,1420
409,6702	1,3197	-3,1318
409,9300	1,3202	-3,2083
410,1899	1,3208	-3,2185
410,4498	1,3213	-3,1318
410,7096	1,3218	-3,1369
410,9695	1,3223	-3,1369
411,2294	1,3228	-3,1293
411,4893	1,3234	-3,1420
411,7491	1,3239	-3,1522
412,0090	1,3244	-3,1522
412,2689	1,3249	-3,2109
412,5287	1,3254	-3,2312
412,7886	1,3260	-3,1981
413,0485	1,3265	-3,2058
413,3083	1,3270	-3,1420
413,5682	1,3275	-3,1675
413,8281	1,3280	-3,2058
414,0880	1,3286	-3,1573
414,3478	1,3291	-3,1599
414,6077	1,3296	-3,1828
414,8676	1,3301	-3,1726
415,1274	1,3306	-3,1726
415,3873	1,3312	-3,2109
415,6472	1,3317	-3,2185
415,9070	1,3322	-3,2058
416,1669	1,3327	-3,1599
416,4268	1,3332	-3,1446
416,6867	1,3338	-3,0809
416,9465	1,3343	-3,0783
417,2064	1,3348	-3,0707
417,4663	1,3353	-3,0248
417,7261	1,3358	-3,0223
417,9860	1,3364	-3,0197
418,2459	1,3369	-3,1217
418,5057	1,3374	-3,0834
418,7656	1,3379	-3,0426
419,0255	1,3384	-3,0426
419,2854	1,3390	-3,0579
419,5452	1,3395	-3,0503
419,8051	1,3400	-3,0503
420,0650	1,3405	-3,0477
420,3248	1,3410	-3,0223
420,5847	1,3416	-3,0146
420,8446	1,3421	-3,0019
421,1044	1,3426	-2,9687
421,3643	1,3431	-3,0121
421,6242	1,3436	-2,9815
421,8841	1,3442	-3,0324
422,1439	1,3447	-3,0095
422,4038	1,3452	-2,9917
422,6637	1,3457	-2,9534
422,9235	1,3462	-2,9993
423,1834	1,3468	-2,9509
423,4433	1,3473	-2,9687
423,7031	1,3478	-2,9127
423,9630	1,3483	-2,9178
424,2229	1,3488	-2,9866
424,4828	1,3494	-2,9815
424,7426	1,3499	-2,9509
425,0025	1,3504	-3,0197
425,2624	1,3509	-3,0070
425,5222	1,3514	-3,0809
425,7821	1,3520	-3,1318
426,0420	1,3525	-3,0681
426,3018	1,3530	-3,0885
426,5617	1,3535	-3,0707
426,8216	1,3540	-3,0401
427,0815	1,3546	-3,0528
427,3413	1,3551	-3,0911
427,6012	1,3556	-3,0172
427,8611	1,3561	-3,0503
428,1209	1,3566	-3,1217
428,3808	1,3572	-3,0605
428,6407	1,3577	-3,1395
428,9005	1,3582	-3,0885
429,1604	1,3587	-3,0605
429,4203	1,3592	-3,0987
429,6802	1,3598	-3,0987
429,9400	1,3603	-2,9815
430,1999	1,3608	-3,0401
430,4598	1,3613	-3,0146
430,7196	1,3618	-2,9713
430,9795	1,3624	-3,0146
431,2394	1,3629	-2,9432
431,4993	1,3634	-2,9280
431,7591	1,3639	-2,9458
432,0190	1,3644	-2,9738
432,2789	1,3650	-2,9738
432,5387	1,3655	-2,9585
432,7986	1,3660	-2,9356
433,0585	1,3665	-2,9280
433,3183	1,3670	-3,0044
433,5782	1,3676	-2,9993
433,8381	1,3681	-3,0248
434,0980	1,3686	-2,9917
434,3578	1,3691	-2,9560
434,6177	1,3696	-3,0095
434,8776	1,3702	-2,9534
435,1374	1,3707	-2,9127
435,3973	1,3712	-2,9254
435,6572	1,3717	-2,9356
435,9170	1,3722	-2,9254
436,1769	1,3728	-2,9789
436,4368	1,3733	-2,9993
436,6967	1,3738	-2,9891
436,9565	1,3743	-3,0707
437,2164	1,3748	-3,0095
437,4763	1,3754	-2,9738
437,7361	1,3759	-3,0554
437,9960	1,3764	-2,9866
438,2559	1,3769	-2,9917
438,5157	1,3774	-3,0809
438,7756	1,3780	-3,0172
439,0355	1,3785	-3,0503
439,2954	1,3790	-3,0554
439,5552	1,3795	-3,0503
439,8151	1,3800	-3,0809
440,0750	1,3806	-3,0758
440,3348	1,3811	-3,0299
440,5947	1,3816	-3,0019
440,8546	1,3821	-3,0273
441,1144	1,3826	-2,9764
441,3743	1,3832	-3,0248
441,6342	1,3837	-3,0375
441,8941	1,3842	-3,0401
442,1539	1,3847	-3,0809
442,4138	1,3852	-3,1115
442,6737	1,3858	-3,0911
442,9335	1,3863	-3,0834
443,1934	1,3868	-3,0911
443,4533	1,3873	-3,0911
443,7131	1,3878	-3,1293
443,9730	1,3884	-3,0732
444,2329	1,3889	-3,0248
444,4928	1,3894	-3,0528
444,7526	1,3899	-3,0146
445,0125	1,3904	-2,9917
445,2724	1,3910	-3,0758
445,5322	1,3915	-3,0860
445,7921	1,3920	-3,0426
446,0520	1,3925	-3,1395
446,3118	1,3930	-3,0911
446,5717	1,3936	-3,0375
446,8316	1,3941	-3,0350
447,0915	1,3946	-3,0299
447,3513	1,3951	-3,0299
447,6112	1,3956	-3,0707
447,8711	1,3962	-2,9585
448,1309	1,3967	-2,9458
448,3908	1,3972	-2,9866
448,6507	1,3977	-3,0401
448,9105	1,3982	-3,0554
449,1704	1,3988	-3,0452
449,4303	1,3993	-3,0095
449,6902	1,3998	-2,9764
449,9500	1,4003	-2,9611
450,2099	1,4008	-2,9560
450,4698	1,4014	-2,9917
450,7296	1,4019	-3,0273
450,9895	1,4024	-3,0299
451,2494	1,4029	-3,0273
451,5092	1,4034	-3,0044
451,7691	1,4040	-3,0019
452,0290	1,4045	-3,0809
452,2889	1,4050	-3,0375
452,5487	1,4055	-2,9381
452,8086	1,4060	-2,9738
453,0685	1,4066	-2,9866
453,3283	1,4071	-2,9407
453,5882	1,4076	-2,9534
453,8481	1,4081	-2,9534
454,1079	1,4086	-2,9917
454,3678	1,4092	-3,0146
454,6277	1,4097	-3,0299
454,8876	1,4102	-2,9713
455,1474	1,4107	-2,9968
455,4073	1,4112	-2,9509
455,6672	1,4118	-2,9152
455,9270	1,4123	-2,9483
456,1869	1,4128	-2,9432
456,4468	1,4133	-2,9738
456,7066	1,4138	-3,0121
456,9665	1,4144	-2,9662
457,2264	1,4149	-2,9815
457,4863	1,4154	-3,0350
457,7461	1,4159	-3,0095
458,0060	1,4164	-3,0554
458,2659	1,4170	-3,0579
458,5257	1,4175	-2,9789
458,7856	1,4180	-2,9942
459,0455	1,4185	-2,9866
459,3053	1,4190	-2,9713
459,5652	1,4196	-3,0401
459,8251	1,4201	-3,0044
460,0850	1,4206	-3,0452
460,3448	1,4211	-3,0860
460,6047	1,4216	-3,0503
460,8646	1,4222	-3,0197
461,1244	1,4227	-3,0121
461,3843	1,4232	-2,9738
461,6442	1,4237	-3,0426
461,9040	1,4242	-3,0783
462,1639	1,4248	-3,0324
462,4238	1,4253	-3,0019
462,6837	1,4258	-3,0019
462,9435	1,4263	-3,0299
463,2034	1,4268	-3,0452
463,4633	1,4274	-3,0197
463,7231	1,4279	-3,0019
463,9830	1,4284	-3,0248
464,2429	1,4289	-2,9993
464,5027	1,4294	-2,9815
464,7626	1,4300	-3,0579
465,0225	1,4305	-3,0477
465,2824	1,4310	-3,0197
465,5422	1,4315	-3,0426
465,8021	1,4320	-3,0350
466,0620	1,4326	-3,0121
466,3218	1,4331	-3,0962
466,5817	1,4336	-3,0681
466,8416	1,4341	-3,0528
467,1014	1,4346	-3,0426
467,3613	1,4352	-3,0223
467,6212	1,4357	-3,0605
467,8811	1,4362	-3,0146
468,1409	1,4367	-3,0223
468,4008	1,4372	-3,1013
468,6607	1,4378	-3,1115
468,9205	1,4383	-3,0121
469,1804	1,4388	-3,0299
469,4403	1,4393	-3,0732
469,7001	1,4398	-3,0809
469,9600	1,4404	-3,0554
470,2199	1,4409	-3,0834
470,4798	1,4414	-3,0528
470,7396	1,4419	-3,0732
470,9995	1,4424	-3,0707
471,2594	1,4430	-3,0809
471,5192	1,4435	-3,0783
471,7791	1,4440	-3,1166
472,0390	1,4445	-3,1522
472,2989	1,4450	-3,1369
472,5587	1,4456	-3,1089
472,8186	1,4461	-3,1064
473,0785	1,4466	-3,1064
473,3383	1,4471	-3,1038
473,5982	1,4476	-3,1573
473,8581	1,4482	-3,1650
474,1179	1,4487	-3,1369
474,3778	1,4492	-3,1038
474,6377	1,4497	-3,0911
474,8976	1,4502	-3,1064
475,1574	1,4508	-3,0885
475,4173	1,4513	-3,1242
475,6772	1,4518	-3,1115
475,9370	1,4523	-3,1013
476,1969	1,4528	-3,1242
476,4568	1,4534	-3,1140
476,7166	1,4539	-3,0630
476,9765	1,4544	-3,1242
477,2364	1,4549	-3,0962
477,4963	1,4554	-3,1318
477,7561	1,4560	-3,1115
478,0160	1,4565	-3,0223
478,2759	1,4570	-2,9687
478,5357	1,4575	-3,0477
478,7956	1,4580	-3,0503
479,0555	1,4586	-3,0121
479,3153	1,4591	-3,0197
479,5752	1,4596	-3,0477
479,8351	1,4601	-3,0197
480,0950	1,4606	-3,0707
480,3548	1,4612	-2,9789
480,6147	1,4617	-2,9330
480,8746	1,4622	-3,0146
481,1344	1,4627	-3,0375
481,3943	1,4632	-3,0146
481,6542	1,4638	-3,0070
481,9140	1,4643	-3,0070
482,1739	1,4648	-3,0121
482,4338	1,4653	-3,0681
482,6937	1,4658	-3,0758
482,9535	1,4664	-3,0987
483,2134	1,4669	-3,1166
483,4733	1,4674	-3,0146
483,7331	1,4679	-3,0401
483,9930	1,4684	-3,0579
484,2529	1,4690	-3,0681
484,5127	1,4695	-3,0401
484,7726	1,4700	-3,0732
485,0325	1,4705	-3,0426
485,2924	1,4710	-3,1064
485,5522	1,4716	-3,1115
485,8121	1,4721	-3,0911
486,0720	1,4726	-3,1446
486,3318	1,4731	-3,1293
486,5917	1,4736	-3,1089
486,8516	1,4742	-3,1344
487,1114	1,4747	-3,1905
487,3713	1,4752	-3,1930
487,6312	1,4757	-3,1803
487,8911	1,4762	-3,1064
488,1509	1,4768	-3,1497
488,4108	1,4773	-3,1905
488,6707	1,4778	-3,1344
488,9305	1,4783	-3,0962
489,1904	1,4788	-3,1140
489,4503	1,4794	-3,1701
489,7101	1,4799	-3,1318
489,9700	1,4804	-3,1624
490,2299	1,4809	-3,1471
490,4898	1,4814	-3,1140
490,7496	1,4820	-3,1191
491,0095	1,4825	-3,1089
491,2694	1,4830	-3,0962
491,5292	1,4835	-3,0528
491,7891	1,4840	-3,0019
492,0490	1,4846	-3,0324
492,3088	1,4851	-3,0758
492,5687	1,4856	-3,0401
492,8286	1,4861	-3,0707
493,0885	1,4866	-3,1497
493,3483	1,4872	-3,0911
493,6082	1,4877	-3,0707
493,8681	1,4882	-3,0809
494,1279	1,4887	-3,0197
494,3878	1,4892	-2,9534
494,6477	1,4898	-2,9611
494,9075	1,4903	-2,9713
495,1674	1,4908	-3,0350
495,4273	1,4913	-2,9866
495,6872	1,4918	-2,9203
495,9470	1,4924	-2,9203
496,2069	1,4929	-2,8770
496,4668	1,4934	-2,8362
496,7266	1,4939	-2,8693
496,9865	1,4944	-2,8744
497,2464	1,4950	-2,7699
497,5062	1,4955	-2,8413
497,7661	1,4960	-2,7750
498,0260	1,4965	-2,7444
498,2859	1,4970	-2,7495
498,5457	1,4976	-2,7368
498,8056	1,4981	-2,6960
499,0655	1,4986	-2,6884
499,3253	1,4991	-2,6501
499,5852	1,4996	-2,6705
499,8451	1,5002	-2,6629
500,1049	1,5007	-2,6884
500,3648	1,5012	-2,6680
500,6247	1,5017	-2,6399
500,8846	1,5022	-2,6629
501,1444	1,5028	-2,6807
501,4043	1,5033	-2,6119
501,6642	1,5038	-2,6476
501,9240	1,5043	-2,7241
502,1839	1,5048	-2,7393
502,4438	1,5054	-2,7088
502,7036	1,5059	-2,7139
502,9635	1,5064	-2,7546
503,2234	1,5069	-2,7699
503,4833	1,5074	-2,8617
503,7431	1,5080	-2,9381
504,0030	1,5085	-2,9127
504,2629	1,5090	-2,9076
504,5227	1,5095	-3,0095
504,7826	1,5100	-3,0503
505,0425	1,5106	-3,1624
505,3023	1,5111	-3,2185
505,5622	1,5116	-3,3332
505,8221	1,5121	-3,4275
506,0820	1,5126	-3,4810
506,3418	1,5132	-3,5141
506,6017	1,5137	-3,5702
506,8616	1,5142	-3,6441
507,1214	1,5147	-3,7435
507,3813	1,5152	-3,8302
507,6412	1,5158	-3,8659
507,9010	1,5163	-3,7792
508,1609	1,5168	-3,8506
508,4208	1,5173	-3,8531
508,6807	1,5178	-3,8174
508,9405	1,5184	-3,8098
509,2004	1,5189	-3,8149
509,4603	1,5194	-3,7359
509,7201	1,5199	-3,7282
509,9800	1,5204	-3,6620
510,2399	1,5210	-3,5447
510,4998	1,5215	-3,5804
510,7596	1,5220	-3,5345
511,0195	1,5225	-3,4581
511,2794	1,5230	-3,3995
511,5392	1,5236	-3,3995
511,7991	1,5241	-3,4300
512,0590	1,5246	-3,4198
512,3188	1,5251	-3,3485
512,5787	1,5256	-3,3281
512,8386	1,5262	-3,3052
513,0985	1,5267	-3,2746
513,3583	1,5272	-3,2134
513,6182	1,5277	-3,2261
513,8781	1,5282	-3,1803
514,1379	1,5288	-3,1752
514,3978	1,5293	-3,2058
514,6577	1,5298	-3,1548
514,9175	1,5303	-3,2007
515,1774	1,5308	-3,2083
515,4373	1,5314	-3,1191
515,6972	1,5319	-3,1293
515,9570	1,5324	-3,1318
516,2169	1,5329	-3,1548
516,4768	1,5334	-3,1497
516,7366	1,5340	-3,1217
516,9965	1,5345	-3,0630
517,2564	1,5350	-3,1115
517,5162	1,5355	-3,1038
517,7761	1,5360	-3,0987
518,0360	1,5366	-3,1420
518,2959	1,5371	-3,0911
518,5557	1,5376	-3,0146
518,8156	1,5381	-3,0528
519,0755	1,5386	-3,0273
519,3353	1,5392	-3,0197
519,5952	1,5397	-3,0324
519,8551	1,5402	-3,0121
520,1149	1,5407	-3,0121
520,3748	1,5412	-3,0197
520,6347	1,5418	-3,0324
520,8946	1,5423	-3,0248
521,1544	1,5428	-3,0911
521,4143	1,5433	-3,0630
521,6742	1,5438	-3,0197
521,9340	1,5444	-3,0452
522,1939	1,5449	-2,9789
522,4538	1,5454	-2,9866
522,7136	1,5459	-2,9942
522,9735	1,5464	-2,9407
523,2334	1,5470	-2,9254
523,4933	1,5475	-2,9738
523,7531	1,5480	-2,9611
524,0130	1,5485	-2,9891
524,2729	1,5490	-3,0121
524,5327	1,5496	-2,9840
524,7926	1,5501	-2,9280
525,0525	1,5506	-3,0146
525,3123	1,5511	-3,0426
525,5722	1,5516	-2,9815
525,8321	1,5522	-2,9687
526,0920	1,5527	-2,9483
526,3518	1,5532	-3,0223
526,6117	1,5537	-3,0095
526,8716	1,5542	-3,0350
527,1314	1,5548	-3,0401
527,3913	1,5553	-3,0579
527,6512	1,5558	-3,0528
527,9110	1,5563	-3,1242
528,1709	1,5568	-3,1089
528,4308	1,5574	-3,1471
528,6907	1,5579	-3,1548
528,9505	1,5584	-3,1522
529,2104	1,5589	-3,1217
529,4703	1,5594	-3,1166
529,7301	1,5600	-3,1217
529,9900	1,5605	-3,1369
530,2499	1,5610	-3,1267
530,5097	1,5615	-3,0681
530,7696	1,5620	-3,1115
531,0295	1,5626	-3,0732
531,2894	1,5631	-3,0172
531,5492	1,5636	-3,0605
531,8091	1,5641	-3,0758
532,0690	1,5646	-3,0707
532,3288	1,5652	-3,0758
532,5887	1,5657	-3,0656
532,8486	1,5662	-3,0401
533,1084	1,5667	-3,0273
533,3683	1,5672	-3,0911
533,6282	1,5678	-3,0605
533,8881	1,5683	-3,1089
534,1479	1,5688	-3,0987
534,4078	1,5693	-3,0528
534,6677	1,5698	-3,0630
534,9275	1,5704	-3,0707
535,1874	1,5709	-3,0987
535,4473	1,5714	-3,1726
535,7071	1,5719	-3,1675
535,9670	1,5724	-3,1293
536,2269	1,5730	-3,1446
536,4868	1,5735	-3,0324
536,7466	1,5740	-3,0146
537,0065	1,5745	-3,0350
537,2664	1,5750	-2,9789
537,5262	1,5756	-2,9662
537,7861	1,5761	-3,0044
538,0460	1,5766	-2,9840
538,3058	1,5771	-2,9738
538,5657	1,5776	-3,0707
538,8256	1,5782	-3,0605
539,0855	1,5787	-3,0758
539,3453	1,5792	-3,0401
539,6052	1,5797	-3,0401
539,8651	1,5802	-3,0554
540,1249	1,5808	-3,0656
540,3848	1,5813	-3,0426
540,6447	1,5818	-2,9993
540,9045	1,5823	-3,0299
541,1644	1,5828	-3,0554
541,4243	1,5834	-3,0758
541,6842	1,5839	-3,0911
541,9440	1,5844	-3,1064
542,2039	1,5849	-3,1318
542,4638	1,5854	-3,1369
542,7236	1,5860	-3,1013
542,9835	1,5865	-3,1624
543,2434	1,5870	-3,1089
543,5032	1,5875	-3,0324
543,7631	1,5880	-3,0121
544,0230	1,5886	-3,0273
544,2829	1,5891	-3,0605
544,5427	1,5896	-3,0885
544,8026	1,5901	-3,1369
545,0625	1,5906	-3,0936
545,3223	1,5912	-3,0987
545,5822	1,5917	-3,0758
545,8421	1,5922	-3,0452
546,1019	1,5927	-3,1115
546,3618	1,5932	-3,0554
546,6217	1,5938	-3,0834
546,8816	1,5943	-3,0962
547,1414	1,5948	-3,0248
547,4013	1,5953	-3,0070
547,6612	1,5958	-3,0401
547,9210	1,5964	-3,0579
548,1809	1,5969	-3,0503
548,4408	1,5974	-3,0477
548,7006	1,5979	-3,0223
548,9605	1,5984	-3,0324
549,2204	1,5990	-3,0758
549,4803	1,5995	-3,0044
549,7401	1,6000	-3,0146
