30,0000	0,5600	2,1745
30,2599	0,5605	1,3972
30,5197	0,5610	0,5867
30,7796	0,5616	0,0617
31,0395	0,5621	-0,1397
31,2994	0,5626	-0,1881
31,5592	0,5631	-0,1754
31,8191	0,5636	-0,0760
32,0790	0,5642	0,1713
32,3388	0,5647	0,3446
32,5987	0,5652	0,4796
32,8586	0,5657	0,6198
33,1184	0,5662	0,8008
33,3783	0,5668	0,9715
33,6382	0,5673	1,1780
33,8981	0,5678	1,2927
34,1579	0,5683	1,4125
34,4178	0,5688	1,6852
34,6777	0,5694	1,7591
34,9375	0,5699	1,9604
35,1974	0,5704	2,2077
35,4573	0,5709	2,2714
35,7171	0,5714	2,4421
35,9770	0,5720	2,4880
36,2369	0,5725	2,5849
36,4968	0,5730	2,6409
36,7566	0,5735	2,5900
37,0165	0,5740	2,5619
37,2764	0,5746	2,4931
37,5362	0,5751	2,3045
37,7961	0,5756	2,0700
38,0560	0,5761	1,6597
38,3158	0,5766	1,1601
38,5757	0,5772	0,9155
38,8356	0,5777	0,5230
39,0955	0,5782	0,0540
39,3553	0,5787	-0,4098
39,6152	0,5792	-0,9731
39,8751	0,5798	-1,5007
40,1349	0,5803	-1,8524
40,3948	0,5808	-2,1735
40,6547	0,5813	-2,5151
40,9145	0,5818	-2,8617
41,1744	0,5824	-3,1548
41,4343	0,5829	-3,3587
41,6942	0,5834	-3,5830
41,9540	0,5839	-3,6926
42,2139	0,5844	-3,7741
42,4738	0,5850	-3,8353
42,7336	0,5855	-3,8149
42,9935	0,5860	-3,7843
43,2534	0,5865	-3,6441
43,5132	0,5870	-3,5141
43,7731	0,5876	-3,4198
44,0330	0,5881	-3,1879
44,2929	0,5886	-2,9381
44,5527	0,5891	-2,7342
44,8126	0,5896	-2,5125
45,0725	0,5902	-2,4055
45,3323	0,5907	-2,3137
45,5922	0,5912	-2,1379
45,8521	0,5917	-2,0792
46,1119	0,5922	-1,9365
46,3718	0,5928	-1,8728
46,6317	0,5933	-1,8422
46,8916	0,5938	-1,8728
47,1514	0,5943	-1,7963
47,4113	0,5948	-1,7861
47,6712	0,5954	-1,7861
47,9310	0,5959	-1,7530
48,1909	0,5964	-1,7989
48,4508	0,5969	-1,8167
48,7106	0,5974	-1,8651
48,9705	0,5980	-1,8218
49,2304	0,5985	-1,8499
49,4903	0,5990	-1,7887
49,7501	0,5995	-1,7683
50,0100	0,6000	-1,6842
50,2699	0,6006	-1,6638
50,5297	0,6011	-1,5848
50,7896	0,6016	-1,5670
51,0495	0,6021	-1,4472
51,3093	0,6026	-1,3707
51,5692	0,6032	-1,3962
51,8291	0,6037	-1,3758
52,0890	0,6042	-1,3350
52,3488	0,6047	-1,2637
52,6087	0,6052	-1,2713
52,8686	0,6058	-1,2815
53,1284	0,6063	-1,3172
53,3883	0,6068	-1,2789
53,6482	0,6073	-1,3299
53,9080	0,6078	-1,3554
54,1679	0,6084	-1,3580
54,4278	0,6089	-1,3707
54,6877	0,6094	-1,3911
54,9475	0,6099	-1,4625
55,2074	0,6104	-1,4650
55,4673	0,6110	-1,4726
55,7271	0,6115	-1,5644
55,9870	0,6120	-1,6638
56,2469	0,6125	-1,7020
56,5067	0,6130	-1,7581
56,7666	0,6136	-1,8346
57,0265	0,6141	-1,8142
57,2864	0,6146	-1,8473
57,5462	0,6151	-1,8601
57,8061	0,6156	-1,8677
58,0660	0,6162	-1,8753
58,3258	0,6167	-1,7759
58,5857	0,6172	-1,8422
58,8456	0,6177	-1,6842
59,1054	0,6182	-1,6536
59,3653	0,6188	-1,5822
59,6252	0,6193	-1,4676
59,8851	0,6198	-1,3529
60,1449	0,6203	-1,2611
60,4048	0,6208	-1,1464
60,6647	0,6214	-1,0062
60,9245	0,6219	-0,8839
61,1844	0,6224	-0,8074
61,4443	0,6229	-0,7539
61,7041	0,6234	-0,6826
61,9640	0,6240	-0,6112
62,2239	0,6245	-0,5347
62,4838	0,6250	-0,5551
62,7436	0,6255	-0,5577
63,0035	0,6260	-0,5271
63,2634	0,6266	-0,6239
63,5232	0,6271	-0,6978
63,7831	0,6276	-0,8074
64,0430	0,6281	-0,9145
64,3028	0,6286	-1,0776
64,5627	0,6292	-1,2025
64,8226	0,6297	-1,3783
65,0825	0,6302	-1,5083
65,3423	0,6307	-1,7097
65,6022	0,6312	-1,8269
65,8621	0,6318	-1,9340
66,1219	0,6323	-2,0614
66,3818	0,6328	-2,1379
66,6417	0,6333	-2,1633
66,9015	0,6338	-2,1914
67,1614	0,6344	-2,2067
67,4213	0,6349	-2,1863
67,6812	0,6354	-2,2271
67,9410	0,6359	-2,2220
68,2009	0,6364	-2,2525
68,4608	0,6370	-2,2118
68,7206	0,6375	-2,2067
68,9805	0,6380	-2,2296
69,2404	0,6385	-2,2118
69,5002	0,6390	-2,1379
69,7601	0,6396	-2,1863
70,0200	0,6401	-2,1914
70,2799	0,6406	-2,1914
70,5397	0,6411	-2,1608
70,7996	0,6416	-2,1633
71,0595	0,6422	-2,1430
71,3193	0,6427	-2,1353
71,5792	0,6432	-2,1455
71,8391	0,6437	-2,1557
72,0990	0,6442	-2,1684
72,3588	0,6448	-2,1047
72,6187	0,6453	-1,9951
72,8786	0,6458	-1,9824
73,1384	0,6463	-1,9238
73,3983	0,6468	-1,9340
73,6582	0,6474	-1,9263
73,9180	0,6479	-1,8779
74,1779	0,6484	-1,9034
74,4378	0,6489	-1,9136
74,6977	0,6494	-1,9136
74,9575	0,6500	-1,9034
75,2174	0,6505	-1,8932
75,4773	0,6510	-1,8193
75,7371	0,6515	-1,7759
75,9970	0,6520	-1,7250
76,2569	0,6526	-1,7199
76,5167	0,6531	-1,7148
76,7766	0,6536	-1,7148
77,0365	0,6541	-1,6842
77,2964	0,6546	-1,6026
77,5562	0,6552	-1,5797
77,8161	0,6557	-1,6077
78,0760	0,6562	-1,6052
78,3358	0,6567	-1,5160
78,5957	0,6572	-1,5389
78,8556	0,6578	-1,4625
79,1154	0,6583	-1,4446
79,3753	0,6588	-1,3809
79,6352	0,6593	-1,3121
79,8951	0,6598	-1,2942
80,1549	0,6604	-1,2484
80,4148	0,6609	-1,2152
80,6747	0,6614	-1,1490
80,9345	0,6619	-1,1362
81,1944	0,6624	-1,0954
81,4543	0,6630	-1,0751
81,7141	0,6635	-1,1031
81,9740	0,6640	-1,1184
82,2339	0,6645	-1,1005
82,4938	0,6650	-1,0598
82,7536	0,6656	-1,1286
83,0135	0,6661	-1,1566
83,2734	0,6666	-1,2152
83,5332	0,6671	-1,3299
83,7931	0,6676	-1,4344
84,0530	0,6682	-1,5109
84,3128	0,6687	-1,6154
84,5727	0,6692	-1,7785
84,8326	0,6697	-1,9365
85,0925	0,6702	-2,0410
85,3523	0,6708	-2,1684
85,6122	0,6713	-2,2347
85,8721	0,6718	-2,3902
86,1319	0,6723	-2,4488
86,3918	0,6728	-2,5023
86,6517	0,6734	-2,4972
86,9115	0,6739	-2,5711
87,1714	0,6744	-2,6629
87,4313	0,6749	-2,6374
87,6912	0,6754	-2,6170
87,9510	0,6760	-2,6705
88,2109	0,6765	-2,6527
88,4708	0,6770	-2,6476
88,7306	0,6775	-2,5762
88,9905	0,6780	-2,5635
89,2504	0,6786	-2,5762
89,5102	0,6791	-2,5074
89,7701	0,6796	-2,4106
90,0300	0,6801	-2,3519
90,2899	0,6806	-2,3825
90,5497	0,6812	-2,3214
90,8096	0,6817	-2,2933
91,0695	0,6822	-2,2882
91,3293	0,6827	-2,2780
91,5892	0,6832	-2,2602
91,8491	0,6838	-2,2271
92,1089	0,6843	-2,1990
92,3688	0,6848	-2,1557
92,6287	0,6853	-2,0639
92,8886	0,6858	-2,0614
93,1484	0,6864	-2,1251
93,4083	0,6869	-2,1022
93,6682	0,6874	-2,0945
93,9280	0,6879	-2,0614
94,1879	0,6884	-2,0665
94,4478	0,6890	-2,1200
94,7076	0,6895	-2,1047
94,9675	0,6900	-2,1251
95,2274	0,6905	-2,0894
95,4873	0,6910	-2,0614
95,7471	0,6916	-2,0563
96,0070	0,6921	-2,0130
96,2669	0,6926	-1,9747
96,5267	0,6931	-2,0002
96,7866	0,6936	-1,9467
97,0465	0,6942	-1,9059
97,3063	0,6947	-1,9059
97,5662	0,6952	-1,8677
97,8261	0,6957	-1,8575
98,0860	0,6962	-1,8651
98,3458	0,6968	-1,8371
98,6057	0,6973	-1,8397
98,8656	0,6978	-1,7963
99,1254	0,6983	-1,7224
99,3853	0,6988	-1,7097
99,6452	0,6994	-1,6460
99,9050	0,6999	-1,5797
100,1649	0,7004	-1,5924
100,4248	0,7009	-1,5695
100,6847	0,7014	-1,5771
100,9445	0,7020	-1,6026
101,2044	0,7025	-1,5007
101,4643	0,7030	-1,5032
101,7241	0,7035	-1,5364
101,9840	0,7040	-1,5109
102,2439	0,7046	-1,5822
102,5037	0,7051	-1,6307
102,7636	0,7056	-1,6918
103,0235	0,7061	-1,7861
103,2834	0,7066	-1,8855
103,5432	0,7072	-1,9467
103,8031	0,7077	-2,0563
104,0630	0,7082	-2,0996
104,3228	0,7087	-2,2067
104,5827	0,7092	-2,2755
104,8426	0,7098	-2,3902
105,1024	0,7103	-2,5176
105,3623	0,7108	-2,6068
105,6222	0,7113	-2,7037
105,8821	0,7118	-2,7088
106,1419	0,7124	-2,6833
106,4018	0,7129	-2,7342
106,6617	0,7134	-2,7546
106,9215	0,7139	-2,6705
107,1814	0,7144	-2,6374
107,4413	0,7150	-2,6884
107,7011	0,7155	-2,6349
107,9610	0,7160	-2,6450
108,2209	0,7165	-2,6145
108,4808	0,7170	-2,5023
108,7406	0,7176	-2,5405
109,0005	0,7181	-2,5125
109,2604	0,7186	-2,4641
109,5202	0,7191	-2,3570
109,7801	0,7196	-2,3112
110,0400	0,7202	-2,2857
110,2999	0,7207	-2,2729
110,5597	0,7212	-2,2347
110,8196	0,7217	-2,2449
111,0795	0,7222	-2,2678
111,3393	0,7228	-2,2500
111,5992	0,7233	-2,2602
111,8591	0,7238	-2,2525
112,1189	0,7243	-2,2755
112,3788	0,7248	-2,3468
112,6387	0,7254	-2,3800
112,8986	0,7259	-2,3468
113,1584	0,7264	-2,3953
113,4183	0,7269	-2,3851
113,6782	0,7274	-2,3978
113,9380	0,7280	-2,4896
114,1979	0,7285	-2,4666
114,4578	0,7290	-2,4666
114,7176	0,7295	-2,5253
114,9775	0,7300	-2,4819
115,2374	0,7306	-2,5074
115,4973	0,7311	-2,4768
115,7571	0,7316	-2,4717
116,0170	0,7321	-2,4743
116,2769	0,7326	-2,4845
116,5367	0,7332	-2,4437
116,7966	0,7337	-2,4717
117,0565	0,7342	-2,4080
117,3163	0,7347	-2,3902
117,5762	0,7352	-2,3876
117,8361	0,7358	-2,3774
118,0960	0,7363	-2,3800
118,3558	0,7368	-2,4233
118,6157	0,7373	-2,3978
118,8756	0,7378	-2,3800
119,1354	0,7384	-2,3698
119,3953	0,7389	-2,3774
119,6552	0,7394	-2,3825
119,9150	0,7399	-2,4182
120,1749	0,7404	-2,3978
120,4348	0,7410	-2,4055
120,6947	0,7415	-2,3545
120,9545	0,7420	-2,3392
121,2144	0,7425	-2,3723
121,4743	0,7430	-2,3749
121,7341	0,7436	-2,3570
121,9940	0,7441	-2,3647
122,2539	0,7446	-2,2933
122,5137	0,7451	-2,3163
122,7736	0,7456	-2,3163
123,0335	0,7462	-2,3290
123,2934	0,7467	-2,3698
123,5532	0,7472	-2,3825
123,8131	0,7477	-2,3774
124,0730	0,7482	-2,3698
124,3328	0,7488	-2,3392
124,5927	0,7493	-2,3290
124,8526	0,7498	-2,3876
125,1124	0,7503	-2,3978
125,3723	0,7508	-2,3519
125,6322	0,7514	-2,3978
125,8921	0,7519	-2,3367
126,1519	0,7524	-2,4233
126,4118	0,7529	-2,4896
126,6717	0,7534	-2,4947
126,9315	0,7540	-2,4590
127,1914	0,7545	-2,4819
127,4513	0,7550	-2,4233
127,7111	0,7555	-2,4488
127,9710	0,7560	-2,4361
128,2309	0,7566	-2,3902
128,4908	0,7571	-2,4743
128,7506	0,7576	-2,4794
129,0105	0,7581	-2,4641
129,2704	0,7586	-2,5456
129,5302	0,7592	-2,5049
129,7901	0,7597	-2,4666
130,0500	0,7602	-2,4564
130,3098	0,7607	-2,4590
130,5697	0,7612	-2,4692
130,8296	0,7618	-2,5278
131,0895	0,7623	-2,5304
131,3493	0,7628	-2,5253
131,6092	0,7633	-2,4972
131,8691	0,7638	-2,5074
132,1289	0,7644	-2,5125
132,3888	0,7649	-2,4845
132,6487	0,7654	-2,4462
132,9085	0,7659	-2,4921
133,1684	0,7664	-2,5125
133,4283	0,7670	-2,5711
133,6882	0,7675	-2,5915
133,9480	0,7680	-2,5558
134,2079	0,7685	-2,5329
134,4678	0,7690	-2,5635
134,7276	0,7696	-2,5253
134,9875	0,7701	-2,5482
135,2474	0,7706	-2,5558
135,5072	0,7711	-2,5151
135,7671	0,7716	-2,5253
136,0270	0,7722	-2,5609
136,2869	0,7727	-2,5278
136,5467	0,7732	-2,5023
136,8066	0,7737	-2,5227
137,0665	0,7742	-2,5253
137,3263	0,7748	-2,4845
137,5862	0,7753	-2,5023
137,8461	0,7758	-2,4437
138,1059	0,7763	-2,5253
138,3658	0,7768	-2,5737
138,6257	0,7774	-2,5915
138,8856	0,7779	-2,6068
139,1454	0,7784	-2,5711
139,4053	0,7789	-2,5915
139,6652	0,7794	-2,5966
139,9250	0,7800	-2,5074
140,1849	0,7805	-2,5456
140,4448	0,7810	-2,5456
140,7046	0,7815	-2,4717
140,9645	0,7820	-2,4641
141,2244	0,7826	-2,4819
141,4843	0,7831	-2,5355
141,7441	0,7836	-2,5635
142,0040	0,7841	-2,5431
142,2639	0,7846	-2,5253
142,5237	0,7852	-2,5609
142,7836	0,7857	-2,5253
143,0435	0,7862	-2,5584
143,3033	0,7867	-2,4794
143,5632	0,7872	-2,4768
143,8231	0,7878	-2,5405
144,0830	0,7883	-2,5227
144,3428	0,7888	-2,4972
144,6027	0,7893	-2,4794
144,8626	0,7898	-2,5431
145,1224	0,7904	-2,5176
145,3823	0,7909	-2,5584
145,6422	0,7914	-2,5380
145,9020	0,7919	-2,5941
146,1619	0,7924	-2,6068
146,4218	0,7930	-2,5941
146,6817	0,7935	-2,5660
146,9415	0,7940	-2,5839
147,2014	0,7945	-2,5915
147,4613	0,7950	-2,6094
147,7211	0,7956	-2,5788
147,9810	0,7961	-2,5915
148,2409	0,7966	-2,6272
148,5007	0,7971	-2,6272
148,7606	0,7976	-2,6374
149,0205	0,7982	-2,6323
149,2804	0,7987	-2,6807
149,5402	0,7992	-2,7088
149,8001	0,7997	-2,6425
150,0600	0,8002	-2,6476
150,3198	0,8008	-2,6884
150,5797	0,8013	-2,6782
150,8396	0,8018	-2,6756
151,0995	0,8023	-2,6476
151,3593	0,8028	-2,6705
151,6192	0,8034	-2,6680
151,8791	0,8039	-2,6807
152,1389	0,8044	-2,6450
152,3988	0,8049	-2,6399
152,6587	0,8054	-2,6654
152,9185	0,8060	-2,5890
153,1784	0,8065	-2,5839
153,4383	0,8070	-2,6323
153,6982	0,8075	-2,6425
153,9580	0,8080	-2,6807
154,2179	0,8086	-2,6578
154,4778	0,8091	-2,6476
154,7376	0,8096	-2,6782
154,9975	0,8101	-2,6629
155,2574	0,8106	-2,6450
155,5172	0,8112	-2,6807
155,7771	0,8117	-2,6680
156,0370	0,8122	-2,6527
156,2969	0,8127	-2,7266
156,5567	0,8132	-2,6654
156,8166	0,8138	-2,7164
157,0765	0,8143	-2,7444
157,3363	0,8148	-2,7623
157,5962	0,8153	-2,7088
157,8561	0,8158	-2,6858
158,1159	0,8164	-2,6552
158,3758	0,8169	-2,6960
158,6357	0,8174	-2,6654
158,8956	0,8179	-2,7011
159,1554	0,8184	-2,7342
159,4153	0,8190	-2,6833
159,6752	0,8195	-2,7037
159,9350	0,8200	-2,7292
160,1949	0,8205	-2,7037
160,4548	0,8210	-2,6884
160,7146	0,8216	-2,6960
160,9745	0,8221	-2,7215
161,2344	0,8226	-2,7037
161,4943	0,8231	-2,7062
161,7541	0,8236	-2,7241
162,0140	0,8242	-2,7623
162,2739	0,8247	-2,7725
162,5337	0,8252	-2,7597
162,7936	0,8257	-2,7444
163,0535	0,8262	-2,7597
163,3133	0,8268	-2,7929
163,5732	0,8273	-2,8056
163,8331	0,8278	-2,7546
164,0930	0,8283	-2,7827
164,3528	0,8288	-2,7801
164,6127	0,8294	-2,7980
164,8726	0,8299	-2,7929
165,1324	0,8304	-2,7801
165,3923	0,8309	-2,7495
165,6522	0,8314	-2,7699
165,9120	0,8320	-2,7980
166,1719	0,8325	-2,7903
166,4318	0,8330	-2,7342
166,6917	0,8335	-2,7164
166,9515	0,8340	-2,8005
167,2114	0,8346	-2,7852
167,4713	0,8351	-2,8031
167,7311	0,8356	-2,8311
167,9910	0,8361	-2,8235
168,2509	0,8366	-2,7648
168,5107	0,8372	-2,7725
168,7706	0,8377	-2,7597
169,0305	0,8382	-2,7776
169,2904	0,8387	-2,8107
169,5502	0,8392	-2,7725
169,8101	0,8398	-2,7699
170,0700	0,8403	-2,7750
170,3298	0,8408	-2,7852
170,5897	0,8413	-2,8617
170,8496	0,8418	-2,8235
171,1094	0,8424	-2,7878
171,3693	0,8429	-2,7699
171,6292	0,8434	-2,7801
171,8891	0,8439	-2,7546
172,1489	0,8444	-2,7368
172,4088	0,8450	-2,7648
172,6687	0,8455	-2,8489
172,9285	0,8460	-2,8235
173,1884	0,8465	-2,7954
173,4483	0,8470	-2,8184
173,7081	0,8476	-2,8515
173,9680	0,8481	-2,8413
174,2279	0,8486	-2,8005
174,4878	0,8491	-2,8438
174,7476	0,8496	-2,8464
175,0075	0,8502	-2,8056
175,2674	0,8507	-2,8540
175,5272	0,8512	-2,7852
175,7871	0,8517	-2,7266
176,0470	0,8522	-2,7929
176,3068	0,8528	-2,7980
176,5667	0,8533	-2,8286
176,8266	0,8538	-2,8668
177,0865	0,8543	-2,8489
177,3463	0,8548	-2,8693
177,6062	0,8554	-2,8872
177,8661	0,8559	-2,8566
178,1259	0,8564	-2,8362
178,3858	0,8569	-2,8897
178,6457	0,8574	-2,8999
178,9055	0,8580	-2,8974
179,1654	0,8585	-2,8872
179,4253	0,8590	-2,9076
179,6852	0,8595	-2,8923
179,9450	0,8600	-2,8642
180,2049	0,8606	-2,8872
180,4648	0,8611	-2,8515
180,7246	0,8616	-2,8362
180,9845	0,8621	-2,8846
181,2444	0,8626	-2,8438
181,5042	0,8632	-2,8642
181,7641	0,8637	-2,8948
182,0240	0,8642	-2,8489
182,2839	0,8647	-2,8948
182,5437	0,8652	-2,9076
182,8036	0,8658	-2,9280
183,0635	0,8663	-2,9381
183,3233	0,8668	-2,8821
183,5832	0,8673	-2,8642
183,8431	0,8678	-2,8235
184,1029	0,8684	-2,8489
184,3628	0,8689	-2,8591
184,6227	0,8694	-2,8872
184,8826	0,8699	-2,8489
185,1424	0,8704	-2,8668
185,4023	0,8710	-2,8999
185,6622	0,8715	-2,9076
185,9220	0,8720	-2,9254
186,1819	0,8725	-2,9203
186,4418	0,8730	-2,8184
186,7016	0,8736	-2,8566
186,9615	0,8741	-2,8923
187,2214	0,8746	-2,8693
187,4813	0,8751	-2,9203
187,7411	0,8756	-2,9458
188,0010	0,8762	-2,8770
188,2609	0,8767	-2,8999
188,5207	0,8772	-2,9101
188,7806	0,8777	-2,8974
189,0405	0,8782	-2,9229
189,3003	0,8788	-2,8821
189,5602	0,8793	-2,8923
189,8201	0,8798	-2,9330
190,0800	0,8803	-2,8413
190,3398	0,8808	-2,8795
190,5997	0,8814	-2,9050
190,8596	0,8819	-2,9381
191,1194	0,8824	-2,9305
191,3793	0,8829	-2,9050
191,6392	0,8834	-2,8974
191,8991	0,8840	-2,9101
192,1589	0,8845	-2,8846
192,4188	0,8850	-2,9229
192,6787	0,8855	-2,8999
192,9385	0,8860	-2,9356
193,1984	0,8866	-2,9789
193,4583	0,8871	-3,0146
193,7181	0,8876	-2,9356
193,9780	0,8881	-2,9738
194,2379	0,8886	-2,9560
194,4978	0,8892	-2,9101
194,7576	0,8897	-2,9815
195,0175	0,8902	-2,9381
195,2774	0,8907	-2,9101
195,5372	0,8912	-2,9483
195,7971	0,8918	-2,9127
196,0570	0,8923	-2,8923
196,3168	0,8928	-2,8974
196,5767	0,8933	-2,8897
196,8366	0,8938	-2,9127
197,0965	0,8944	-2,8897
197,3563	0,8949	-2,9229
197,6162	0,8954	-2,8999
197,8761	0,8959	-2,9483
198,1359	0,8964	-2,9330
198,3958	0,8970	-2,9381
198,6557	0,8975	-2,9662
198,9155	0,8980	-2,9101
199,1754	0,8985	-2,9407
199,4353	0,8990	-2,9381
199,6952	0,8996	-2,9381
199,9550	0,9001	-2,9330
200,2149	0,9006	-2,9407
200,4748	0,9011	-2,9815
200,7346	0,9016	-2,9738
200,9945	0,9022	-2,9687
201,2544	0,9027	-2,9636
201,5142	0,9032	-2,9713
201,7741	0,9037	-3,0172
202,0340	0,9042	-2,9458
202,2939	0,9048	-2,9178
202,5537	0,9053	-2,8846
202,8136	0,9058	-2,9101
203,0735	0,9063	-2,9330
203,3333	0,9068	-2,9585
203,5932	0,9074	-2,9713
203,8531	0,9079	-2,9891
204,1129	0,9084	-2,9534
204,3728	0,9089	-3,0146
204,6327	0,9094	-2,9611
204,8926	0,9100	-2,9152
205,1524	0,9105	-2,9280
205,4123	0,9110	-2,9534
205,6722	0,9115	-2,9432
205,9320	0,9120	-3,0070
206,1919	0,9126	-2,9789
206,4518	0,9131	-3,0299
206,7116	0,9136	-2,9789
206,9715	0,9141	-3,0044
207,2314	0,9146	-3,0070
207,4913	0,9152	-2,9636
207,7511	0,9157	-2,9611
208,0110	0,9162	-2,9662
208,2709	0,9167	-2,9305
208,5307	0,9172	-2,9101
208,7906	0,9178	-2,9381
209,0505	0,9183	-2,9254
209,3103	0,9188	-2,9840
209,5702	0,9193	-2,9458
209,8301	0,9198	-2,9815
210,0900	0,9204	-2,9662
210,3498	0,9209	-2,9636
210,6097	0,9214	-2,9305
210,8696	0,9219	-2,9815
211,1294	0,9224	-2,9713
211,3893	0,9230	-2,9305
211,6492	0,9235	-2,9687
211,9090	0,9240	-2,9917
212,1689	0,9245	-2,9713
212,4288	0,9250	-3,0044
212,6887	0,9256	-2,9764
212,9485	0,9261	-2,9662
213,2084	0,9266	-2,9127
213,4683	0,9271	-2,9458
213,7281	0,9276	-2,9611
213,9880	0,9282	-2,9203
214,2479	0,9287	-2,9178
214,5077	0,9292	-2,9305
214,7676	0,9297	-2,9942
215,0275	0,9302	-2,9662
215,2874	0,9308	-2,9662
215,5472	0,9313	-2,9891
215,8071	0,9318	-2,9611
216,0670	0,9323	-2,9305
216,3268	0,9328	-2,9534
216,5867	0,9334	-2,9076
216,8466	0,9339	-2,9356
217,1064	0,9344	-2,9330
217,3663	0,9349	-2,9025
217,6262	0,9354	-2,9407
217,8861	0,9360	-3,0095
218,1459	0,9365	-2,9866
218,4058	0,9370	-3,0299
218,6657	0,9375	-3,0146
218,9255	0,9380	-3,0146
219,1854	0,9386	-3,0044
219,4453	0,9391	-2,9662
219,7051	0,9396	-2,9917
219,9650	0,9401	-2,9738
220,2249	0,9406	-3,0248
220,4848	0,9412	-3,0375
220,7446	0,9417	-3,0299
221,0045	0,9422	-2,9891
221,2644	0,9427	-3,0324
221,5242	0,9432	-3,0707
221,7841	0,9438	-3,0121
222,0440	0,9443	-3,0452
222,3038	0,9448	-2,9993
222,5637	0,9453	-3,0172
222,8236	0,9458	-3,0248
223,0835	0,9464	-2,9458
223,3433	0,9469	-3,0019
223,6032	0,9474	-3,0223
223,8631	0,9479	-2,9483
224,1229	0,9484	-2,9611
224,3828	0,9490	-2,9891
224,6427	0,9495	-2,9585
224,9025	0,9500	-2,9738
225,1624	0,9505	-2,9738
225,4223	0,9510	-2,9891
225,6822	0,9516	-2,9815
225,9420	0,9521	-2,9840
226,2019	0,9526	-2,9942
226,4618	0,9531	-3,0299
226,7216	0,9536	-2,9891
226,9815	0,9542	-3,0146
227,2414	0,9547	-3,0044
227,5012	0,9552	-2,9917
227,7611	0,9557	-2,9789
228,0210	0,9562	-3,0223
228,2809	0,9568	-2,9789
228,5407	0,9573	-2,9611
228,8006	0,9578	-2,9381
229,0605	0,9583	-2,9636
229,3203	0,9588	-2,9585
229,5802	0,9594	-2,9840
229,8401	0,9599	-2,9611
230,1000	0,9604	-2,9993
230,3598	0,9609	-2,9381
230,6197	0,9614	-2,9585
230,8796	0,9620	-2,9968
231,1394	0,9625	-2,9611
231,3993	0,9630	-2,9509
231,6592	0,9635	-2,9789
231,9190	0,9640	-2,9458
232,1789	0,9646	-2,9611
232,4388	0,9651	-2,9738
232,6987	0,9656	-2,9687
232,9585	0,9661	-2,9764
233,2184	0,9666	-2,9968
233,4783	0,9672	-2,9687
233,7381	0,9677	-2,9917
233,9980	0,9682	-2,9662
234,2579	0,9687	-2,9611
234,5177	0,9692	-2,9840
234,7776	0,9698	-2,9534
235,0375	0,9703	-2,9178
235,2974	0,9708	-3,0070
235,5572	0,9713	-2,9483
235,8171	0,9718	-2,9636
236,0770	0,9724	-3,0630
236,3368	0,9729	-3,0528
236,5967	0,9734	-3,0401
236,8566	0,9739	-3,0299
237,1164	0,9744	-2,9917
237,3763	0,9750	-2,9764
237,6362	0,9755	-3,0146
237,8961	0,9760	-3,0223
238,1559	0,9765	-2,9789
238,4158	0,9770	-2,9891
238,6757	0,9776	-3,0223
238,9355	0,9781	-3,0834
239,1954	0,9786	-3,0452
239,4553	0,9791	-2,9942
239,7151	0,9796	-2,9840
239,9750	0,9802	-2,9636
240,2349	0,9807	-2,9789
240,4948	0,9812	-3,0350
240,7546	0,9817	-3,0070
241,0145	0,9822	-3,0477
241,2744	0,9828	-3,0605
241,5342	0,9833	-3,0273
241,7941	0,9838	-3,0223
242,0540	0,9843	-2,9891
242,3138	0,9848	-2,9432
242,5737	0,9854	-2,9611
242,8336	0,9859	-2,9866
243,0935	0,9864	-2,9585
243,3533	0,9869	-2,9611
243,6132	0,9874	-2,9280
243,8731	0,9880	-2,9381
244,1329	0,9885	-2,9560
244,3928	0,9890	-2,9942
244,6527	0,9895	-2,9713
244,9125	0,9900	-3,0197
245,1724	0,9906	-3,0095
245,4323	0,9911	-3,0401
245,6922	0,9916	-3,0095
245,9520	0,9921	-2,9738
246,2119	0,9926	-2,9815
246,4718	0,9932	-2,9381
246,7316	0,9937	-2,9534
246,9915	0,9942	-2,9330
247,2514	0,9947	-2,9611
247,5112	0,9952	-2,9789
247,7711	0,9958	-2,9483
248,0310	0,9963	-2,9687
248,2909	0,9968	-3,0223
248,5507	0,9973	-3,0121
248,8106	0,9978	-3,0426
249,0705	0,9984	-2,9560
249,3303	0,9989	-2,9891
249,5902	0,9994	-3,0121
249,8501	0,9999	-3,0146
250,1099	1,0004	-3,0121
250,3698	1,0010	-3,0299
250,6297	1,0015	-2,9866
250,8896	1,0020	-2,9917
251,1494	1,0025	-2,9993
251,4093	1,0030	-2,9687
251,6692	1,0036	-2,9840
251,9290	1,0041	-3,0019
252,1889	1,0046	-2,9687
252,4488	1,0051	-3,0146
252,7086	1,0056	-2,9483
252,9685	1,0062	-2,9407
253,2284	1,0067	-2,9560
253,4883	1,0072	-3,0121
253,7481	1,0077	-3,0477
254,0080	1,0082	-3,0554
254,2679	1,0088	-3,0248
254,5277	1,0093	-3,0732
254,7876	1,0098	-3,0630
255,0475	1,0103	-3,0426
255,3073	1,0108	-3,0656
255,5672	1,0114	-3,0426
255,8271	1,0119	-3,0630
256,0870	1,0124	-3,0656
256,3468	1,0129	-3,0809
256,6067	1,0134	-3,0936
256,8666	1,0140	-3,0962
257,1264	1,0145	-3,0911
257,3863	1,0150	-3,0911
257,6462	1,0155	-3,0681
257,9060	1,0160	-3,0579
258,1659	1,0166	-3,0962
258,4258	1,0171	-3,0860
258,6857	1,0176	-3,0860
258,9455	1,0181	-3,1242
259,2054	1,0186	-3,1446
259,4653	1,0192	-3,1217
259,7251	1,0197	-3,1140
259,9850	1,0202	-3,1599
260,2449	1,0207	-3,1956
260,5047	1,0212	-3,2236
260,7646	1,0218	-3,1981
261,0245	1,0223	-3,2007
261,2844	1,0228	-3,1650
261,5442	1,0233	-3,1650
261,8041	1,0238	-3,1420
262,0640	1,0244	-3,1675
262,3238	1,0249	-3,1573
262,5837	1,0254	-3,1548
262,8436	1,0259	-3,1981
263,1034	1,0264	-3,1522
263,3633	1,0270	-3,1828
263,6232	1,0275	-3,1803
263,8831	1,0280	-3,1828
264,1429	1,0285	-3,2363
264,4028	1,0290	-3,2236
264,6627	1,0296	-3,2109
264,9225	1,0301	-3,2210
265,1824	1,0306	-3,2287
265,4423	1,0311	-3,2312
265,7021	1,0316	-3,2593
265,9620	1,0322	-3,2389
266,2219	1,0327	-3,2440
266,4818	1,0332	-3,2542
266,7416	1,0337	-3,2491
267,0015	1,0342	-3,2695
267,2614	1,0348	-3,2160
267,5212	1,0353	-3,1828
267,7811	1,0358	-3,2134
268,0410	1,0363	-3,2261
268,3008	1,0368	-3,2516
268,5607	1,0374	-3,2338
268,8206	1,0379	-3,2261
269,0805	1,0384	-3,2389
269,3403	1,0389	-3,2644
269,6002	1,0394	-3,2465
269,8601	1,0400	-3,2261
270,1199	1,0405	-3,2644
270,3798	1,0410	-3,2185
270,6397	1,0415	-3,1981
270,8996	1,0420	-3,2414
271,1594	1,0426	-3,2338
271,4193	1,0431	-3,2032
271,6792	1,0436	-3,2465
271,9390	1,0441	-3,1369
272,1989	1,0446	-3,1726
272,4588	1,0452	-3,1803
272,7186	1,0457	-3,1675
272,9785	1,0462	-3,2134
273,2384	1,0467	-3,2058
273,4983	1,0472	-3,2287
273,7581	1,0478	-3,2746
274,0180	1,0483	-3,2414
274,2779	1,0488	-3,2032
274,5377	1,0493	-3,1956
274,7976	1,0498	-3,1854
275,0575	1,0504	-3,2185
275,3173	1,0509	-3,2032
275,5772	1,0514	-3,2007
275,8371	1,0519	-3,1522
276,0970	1,0524	-3,1650
276,3568	1,0530	-3,1930
276,6167	1,0535	-3,1752
276,8766	1,0540	-3,1956
277,1364	1,0545	-3,1548
277,3963	1,0550	-3,2083
277,6562	1,0556	-3,1650
277,9160	1,0561	-3,1344
278,1759	1,0566	-3,1318
278,4358	1,0571	-3,1038
278,6957	1,0576	-3,1217
278,9555	1,0582	-3,0987
279,2154	1,0587	-3,0885
279,4753	1,0592	-3,0452
279,7351	1,0597	-3,0783
279,9950	1,0602	-3,0299
280,2549	1,0608	-3,0656
280,5147	1,0613	-3,0860
280,7746	1,0618	-3,1038
281,0345	1,0623	-3,1217
281,2944	1,0628	-3,0834
281,5542	1,0634	-3,0528
281,8141	1,0639	-3,0834
282,0740	1,0644	-3,1191
282,3338	1,0649	-3,0707
282,5937	1,0654	-3,0350
282,8536	1,0660	-3,0579
283,1134	1,0665	-3,0758
283,3733	1,0670	-3,1038
283,6332	1,0675	-3,1013
283,8931	1,0680	-3,1217
284,1529	1,0686	-3,1318
284,4128	1,0691	-3,0962
284,6727	1,0696	-3,1038
284,9325	1,0701	-3,1293
285,1924	1,0706	-3,0936
285,4523	1,0712	-3,1115
285,7121	1,0717	-3,1293
285,9720	1,0722	-3,1318
286,2319	1,0727	-3,1395
286,4918	1,0732	-3,1089
286,7516	1,0738	-3,1318
287,0115	1,0743	-3,1089
287,2714	1,0748	-3,0962
287,5312	1,0753	-3,1242
287,7911	1,0758	-3,0962
288,0510	1,0764	-3,1318
288,3108	1,0769	-3,1242
288,5707	1,0774	-3,1064
288,8306	1,0779	-3,1013
289,0905	1,0784	-3,1089
289,3503	1,0790	-3,1344
289,6102	1,0795	-3,1242
289,8701	1,0800	-3,1471
290,1299	1,0805	-3,1166
290,3898	1,0810	-3,1115
290,6497	1,0816	-3,1650
290,9095	1,0821	-3,1777
291,1694	1,0826	-3,1369
291,4293	1,0831	-3,0707
291,6892	1,0836	-3,1242
291,9490	1,0842	-3,1369
292,2089	1,0847	-3,1293
292,4688	1,0852	-3,0962
292,7286	1,0857	-3,0987
292,9885	1,0862	-3,1318
293,2484	1,0868	-3,1267
293,5082	1,0873	-3,1115
293,7681	1,0878	-3,1217
294,0280	1,0883	-3,1191
294,2879	1,0888	-3,1369
294,5477	1,0894	-3,1471
294,8076	1,0899	-3,1217
295,0675	1,0904	-3,1752
295,3273	1,0909	-3,1650
295,5872	1,0914	-3,1573
295,8471	1,0920	-3,1420
296,1069	1,0925	-3,1548
296,3668	1,0930	-3,1471
296,6267	1,0935	-3,1675
296,8866	1,0940	-3,1217
297,1464	1,0946	-3,0911
297,4063	1,0951	-3,0758
297,6662	1,0956	-3,0885
297,9260	1,0961	-3,1115
298,1859	1,0966	-3,1242
298,4458	1,0972	-3,1038
298,7056	1,0977	-3,1115
298,9655	1,0982	-3,1140
299,2254	1,0987	-3,0962
299,4853	1,0992	-3,1369
299,7451	1,0998	-3,1166
300,0050	1,1003	-3,1166
300,2649	1,1008	-3,1242
300,5247	1,1013	-3,0630
300,7846	1,1018	-3,0350
301,0445	1,1024	-3,0528
301,3043	1,1029	-3,0579
301,5642	1,1034	-3,1038
301,8241	1,1039	-3,1140
302,0840	1,1044	-3,0962
302,3438	1,1050	-3,1242
302,6037	1,1055	-3,1675
302,8636	1,1060	-3,1267
303,1234	1,1065	-3,1624
303,3833	1,1070	-3,1573
303,6432	1,1076	-3,1166
303,9030	1,1081	-3,1140
304,1629	1,1086	-3,1115
304,4228	1,1091	-3,1038
304,6827	1,1096	-3,1548
304,9425	1,1102	-3,1166
305,2024	1,1107	-3,0707
305,4623	1,1112	-3,1267
305,7221	1,1117	-3,1089
305,9820	1,1122	-3,0987
306,2419	1,1128	-3,1522
306,5017	1,1133	-3,1013
306,7616	1,1138	-3,1089
307,0215	1,1143	-3,1497
307,2814	1,1148	-3,1140
307,5412	1,1154	-3,1191
307,8011	1,1159	-3,1191
308,0610	1,1164	-3,0987
308,3208	1,1169	-3,1115
308,5807	1,1174	-3,1166
308,8406	1,1180	-3,0911
309,1004	1,1185	-3,1318
309,3603	1,1190	-3,0962
309,6202	1,1195	-3,0197
309,8801	1,1200	-3,0962
310,1399	1,1206	-3,1089
310,3998	1,1211	-3,0962
310,6597	1,1216	-3,0656
310,9195	1,1221	-3,0197
311,1794	1,1226	-3,0809
311,4393	1,1232	-3,1089
311,6992	1,1237	-3,0834
311,9590	1,1242	-3,0758
312,2189	1,1247	-3,1344
312,4788	1,1252	-3,1115
312,7386	1,1258	-3,1217
312,9985	1,1263	-3,0936
313,2584	1,1268	-3,0426
313,5182	1,1273	-3,1191
313,7781	1,1278	-3,1038
314,0380	1,1284	-3,0681
314,2979	1,1289	-3,0579
314,5577	1,1294	-3,1115
314,8176	1,1299	-3,1217
315,0775	1,1304	-3,1624
315,3373	1,1310	-3,1471
315,5972	1,1315	-3,1369
315,8571	1,1320	-3,1420
316,1169	1,1325	-3,1191
316,3768	1,1330	-3,1573
316,6367	1,1336	-3,0605
316,8966	1,1341	-3,0783
317,1564	1,1346	-3,1089
317,4163	1,1351	-3,0911
317,6762	1,1356	-3,0936
317,9360	1,1362	-3,0834
318,1959	1,1367	-3,0554
318,4558	1,1372	-3,0324
318,7156	1,1377	-3,0707
318,9755	1,1382	-3,0860
319,2354	1,1388	-3,0554
319,4953	1,1393	-3,0885
319,7551	1,1398	-3,0783
320,0150	1,1403	-3,0503
320,2749	1,1408	-3,0554
320,5347	1,1414	-3,1064
320,7946	1,1419	-3,0732
321,0545	1,1424	-3,1064
321,3143	1,1429	-3,0707
321,5742	1,1434	-3,1115
321,8341	1,1440	-3,0783
322,0940	1,1445	-3,0707
322,3538	1,1450	-3,1013
322,6137	1,1455	-3,1089
322,8736	1,1460	-3,1191
323,1334	1,1466	-3,1191
323,3933	1,1471	-3,1089
323,6532	1,1476	-3,0630
323,9130	1,1481	-3,0860
324,1729	1,1486	-3,1166
324,4328	1,1492	-3,1217
324,6927	1,1497	-3,0707
324,9525	1,1502	-3,0375
325,2124	1,1507	-3,0809
325,4723	1,1512	-3,1140
325,7321	1,1518	-3,1089
325,9920	1,1523	-3,1446
326,2519	1,1528	-3,1497
326,5117	1,1533	-3,1420
326,7716	1,1538	-3,1777
327,0315	1,1544	-3,1854
327,2914	1,1549	-3,1446
327,5512	1,1554	-3,1115
327,8111	1,1559	-3,1064
328,0710	1,1564	-3,0936
328,3308	1,1570	-3,1166
328,5907	1,1575	-3,1013
328,8506	1,1580	-3,1013
329,1104	1,1585	-3,1701
329,3703	1,1590	-3,1573
329,6302	1,1596	-3,1344
329,8901	1,1601	-3,1497
330,1499	1,1606	-3,1420
330,4098	1,1611	-3,1930
330,6697	1,1616	-3,1166
330,9295	1,1622	-3,1140
331,1894	1,1627	-3,1217
331,4493	1,1632	-3,1318
331,7091	1,1637	-3,1267
331,9690	1,1642	-3,1369
332,2289	1,1648	-3,1369
332,4888	1,1653	-3,1369
332,7486	1,1658	-3,1369
333,0085	1,1663	-3,1217
333,2684	1,1668	-3,1726
333,5282	1,1674	-3,1828
333,7881	1,1679	-3,1726
334,0480	1,1684	-3,1420
334,3078	1,1689	-3,1471
334,5677	1,1694	-3,1420
334,8276	1,1700	-3,1267
335,0875	1,1705	-3,1038
335,3473	1,1710	-3,1115
335,6072	1,1715	-3,1115
335,8671	1,1720	-3,1726
336,1269	1,1726	-3,1650
336,3868	1,1731	-3,1497
336,6467	1,1736	-3,1293
336,9065	1,1741	-3,0962
337,1664	1,1746	-3,1624
337,4263	1,1752	-3,1242
337,6862	1,1757	-3,1548
337,9460	1,1762	-3,0885
338,2059	1,1767	-3,1013
338,4658	1,1772	-3,0554
338,7256	1,1778	-3,0375
338,9855	1,1783	-3,0070
339,2454	1,1788	-3,0528
339,5052	1,1793	-3,0375
339,7651	1,1798	-3,0299
340,0250	1,1804	-3,0885
340,2849	1,1809	-3,0452
340,5447	1,1814	-3,0248
340,8046	1,1819	-3,0579
341,0645	1,1824	-3,0299
341,3243	1,1830	-3,0324
341,5842	1,1835	-3,0528
341,8441	1,1840	-3,0146
342,1039	1,1845	-3,0528
342,3638	1,1850	-3,0197
342,6237	1,1856	-2,9738
342,8836	1,1861	-3,0350
343,1434	1,1866	-3,0630
343,4033	1,1871	-2,9993
343,6632	1,1876	-3,0630
343,9230	1,1882	-3,0579
344,1829	1,1887	-3,1013
344,4428	1,1892	-3,1344
344,7026	1,1897	-3,0809
344,9625	1,1902	-3,1166
345,2224	1,1908	-3,1217
345,4823	1,1913	-3,0783
345,7421	1,1918	-3,1166
346,0020	1,1923	-3,1599
346,2619	1,1928	-3,1548
346,5217	1,1934	-3,1675
346,7816	1,1939	-3,1701
347,0415	1,1944	-3,1777
347,3013	1,1949	-3,2058
347,5612	1,1954	-3,1650
347,8211	1,1960	-3,1956
348,0810	1,1965	-3,1803
348,3408	1,1970	-3,1522
348,6007	1,1975	-3,1624
348,8606	1,1980	-3,1369
349,1204	1,1986	-3,1854
349,3803	1,1991	-3,1573
349,6402	1,1996	-3,1854
349,9000	1,2001	-3,0962
350,1599	1,2006	-3,1446
350,4198	1,2012	-3,1267
350,6797	1,2017	-3,1522
350,9395	1,2022	-3,1446
351,1994	1,2027	-3,0962
351,4593	1,2032	-3,1115
351,7191	1,2038	-3,1217
351,9790	1,2043	-3,1166
352,2389	1,2048	-3,1191
352,4988	1,2053	-3,1166
352,7586	1,2058	-3,1089
353,0185	1,2064	-3,1471
353,2784	1,2069	-3,1675
353,5382	1,2074	-3,1369
353,7981	1,2079	-3,2007
354,0580	1,2084	-3,2032
354,3178	1,2090	-3,1905
354,5777	1,2095	-3,1752
354,8376	1,2100	-3,1115
355,0975	1,2105	-3,1267
355,3573	1,2110	-3,0987
355,6172	1,2116	-3,0732
355,8771	1,2121	-3,1267
356,1369	1,2126	-3,1471
356,3968	1,2131	-3,1369
356,6567	1,2136	-3,1675
356,9165	1,2142	-3,1752
357,1764	1,2147	-3,1726
357,4363	1,2152	-3,1420
357,6962	1,2157	-3,1217
357,9560	1,2162	-3,1115
358,2159	1,2168	-3,1166
358,4758	1,2173	-3,1013
358,7356	1,2178	-3,0987
358,9955	1,2183	-3,1267
359,2554	1,2188	-3,1191
359,5152	1,2194	-3,1369
359,7751	1,2199	-3,1675
360,0350	1,2204	-3,1293
360,2949	1,2209	-3,1115
360,5547	1,2214	-3,1573
360,8146	1,2220	-3,1089
361,0745	1,2225	-3,1089
361,3343	1,2230	-3,1064
361,5942	1,2235	-3,0299
361,8541	1,2240	-3,0299
362,1139	1,2246	-3,0375
362,3738	1,2251	-2,9993
362,6337	1,2256	-3,0426
362,8936	1,2261	-3,0223
363,1534	1,2266	-2,9789
363,4133	1,2272	-3,0401
363,6732	1,2277	-3,0197
363,9330	1,2282	-3,0223
364,1929	1,2287	-3,0172
364,4528	1,2292	-2,9840
364,7126	1,2298	-2,9993
364,9725	1,2303	-2,9738
365,2324	1,2308	-2,9840
365,4923	1,2313	-2,9866
365,7521	1,2318	-2,9662
366,0120	1,2324	-2,9636
366,2719	1,2329	-2,9381
366,5317	1,2334	-2,9483
366,7916	1,2339	-2,9687
367,0515	1,2344	-2,9789
367,3113	1,2350	-2,9432
367,5712	1,2355	-2,9229
367,8311	1,2360	-2,9280
368,0910	1,2365	-2,8693
368,3508	1,2370	-2,8668
368,6107	1,2376	-2,8872
368,8706	1,2381	-2,8642
369,1304	1,2386	-2,8566
369,3903	1,2391	-2,8438
369,6502	1,2396	-2,8158
369,9100	1,2402	-2,8897
370,1699	1,2407	-2,8974
370,4298	1,2412	-2,9356
370,6897	1,2417	-2,9585
370,9495	1,2422	-2,9764
371,2094	1,2428	-2,9483
371,4693	1,2433	-2,9738
371,7291	1,2438	-2,9407
371,9890	1,2443	-2,9738
372,2489	1,2448	-2,9764
372,5087	1,2454	-2,9229
372,7686	1,2459	-2,9432
373,0285	1,2464	-2,9764
373,2884	1,2469	-3,0248
373,5482	1,2474	-3,0732
373,8081	1,2480	-3,0936
374,0680	1,2485	-3,1217
374,3278	1,2490	-3,2032
374,5877	1,2495	-3,1930
374,8476	1,2500	-3,2109
375,1074	1,2506	-3,2618
375,3673	1,2511	-3,3306
375,6272	1,2516	-3,3408
375,8871	1,2521	-3,4097
376,1469	1,2526	-3,4683
376,4068	1,2532	-3,5040
376,6667	1,2537	-3,5498
376,9265	1,2542	-3,5575
377,1864	1,2547	-3,5728
377,4463	1,2552	-3,5983
377,7061	1,2558	-3,5881
377,9660	1,2563	-3,6186
378,2259	1,2568	-3,5983
378,4858	1,2573	-3,5855
378,7456	1,2578	-3,6492
379,0055	1,2584	-3,7333
379,2654	1,2589	-3,7231
379,5252	1,2594	-3,7665
379,7851	1,2599	-3,7129
380,0450	1,2604	-3,6798
380,3048	1,2610	-3,7282
380,5647	1,2615	-3,6849
380,8246	1,2620	-3,6339
381,0845	1,2625	-3,7257
381,3443	1,2630	-3,7512
381,6042	1,2636	-3,7282
381,8641	1,2641	-3,7078
382,1239	1,2646	-3,6441
382,3838	1,2651	-3,6543
382,6437	1,2656	-3,6416
382,9035	1,2662	-3,6390
383,1634	1,2667	-3,6186
383,4233	1,2672	-3,6212
383,6832	1,2677	-3,5651
383,9430	1,2682	-3,5651
384,2029	1,2688	-3,5575
384,4628	1,2693	-3,4861
384,7226	1,2698	-3,5243
384,9825	1,2703	-3,4632
385,2424	1,2708	-3,4275
385,5022	1,2714	-3,4071
385,7621	1,2719	-3,3587
386,0220	1,2724	-3,3638
386,2819	1,2729	-3,3816
386,5417	1,2734	-3,3281
386,8016	1,2740	-3,3510
387,0615	1,2745	-3,3128
387,3213	1,2750	-3,2338
387,5812	1,2755	-3,2644
387,8411	1,2760	-3,2644
388,1009	1,2766	-3,1956
388,3608	1,2771	-3,1726
388,6207	1,2776	-3,1599
388,8806	1,2781	-3,1726
389,1404	1,2786	-3,1854
389,4003	1,2792	-3,1905
389,6602	1,2797	-3,1930
389,9200	1,2802	-3,2236
390,1799	1,2807	-3,1777
390,4398	1,2812	-3,1217
390,6997	1,2818	-3,1166
390,9595	1,2823	-3,0936
391,2194	1,2828	-3,1267
391,4793	1,2833	-3,1446
391,7391	1,2838	-3,1318
391,9990	1,2844	-3,1573
392,2589	1,2849	-3,1471
392,5187	1,2854	-3,1701
392,7786	1,2859	-3,2007
393,0385	1,2864	-3,2007
393,2984	1,2870	-3,1930
393,5582	1,2875	-3,2109
393,8181	1,2880	-3,1318
394,0780	1,2885	-3,1777
394,3378	1,2890	-3,1879
394,5977	1,2896	-3,1981
394,8576	1,2901	-3,2058
395,1174	1,2906	-3,1981
395,3773	1,2911	-3,1497
395,6372	1,2916	-3,2109
395,8971	1,2922	-3,1930
396,1569	1,2927	-3,2058
396,4168	1,2932	-3,2465
396,6767	1,2937	-3,2160
396,9365	1,2942	-3,1879
397,1964	1,2948	-3,2593
397,4563	1,2953	-3,2440
397,7161	1,2958	-3,1599
397,9760	1,2963	-3,1115
398,2359	1,2968	-3,1064
398,4958	1,2974	-3,0911
398,7556	1,2979	-3,1446
399,0155	1,2984	-3,0962
399,2754	1,2989	-3,0911
399,5352	1,2994	-3,0273
399,7951	1,3000	-2,9942
400,0550	1,3005	-3,0350
400,3148	1,3010	-3,0554
400,5747	1,3015	-3,0121
400,8346	1,3020	-2,9993
401,0945	1,3026	-3,0299
401,3543	1,3031	-3,0172
401,6142	1,3036	-2,9840
401,8741	1,3041	-2,9585
402,1339	1,3046	-2,9560
402,3938	1,3052	-2,9764
402,6537	1,3057	-2,9942
402,9135	1,3062	-2,9662
403,1734	1,3067	-2,9789
403,4333	1,3072	-3,0070
403,6932	1,3078	-3,0044
403,9530	1,3083	-2,9509
404,2129	1,3088	-2,9280
404,4728	1,3093	-2,9534
404,7326	1,3098	-2,9687
404,9925	1,3104	-2,9866
405,2524	1,3109	-2,9866
405,5122	1,3114	-2,9891
405,7721	1,3119	-2,9942
406,0320	1,3124	-2,9942
406,2919	1,3130	-3,0146
406,5517	1,3135	-3,0324
406,8116	1,3140	-3,1089
407,0715	1,3145	-3,0936
407,3313	1,3150	-3,1267
407,5912	1,3156	-3,1369
407,8511	1,3161	-3,1854
408,1109	1,3166	-3,2287
408,3708	1,3171	-3,2465
408,6307	1,3176	-3,2618
408,8906	1,3182	-3,2720
409,1504	1,3187	-3,3332
409,4103	1,3192	-3,3001
409,6702	1,3197	-3,3332
409,9300	1,3202	-3,3587
410,1899	1,3208	-3,4275
410,4498	1,3213	-3,4530
410,7096	1,3218	-3,4377
410,9695	1,3223	-3,4046
411,2294	1,3228	-3,4275
411,4893	1,3234	-3,3791
411,7491	1,3239	-3,3791
412,0090	1,3244	-3,3791
412,2689	1,3249	-3,3816
412,5287	1,3254	-3,3816
412,7886	1,3260	-3,4020
413,0485	1,3265	-3,4071
413,3083	1,3270	-3,3816
413,5682	1,3275	-3,4173
413,8281	1,3280	-3,4147
414,0880	1,3286	-3,3944
414,3478	1,3291	-3,4020
414,6077	1,3296	-3,4071
414,8676	1,3301	-3,3510
415,1274	1,3306	-3,3077
415,3873	1,3312	-3,3714
415,6472	1,3317	-3,3434
415,9070	1,3322	-3,3765
416,1669	1,3327	-3,3842
416,4268	1,3332	-3,3765
416,6867	1,3338	-3,3689
416,9465	1,3343	-3,3663
417,2064	1,3348	-3,3995
417,4663	1,3353	-3,3587
417,7261	1,3358	-3,3281
417,9860	1,3364	-3,2950
418,2459	1,3369	-3,2746
418,5057	1,3374	-3,2797
418,7656	1,3379	-3,2746
419,0255	1,3384	-3,2542
419,2854	1,3390	-3,2567
419,5452	1,3395	-3,2491
419,8051	1,3400	-3,2287
420,0650	1,3405	-3,2058
420,3248	1,3410	-3,1879
420,5847	1,3416	-3,2160
420,8446	1,3421	-3,2083
421,1044	1,3426	-3,1930
421,3643	1,3431	-3,1471
421,6242	1,3436	-3,1701
421,8841	1,3442	-3,1573
422,1439	1,3447	-3,1548
422,4038	1,3452	-3,1624
422,6637	1,3457	-3,1471
422,9235	1,3462	-3,1217
423,1834	1,3468	-3,1242
423,4433	1,3473	-3,1446
423,7031	1,3478	-3,1013
423,9630	1,3483	-3,1115
424,2229	1,3488	-3,1115
424,4828	1,3494	-3,1726
424,7426	1,3499	-3,1701
425,0025	1,3504	-3,1471
425,2624	1,3509	-3,1369
425,5222	1,3514	-3,1267
425,7821	1,3520	-3,1140
426,0420	1,3525	-3,1344
426,3018	1,3530	-3,1369
426,5617	1,3535	-3,1624
426,8216	1,3540	-3,1930
427,0815	1,3546	-3,1522
427,3413	1,3551	-3,1471
427,6012	1,3556	-3,1701
427,8611	1,3561	-3,1013
428,1209	1,3566	-3,1089
428,3808	1,3572	-3,0758
428,6407	1,3577	-3,1013
428,9005	1,3582	-3,1369
429,1604	1,3587	-3,1267
429,4203	1,3592	-3,0885
429,6802	1,3598	-3,0630
429,9400	1,3603	-3,1013
430,1999	1,3608	-3,1267
430,4598	1,3613	-3,1420
430,7196	1,3618	-3,1675
430,9795	1,3624	-3,1318
431,2394	1,3629	-3,1369
431,4993	1,3634	-3,0885
431,7591	1,3639	-3,0936
432,0190	1,3644	-3,1191
432,2789	1,3650	-3,1624
432,5387	1,3655	-3,1548
432,7986	1,3660	-3,1267
433,0585	1,3665	-3,1446
433,3183	1,3670	-3,1166
433,5782	1,3676	-3,1115
433,8381	1,3681	-3,1446
434,0980	1,3686	-3,1803
434,3578	1,3691	-3,1930
434,6177	1,3696	-3,1140
434,8776	1,3702	-3,1089
435,1374	1,3707	-3,1089
435,3973	1,3712	-3,0987
435,6572	1,3717	-3,1242
435,9170	1,3722	-3,1038
436,1769	1,3728	-3,1293
436,4368	1,3733	-3,0987
436,6967	1,3738	-3,0962
436,9565	1,3743	-3,1242
437,2164	1,3748	-3,1064
437,4763	1,3754	-3,1318
437,7361	1,3759	-3,1446
437,9960	1,3764	-3,1369
438,2559	1,3769	-3,1522
438,5157	1,3774	-3,1828
438,7756	1,3780	-3,1624
439,0355	1,3785	-3,1446
439,2954	1,3790	-3,1548
439,5552	1,3795	-3,1191
439,8151	1,3800	-3,0911
440,0750	1,3806	-3,1344
440,3348	1,3811	-3,1191
440,5947	1,3816	-3,1318
440,8546	1,3821	-3,1140
441,1144	1,3826	-3,1522
441,3743	1,3832	-3,1420
441,6342	1,3837	-3,1166
441,8941	1,3842	-3,1166
442,1539	1,3847	-3,1369
442,4138	1,3852	-3,1854
442,6737	1,3858	-3,1701
442,9335	1,3863	-3,2058
443,1934	1,3868	-3,1879
443,4533	1,3873	-3,1701
443,7131	1,3878	-3,2007
443,9730	1,3884	-3,1930
444,2329	1,3889	-3,2236
444,4928	1,3894	-3,1854
444,7526	1,3899	-3,1930
445,0125	1,3904	-3,2083
445,2724	1,3910	-3,2261
445,5322	1,3915	-3,1726
445,7921	1,3920	-3,1293
446,0520	1,3925	-3,1599
446,3118	1,3930	-3,1752
446,5717	1,3936	-3,1956
446,8316	1,3941	-3,1879
447,0915	1,3946	-3,1930
447,3513	1,3951	-3,1828
447,6112	1,3956	-3,1573
447,8711	1,3962	-3,1624
448,1309	1,3967	-3,1624
448,3908	1,3972	-3,1573
448,6507	1,3977	-3,1038
448,9105	1,3982	-3,1013
449,1704	1,3988	-3,1548
449,4303	1,3993	-3,1471
449,6902	1,3998	-3,1318
449,9500	1,4003	-3,1599
450,2099	1,4008	-3,1420
450,4698	1,4014	-3,1624
450,7296	1,4019	-3,1650
450,9895	1,4024	-3,1803
451,2494	1,4029	-3,1573
451,5092	1,4034	-3,1777
451,7691	1,4040	-3,1828
452,0290	1,4045	-3,1624
452,2889	1,4050	-3,1650
452,5487	1,4055	-3,1191
452,8086	1,4060	-3,1064
453,0685	1,4066	-3,0987
453,3283	1,4071	-3,1217
453,5882	1,4076	-3,1140
453,8481	1,4081	-3,1064
454,1079	1,4086	-3,1293
454,3678	1,4092	-3,2058
454,6277	1,4097	-3,1930
454,8876	1,4102	-3,2312
455,1474	1,4107	-3,1650
455,4073	1,4112	-3,1344
455,6672	1,4118	-3,1420
455,9270	1,4123	-3,1446
456,1869	1,4128	-3,1217
456,4468	1,4133	-3,1701
456,7066	1,4138	-3,1471
456,9665	1,4144	-3,0936
457,2264	1,4149	-3,1242
457,4863	1,4154	-3,1115
457,7461	1,4159	-3,1064
458,0060	1,4164	-3,1369
458,2659	1,4170	-3,1089
458,5257	1,4175	-3,1267
458,7856	1,4180	-3,1675
459,0455	1,4185	-3,1420
459,3053	1,4190	-3,1318
459,5652	1,4196	-3,1854
459,8251	1,4201	-3,1446
460,0850	1,4206	-3,1318
460,3448	1,4211	-3,1267
460,6047	1,4216	-3,1115
460,8646	1,4222	-3,1395
461,1244	1,4227	-3,1497
461,3843	1,4232	-3,1217
461,6442	1,4237	-3,1115
461,9040	1,4242	-3,1650
462,1639	1,4248	-3,1548
462,4238	1,4253	-3,1650
462,6837	1,4258	-3,0987
462,9435	1,4263	-3,0962
463,2034	1,4268	-3,1038
463,4633	1,4274	-3,0452
463,7231	1,4279	-3,0605
463,9830	1,4284	-3,1089
464,2429	1,4289	-3,0809
464,5027	1,4294	-3,1140
464,7626	1,4300	-3,1752
465,0225	1,4305	-3,1471
465,2824	1,4310	-3,1420
465,5422	1,4315	-3,1522
465,8021	1,4320	-3,1140
466,0620	1,4326	-3,1675
466,3218	1,4331	-3,1420
466,5817	1,4336	-3,1318
466,8416	1,4341	-3,1318
467,1014	1,4346	-3,1217
467,3613	1,4352	-3,0630
467,6212	1,4357	-3,1089
467,8811	1,4362	-3,1089
468,1409	1,4367	-3,0324
468,4008	1,4372	-3,0477
468,6607	1,4378	-3,0146
468,9205	1,4383	-3,0477
469,1804	1,4388	-3,0987
469,4403	1,4393	-3,0605
469,7001	1,4398	-3,0732
469,9600	1,4404	-3,0962
470,2199	1,4409	-3,1089
470,4798	1,4414	-3,1242
470,7396	1,4419	-3,0936
470,9995	1,4424	-3,1089
471,2594	1,4430	-3,1217
471,5192	1,4435	-3,1318
471,7791	1,4440	-3,0911
472,0390	1,4445	-3,1038
472,2989	1,4450	-3,1242
472,5587	1,4456	-3,1242
472,8186	1,4461	-3,1318
473,0785	1,4466	-3,1013
473,3383	1,4471	-3,1267
473,5982	1,4476	-3,1752
473,8581	1,4482	-3,1522
474,1179	1,4487	-3,1930
474,3778	1,4492	-3,1879
474,6377	1,4497	-3,1854
474,8976	1,4502	-3,1675
475,1574	1,4508	-3,2109
475,4173	1,4513	-3,1777
475,6772	1,4518	-3,1828
475,9370	1,4523	-3,1446
476,1969	1,4528	-3,1395
476,4568	1,4534	-3,1701
476,7166	1,4539	-3,2109
476,9765	1,4544	-3,1905
477,2364	1,4549	-3,1752
477,4963	1,4554	-3,2032
477,7561	1,4560	-3,1879
478,0160	1,4565	-3,1981
478,2759	1,4570	-3,1548
478,5357	1,4575	-3,1267
478,7956	1,4580	-3,1726
479,0555	1,4586	-3,1522
479,3153	1,4591	-3,1115
479,5752	1,4596	-3,1013
479,8351	1,4601	-3,1115
480,0950	1,4606	-3,0783
480,3548	1,4612	-3,0834
480,6147	1,4617	-3,0605
480,8746	1,4622	-3,0707
481,1344	1,4627	-3,0426
481,3943	1,4632	-3,0223
481,6542	1,4638	-3,0452
481,9140	1,4643	-3,0834
482,1739	1,4648	-3,0605
482,4338	1,4653	-3,1089
482,6937	1,4658	-3,1115
482,9535	1,4664	-3,0911
483,2134	1,4669	-3,0452
483,4733	1,4674	-3,0223
483,7331	1,4679	-3,0172
483,9930	1,4684	-3,0197
484,2529	1,4690	-3,0452
484,5127	1,4695	-3,0528
484,7726	1,4700	-3,0732
485,0325	1,4705	-3,0630
485,2924	1,4710	-3,0885
485,5522	1,4716	-3,1115
485,8121	1,4721	-3,1293
486,0720	1,4726	-3,1217
486,3318	1,4731	-3,1293
486,5917	1,4736	-3,1115
486,8516	1,4742	-3,1420
487,1114	1,4747	-3,1930
487,3713	1,4752	-3,1879
487,6312	1,4757	-3,1828
487,8911	1,4762	-3,2389
488,1509	1,4768	-3,2669
488,4108	1,4773	-3,3026
488,6707	1,4778	-3,3434
488,9305	1,4783	-3,3383
489,1904	1,4788	-3,3281
489,4503	1,4794	-3,3204
489,7101	1,4799	-3,3001
489,9700	1,4804	-3,3612
490,2299	1,4809	-3,3357
490,4898	1,4814	-3,3204
490,7496	1,4820	-3,3536
491,0095	1,4825	-3,3689
491,2694	1,4830	-3,3052
491,5292	1,4835	-3,2644
491,7891	1,4840	-3,2797
492,0490	1,4846	-3,2338
492,3088	1,4851	-3,2287
492,5687	1,4856	-3,1828
492,8286	1,4861	-3,1777
493,0885	1,4866	-3,2032
493,3483	1,4872	-3,2007
493,6082	1,4877	-3,1522
493,8681	1,4882	-3,1140
494,1279	1,4887	-3,1140
494,3878	1,4892	-3,1548
494,6477	1,4898	-3,1522
494,9075	1,4903	-3,0834
495,1674	1,4908	-3,0554
495,4273	1,4913	-3,1242
495,6872	1,4918	-3,1115
495,9470	1,4924	-3,0758
496,2069	1,4929	-3,1013
496,4668	1,4934	-3,0477
496,7266	1,4939	-3,0401
496,9865	1,4944	-3,0299
497,2464	1,4950	-2,9866
497,5062	1,4955	-2,9738
497,7661	1,4960	-2,9866
498,0260	1,4965	-2,9203
498,2859	1,4970	-2,9330
498,5457	1,4976	-2,8821
498,8056	1,4981	-2,8362
499,0655	1,4986	-2,7954
499,3253	1,4991	-2,7750
499,5852	1,4996	-2,7088
499,8451	1,5002	-2,7521
500,1049	1,5007	-2,7037
500,3648	1,5012	-2,6756
500,6247	1,5017	-2,6833
500,8846	1,5022	-2,6909
501,1444	1,5028	-2,6603
501,4043	1,5033	-2,6425
501,6642	1,5038	-2,6450
501,9240	1,5043	-2,6017
502,1839	1,5048	-2,6068
502,4438	1,5054	-2,5660
502,7036	1,5059	-2,5609
502,9635	1,5064	-2,5915
503,2234	1,5069	-2,5941
503,4833	1,5074	-2,5839
503,7431	1,5080	-2,6374
504,0030	1,5085	-2,6909
504,2629	1,5090	-2,7266
504,5227	1,5095	-2,7419
504,7826	1,5100	-2,7266
505,0425	1,5106	-2,7954
505,3023	1,5111	-2,8413
505,5622	1,5116	-2,9305
505,8221	1,5121	-3,0095
506,0820	1,5126	-3,0987
506,3418	1,5132	-3,1828
506,6017	1,5137	-3,3357
506,8616	1,5142	-3,4428
507,1214	1,5147	-3,5371
507,3813	1,5152	-3,6773
507,6412	1,5158	-3,7894
507,9010	1,5163	-3,8837
508,1609	1,5168	-4,0417
508,4208	1,5173	-4,1105
508,6807	1,5178	-4,2074
508,9405	1,5184	-4,2839
509,2004	1,5189	-4,3297
509,4603	1,5194	-4,3170
509,7201	1,5199	-4,3348
509,9800	1,5204	-4,2660
510,2399	1,5210	-4,1845
510,4998	1,5215	-4,1233
510,7596	1,5220	-4,0366
511,0195	1,5225	-3,9755
511,2794	1,5230	-3,9347
511,5392	1,5236	-3,8149
511,7991	1,5241	-3,7104
512,0590	1,5246	-3,6671
512,3188	1,5251	-3,6110
512,5787	1,5256	-3,5575
512,8386	1,5262	-3,5575
513,0985	1,5267	-3,4989
513,3583	1,5272	-3,5091
513,6182	1,5277	-3,4632
513,8781	1,5282	-3,4122
514,1379	1,5288	-3,4071
514,3978	1,5293	-3,3918
514,6577	1,5298	-3,3867
514,9175	1,5303	-3,4377
515,1774	1,5308	-3,4224
515,4373	1,5314	-3,3663
515,6972	1,5319	-3,3765
515,9570	1,5324	-3,3434
516,2169	1,5329	-3,3128
516,4768	1,5334	-3,3459
516,7366	1,5340	-3,3204
516,9965	1,5345	-3,2950
517,2564	1,5350	-3,2848
517,5162	1,5355	-3,2644
517,7761	1,5360	-3,2389
518,0360	1,5366	-3,2542
518,2959	1,5371	-3,2440
518,5557	1,5376	-3,2746
518,8156	1,5381	-3,2465
519,0755	1,5386	-3,2185
519,3353	1,5392	-3,2746
519,5952	1,5397	-3,2287
519,8551	1,5402	-3,1650
520,1149	1,5407	-3,1854
520,3748	1,5412	-3,2160
520,6347	1,5418	-3,1573
520,8946	1,5423	-3,1726
521,1544	1,5428	-3,1777
521,4143	1,5433	-3,1752
521,6742	1,5438	-3,1650
521,9340	1,5444	-3,1446
522,1939	1,5449	-3,1752
522,4538	1,5454	-3,1675
522,7136	1,5459	-3,1217
522,9735	1,5464	-3,1115
523,2334	1,5470	-3,1726
523,4933	1,5475	-3,1548
523,7531	1,5480	-3,1140
524,0130	1,5485	-3,1242
524,2729	1,5490	-3,1293
524,5327	1,5496	-3,1217
524,7926	1,5501	-3,1166
525,0525	1,5506	-3,0860
525,3123	1,5511	-3,1344
525,5722	1,5516	-3,1369
525,8321	1,5522	-3,1089
526,0920	1,5527	-3,1089
526,3518	1,5532	-3,1420
526,6117	1,5537	-3,1089
526,8716	1,5542	-3,1497
527,1314	1,5548	-3,1242
527,3913	1,5553	-3,1446
527,6512	1,5558	-3,1624
527,9110	1,5563	-3,1497
528,1709	1,5568	-3,1548
528,4308	1,5574	-3,1701
528,6907	1,5579	-3,1548
528,9505	1,5584	-3,1446
529,2104	1,5589	-3,1471
529,4703	1,5594	-3,1420
529,7301	1,5600	-3,1344
529,9900	1,5605	-3,1573
530,2499	1,5610	-3,1369
530,5097	1,5615	-3,1497
530,7696	1,5620	-3,1267
531,0295	1,5626	-3,0707
531,2894	1,5631	-3,1115
531,5492	1,5636	-3,1777
531,8091	1,5641	-3,1701
532,0690	1,5646	-3,1879
532,3288	1,5652	-3,1930
532,5887	1,5657	-3,1293
532,8486	1,5662	-3,1548
533,1084	1,5667	-3,1344
533,3683	1,5672	-3,1166
533,6282	1,5678	-3,1318
533,8881	1,5683	-3,1217
534,1479	1,5688	-3,1089
534,4078	1,5693	-3,1166
534,6677	1,5698	-3,0987
534,9275	1,5704	-3,1166
535,1874	1,5709	-3,1242
535,4473	1,5714	-3,0962
535,7071	1,5719	-3,1038
535,9670	1,5724	-3,1089
536,2269	1,5730	-3,1013
536,4868	1,5735	-3,1166
536,7466	1,5740	-3,1726
537,0065	1,5745	-3,1522
537,2664	1,5750	-3,1573
537,5262	1,5756	-3,1420
537,7861	1,5761	-3,1267
538,0460	1,5766	-3,1497
538,3058	1,5771	-3,1395
538,5657	1,5776	-3,1344
538,8256	1,5782	-3,1726
539,0855	1,5787	-3,1420
539,3453	1,5792	-3,0911
539,6052	1,5797	-3,1675
539,8651	1,5802	-3,1420
540,1249	1,5808	-3,1318
540,3848	1,5813	-3,1420
540,6447	1,5818	-3,0936
540,9045	1,5823	-3,0860
541,1644	1,5828	-3,1446
541,4243	1,5834	-3,0885
541,6842	1,5839	-3,1242
541,9440	1,5844	-3,1650
542,2039	1,5849	-3,1064
542,4638	1,5854	-3,0987
542,7236	1,5860	-3,1726
542,9835	1,5865	-3,1446
543,2434	1,5870	-3,1115
543,5032	1,5875	-3,1267
543,7631	1,5880	-3,1318
544,0230	1,5886	-3,1318
544,2829	1,5891	-3,1344
544,5427	1,5896	-3,1191
544,8026	1,5901	-3,1242
545,0625	1,5906	-3,1191
545,3223	1,5912	-3,1064
545,5822	1,5917	-3,1599
545,8421	1,5922	-3,1420
546,1019	1,5927	-3,1089
546,3618	1,5932	-3,1573
546,6217	1,5938	-3,1191
546,8816	1,5943	-3,1115
547,1414	1,5948	-3,1267
547,4013	1,5953	-3,0962
547,6612	1,5958	-3,0987
547,9210	1,5964	-3,1471
548,1809	1,5969	-3,1318
548,4408	1,5974	-3,1242
548,7006	1,5979	-3,1497
548,9605	1,5984	-3,1344
549,2204	1,5990	-3,1217
549,4803	1,5995	-3,1522
549,7401	1,6000	-3,1395
