30,0000	0,5600	-0,5653
30,2599	0,5605	-1,3452
30,5197	0,5610	-2,1633
30,7796	0,5616	-2,8668
31,0395	0,5621	-3,1217
31,2994	0,5626	-3,2695
31,5592	0,5631	-3,2695
31,8191	0,5636	-3,1854
32,0790	0,5642	-2,9738
32,3388	0,5647	-2,8056
32,5987	0,5652	-2,6323
32,8586	0,5657	-2,4335
33,1184	0,5662	-2,1735
33,3783	0,5668	-2,0130
33,6382	0,5673	-1,8269
33,8981	0,5678	-1,6230
34,1579	0,5683	-1,4497
34,4178	0,5688	-1,3299
34,6777	0,5694	-1,0827
34,9375	0,5699	-0,7692
35,1974	0,5704	-0,5653
35,4573	0,5709	-0,4430
35,7171	0,5714	-0,2722
35,9770	0,5720	-0,0658
36,2369	0,5725	-0,0123
36,4968	0,5730	0,0132
36,7566	0,5735	-0,0938
37,0165	0,5740	-0,1397
37,2764	0,5746	-0,2850
37,5362	0,5751	-0,5806
37,7961	0,5756	-0,8431
38,0560	0,5761	-1,1948
38,3158	0,5766	-1,6409
38,5757	0,5772	-1,9951
38,8356	0,5777	-2,3112
39,0955	0,5782	-2,6884
39,3553	0,5787	-3,2210
39,6152	0,5792	-3,6722
39,8751	0,5798	-4,0596
40,1349	0,5803	-4,3934
40,3948	0,5808	-4,7452
40,6547	0,5813	-4,9873
40,9145	0,5818	-5,2243
41,1744	0,5824	-5,3772
41,4343	0,5829	-5,5888
41,6942	0,5834	-5,7239
41,9540	0,5839	-5,7111
42,2139	0,5844	-5,7442
42,4738	0,5850	-5,6882
42,7336	0,5855	-5,5862
42,9935	0,5860	-5,3721
43,2534	0,5865	-5,2116
43,5132	0,5870	-5,0994
43,7731	0,5876	-4,8981
44,0330	0,5881	-4,5922
44,2929	0,5886	-4,4164
44,5527	0,5891	-4,2125
44,8126	0,5896	-3,9219
45,0725	0,5902	-3,7359
45,3323	0,5907	-3,6212
45,5922	0,5912	-3,5294
45,8521	0,5917	-3,3867
46,1119	0,5922	-3,2924
46,3718	0,5928	-3,2924
46,6317	0,5933	-3,2389
46,8916	0,5938	-3,1369
47,1514	0,5943	-3,0860
47,4113	0,5948	-3,0783
47,6712	0,5954	-3,0630
47,9310	0,5959	-3,0324
48,1909	0,5964	-3,0350
48,4508	0,5969	-3,0758
48,7106	0,5974	-3,1013
48,9705	0,5980	-3,0834
49,2304	0,5985	-3,0070
49,4903	0,5990	-3,0146
49,7501	0,5995	-2,9611
50,0100	0,6000	-2,8413
50,2699	0,6006	-2,8566
50,5297	0,6011	-2,7852
50,7896	0,6016	-2,6680
51,0495	0,6021	-2,5915
51,3093	0,6026	-2,5915
51,5692	0,6032	-2,5227
51,8291	0,6037	-2,4488
52,0890	0,6042	-2,3953
52,3488	0,6047	-2,4259
52,6087	0,6052	-2,4182
52,8686	0,6058	-2,3825
53,1284	0,6063	-2,3672
53,3883	0,6068	-2,3672
53,6482	0,6073	-2,4029
53,9080	0,6078	-2,3086
54,1679	0,6084	-2,3978
54,4278	0,6089	-2,4412
54,6877	0,6094	-2,4284
54,9475	0,6099	-2,4488
55,2074	0,6104	-2,6196
55,4673	0,6110	-2,7801
55,7271	0,6115	-2,7827
55,9870	0,6120	-2,7801
56,2469	0,6125	-2,8158
56,5067	0,6130	-2,9305
56,7666	0,6136	-2,8770
57,0265	0,6141	-2,8770
57,2864	0,6146	-2,8719
57,5462	0,6151	-2,9509
57,8061	0,6156	-2,8999
58,0660	0,6162	-2,8872
58,3258	0,6167	-2,7878
58,5857	0,6172	-2,7521
58,8456	0,6177	-2,5992
59,1054	0,6182	-2,4819
59,3653	0,6188	-2,4590
59,6252	0,6193	-2,3545
59,8851	0,6198	-2,2118
60,1449	0,6203	-2,0283
60,4048	0,6208	-1,9849
60,6647	0,6214	-1,9059
60,9245	0,6219	-1,7352
61,1844	0,6224	-1,6179
61,4443	0,6229	-1,5975
61,7041	0,6234	-1,5466
61,9640	0,6240	-1,4064
62,2239	0,6245	-1,3911
62,4838	0,6250	-1,4089
62,7436	0,6255	-1,4242
63,0035	0,6260	-1,4497
63,2634	0,6266	-1,5517
63,5232	0,6271	-1,7428
63,7831	0,6276	-1,8524
64,0430	0,6281	-2,0563
64,3028	0,6286	-2,1379
64,5627	0,6292	-2,3035
64,8226	0,6297	-2,3672
65,0825	0,6302	-2,4717
65,3423	0,6307	-2,6374
65,6022	0,6312	-2,7444
65,8621	0,6318	-2,8846
66,1219	0,6323	-2,8821
66,3818	0,6328	-2,9560
66,6417	0,6333	-3,0019
66,9015	0,6338	-3,0095
67,1614	0,6344	-2,9891
67,4213	0,6349	-3,0324
67,6812	0,6354	-3,0121
67,9410	0,6359	-3,0172
68,2009	0,6364	-2,9432
68,4608	0,6370	-3,0172
68,7206	0,6375	-2,9738
68,9805	0,6380	-2,9076
69,2404	0,6385	-2,8591
69,5002	0,6390	-2,8974
69,7601	0,6396	-2,8642
70,0200	0,6401	-2,8515
70,2799	0,6406	-2,7980
70,5397	0,6411	-2,8897
70,7996	0,6416	-2,8438
71,0595	0,6422	-2,7954
71,3193	0,6427	-2,7954
71,5792	0,6432	-2,7903
71,8391	0,6437	-2,7037
72,0990	0,6442	-2,7139
72,3588	0,6448	-2,7597
72,6187	0,6453	-2,6960
72,8786	0,6458	-2,5915
73,1384	0,6463	-2,6119
73,3983	0,6468	-2,5202
73,6582	0,6474	-2,5405
73,9180	0,6479	-2,5405
74,1779	0,6484	-2,4488
74,4378	0,6489	-2,4513
74,6977	0,6494	-2,4717
74,9575	0,6500	-2,4182
75,2174	0,6505	-2,4055
75,4773	0,6510	-2,3672
75,7371	0,6515	-2,3621
75,9970	0,6520	-2,2806
76,2569	0,6526	-2,2475
76,5167	0,6531	-2,2602
76,7766	0,6536	-2,2245
77,0365	0,6541	-2,1251
77,2964	0,6546	-2,1277
77,5562	0,6552	-2,1073
77,8161	0,6557	-2,1200
78,0760	0,6562	-2,1200
78,3358	0,6567	-2,0869
78,5957	0,6572	-2,0538
78,8556	0,6578	-2,0002
79,1154	0,6583	-1,9671
79,3753	0,6588	-1,8906
79,6352	0,6593	-1,7810
79,8951	0,6598	-1,7250
80,1549	0,6604	-1,6307
80,4148	0,6609	-1,6867
80,6747	0,6614	-1,6944
80,9345	0,6619	-1,5950
81,1944	0,6624	-1,6256
81,4543	0,6630	-1,6434
81,7141	0,6635	-1,6663
81,9740	0,6640	-1,6026
82,2339	0,6645	-1,6332
82,4938	0,6650	-1,6867
82,7536	0,6656	-1,7301
83,0135	0,6661	-1,7836
83,2734	0,6666	-1,8779
83,5332	0,6671	-2,0385
83,7931	0,6676	-2,1302
84,0530	0,6682	-2,2347
84,3128	0,6687	-2,3086
84,5727	0,6692	-2,4233
84,8326	0,6697	-2,5507
85,0925	0,6702	-2,5711
85,3523	0,6708	-2,7190
85,6122	0,6713	-2,8056
85,8721	0,6718	-2,9178
86,1319	0,6723	-2,9993
86,3918	0,6728	-3,0834
86,6517	0,6734	-3,1675
86,9115	0,6739	-3,1267
87,1714	0,6744	-3,0987
87,4313	0,6749	-3,1217
87,6912	0,6754	-3,1191
87,9510	0,6760	-3,1013
88,2109	0,6765	-3,0681
88,4708	0,6770	-3,0707
88,7306	0,6775	-3,0911
88,9905	0,6780	-3,0223
89,2504	0,6786	-2,9917
89,5102	0,6791	-2,9458
89,7701	0,6796	-2,8999
90,0300	0,6801	-2,8235
90,2899	0,6806	-2,7572
90,5497	0,6812	-2,7572
90,8096	0,6817	-2,7699
91,0695	0,6822	-2,6782
91,3293	0,6827	-2,6425
91,5892	0,6832	-2,6349
91,8491	0,6838	-2,5915
92,1089	0,6843	-2,5355
92,3688	0,6848	-2,5023
92,6287	0,6853	-2,4896
92,8886	0,6858	-2,5023
93,1484	0,6864	-2,4947
93,4083	0,6869	-2,5023
93,6682	0,6874	-2,5304
93,9280	0,6879	-2,4870
94,1879	0,6884	-2,5125
94,4478	0,6890	-2,5456
94,7076	0,6895	-2,5100
94,9675	0,6900	-2,4590
95,2274	0,6905	-2,3800
95,4873	0,6910	-2,3494
95,7471	0,6916	-2,3927
96,0070	0,6921	-2,3851
96,2669	0,6926	-2,3545
96,5267	0,6931	-2,3647
96,7866	0,6936	-2,4055
97,0465	0,6942	-2,3596
97,3063	0,6947	-2,3112
97,5662	0,6952	-2,2627
97,8261	0,6957	-2,2933
98,0860	0,6962	-2,1837
98,3458	0,6968	-2,1175
98,6057	0,6973	-2,1124
98,8656	0,6978	-2,0716
99,1254	0,6983	-2,0436
99,3853	0,6988	-1,9951
99,6452	0,6994	-1,9059
99,9050	0,6999	-1,9085
100,1649	0,7004	-1,8677
100,4248	0,7009	-1,8371
100,6847	0,7014	-1,8855
100,9445	0,7020	-1,8957
101,2044	0,7025	-1,9594
101,4643	0,7030	-2,0359
101,7241	0,7035	-2,0181
101,9840	0,7040	-2,0385
102,2439	0,7046	-2,0206
102,5037	0,7051	-2,1506
102,7636	0,7056	-2,2576
103,0235	0,7061	-2,3494
103,2834	0,7066	-2,3468
103,5432	0,7072	-2,4437
103,8031	0,7077	-2,5355
104,0630	0,7082	-2,6425
104,3228	0,7087	-2,6858
104,5827	0,7092	-2,8107
104,8426	0,7098	-2,8999
105,1024	0,7103	-3,0121
105,3623	0,7108	-3,0375
105,6222	0,7113	-3,0911
105,8821	0,7118	-3,1548
106,1419	0,7124	-3,1548
106,4018	0,7129	-3,2007
106,6617	0,7134	-3,2083
106,9215	0,7139	-3,1956
107,1814	0,7144	-3,1803
107,4413	0,7150	-3,1013
107,7011	0,7155	-3,0095
107,9610	0,7160	-2,9560
108,2209	0,7165	-2,8897
108,4808	0,7170	-2,8387
108,7406	0,7176	-2,8031
109,0005	0,7181	-2,7546
109,2604	0,7186	-2,6909
109,5202	0,7191	-2,6501
109,7801	0,7196	-2,6782
110,0400	0,7202	-2,6501
110,2999	0,7207	-2,6221
110,5597	0,7212	-2,5839
110,8196	0,7217	-2,5558
111,0795	0,7222	-2,6017
111,3393	0,7228	-2,5737
111,5992	0,7233	-2,5635
111,8591	0,7238	-2,6017
112,1189	0,7243	-2,5788
112,3788	0,7248	-2,5992
112,6387	0,7254	-2,5788
112,8986	0,7259	-2,7215
113,1584	0,7264	-2,7521
113,4183	0,7269	-2,7750
113,6782	0,7274	-2,7827
113,9380	0,7280	-2,8031
114,1979	0,7285	-2,7241
114,4578	0,7290	-2,7164
114,7176	0,7295	-2,7597
114,9775	0,7300	-2,7827
115,2374	0,7306	-2,7725
115,4973	0,7311	-2,8056
115,7571	0,7316	-2,7495
116,0170	0,7321	-2,7954
116,2769	0,7326	-2,7495
116,5367	0,7332	-2,7674
116,7966	0,7337	-2,7648
117,0565	0,7342	-2,7419
117,3163	0,7347	-2,7062
117,5762	0,7352	-2,7139
117,8361	0,7358	-2,7139
118,0960	0,7363	-2,7190
118,3558	0,7368	-2,6833
118,6157	0,7373	-2,6323
118,8756	0,7378	-2,6247
119,1354	0,7384	-2,6501
119,3953	0,7389	-2,6425
119,6552	0,7394	-2,6603
119,9150	0,7399	-2,7062
120,1749	0,7404	-2,7572
120,4348	0,7410	-2,7062
120,6947	0,7415	-2,6349
120,9545	0,7420	-2,6221
121,2144	0,7425	-2,6450
121,4743	0,7430	-2,5711
121,7341	0,7436	-2,6731
121,9940	0,7441	-2,6578
122,2539	0,7446	-2,6629
122,5137	0,7451	-2,6298
122,7736	0,7456	-2,6119
123,0335	0,7462	-2,6323
123,2934	0,7467	-2,6323
123,5532	0,7472	-2,6349
123,8131	0,7477	-2,5762
124,0730	0,7482	-2,6654
124,3328	0,7488	-2,6680
124,5927	0,7493	-2,7037
124,8526	0,7498	-2,7444
125,1124	0,7503	-2,7342
125,3723	0,7508	-2,6629
125,6322	0,7514	-2,6680
125,8921	0,7519	-2,7546
126,1519	0,7524	-2,7801
126,4118	0,7529	-2,7215
126,6717	0,7534	-2,6909
126,9315	0,7540	-2,7623
127,1914	0,7545	-2,7317
127,4513	0,7550	-2,6960
127,7111	0,7555	-2,7113
127,9710	0,7560	-2,7139
128,2309	0,7566	-2,7546
128,4908	0,7571	-2,6756
128,7506	0,7576	-2,6527
129,0105	0,7581	-2,7368
129,2704	0,7586	-2,7750
129,5302	0,7592	-2,7266
129,7901	0,7597	-2,7037
130,0500	0,7602	-2,7572
130,3098	0,7607	-2,7393
130,5697	0,7612	-2,7037
130,8296	0,7618	-2,7393
131,0895	0,7623	-2,7215
131,3493	0,7628	-2,6680
131,6092	0,7633	-2,7139
131,8691	0,7638	-2,7444
132,1289	0,7644	-2,7444
132,3888	0,7649	-2,7444
132,6487	0,7654	-2,7648
132,9085	0,7659	-2,7725
133,1684	0,7664	-2,8056
133,4283	0,7670	-2,8133
133,6882	0,7675	-2,8464
133,9480	0,7680	-2,8158
134,2079	0,7685	-2,7776
134,4678	0,7690	-2,7521
134,7276	0,7696	-2,7011
134,9875	0,7701	-2,6833
135,2474	0,7706	-2,7292
135,5072	0,7711	-2,7241
135,7671	0,7716	-2,6986
136,0270	0,7722	-2,7495
136,2869	0,7727	-2,7980
136,5467	0,7732	-2,7725
136,8066	0,7737	-2,7750
137,0665	0,7742	-2,7470
137,3263	0,7748	-2,7368
137,5862	0,7753	-2,6629
137,8461	0,7758	-2,7037
138,1059	0,7763	-2,6450
138,3658	0,7768	-2,7062
138,6257	0,7774	-2,6833
138,8856	0,7779	-2,7164
139,1454	0,7784	-2,6782
139,4053	0,7789	-2,7190
139,6652	0,7794	-2,7699
139,9250	0,7800	-2,7495
140,1849	0,7805	-2,7980
140,4448	0,7810	-2,7546
140,7046	0,7815	-2,7546
140,9645	0,7820	-2,7037
141,2244	0,7826	-2,7929
141,4843	0,7831	-2,7725
141,7441	0,7836	-2,7852
142,0040	0,7841	-2,7903
142,2639	0,7846	-2,8184
142,5237	0,7852	-2,7954
142,7836	0,7857	-2,6935
143,0435	0,7862	-2,7342
143,3033	0,7867	-2,6833
143,5632	0,7872	-2,7215
143,8231	0,7878	-2,7292
144,0830	0,7883	-2,7546
144,3428	0,7888	-2,7954
144,6027	0,7893	-2,7980
144,8626	0,7898	-2,8133
145,1224	0,7904	-2,8209
145,3823	0,7909	-2,8464
145,6422	0,7914	-2,8235
145,9020	0,7919	-2,8260
146,1619	0,7924	-2,8158
146,4218	0,7930	-2,8082
146,6817	0,7935	-2,8362
146,9415	0,7940	-2,8744
147,2014	0,7945	-2,9560
147,4613	0,7950	-2,9534
147,7211	0,7956	-2,9076
147,9810	0,7961	-2,9152
148,2409	0,7966	-2,9407
148,5007	0,7971	-2,9356
148,7606	0,7976	-2,9458
149,0205	0,7982	-2,9254
149,2804	0,7987	-2,8897
149,5402	0,7992	-2,8821
149,8001	0,7997	-2,8642
150,0600	0,8002	-2,9585
150,3198	0,8008	-2,9483
150,5797	0,8013	-2,9050
150,8396	0,8018	-2,9127
151,0995	0,8023	-2,9203
151,3593	0,8028	-2,9050
151,6192	0,8034	-2,9229
151,8791	0,8039	-2,9025
152,1389	0,8044	-2,9203
152,3988	0,8049	-3,0070
152,6587	0,8054	-2,9534
152,9185	0,8060	-2,9534
153,1784	0,8065	-2,9101
153,4383	0,8070	-2,8719
153,6982	0,8075	-2,8286
153,9580	0,8080	-2,7827
154,2179	0,8086	-2,8336
154,4778	0,8091	-2,8897
154,7376	0,8096	-2,8693
154,9975	0,8101	-2,8872
155,2574	0,8106	-2,9254
155,5172	0,8112	-2,9178
155,7771	0,8117	-2,8872
156,0370	0,8122	-2,9534
156,2969	0,8127	-2,9815
156,5567	0,8132	-2,9611
156,8166	0,8138	-2,8821
157,0765	0,8143	-2,8821
157,3363	0,8148	-2,9203
157,5962	0,8153	-2,9254
157,8561	0,8158	-2,8974
158,1159	0,8164	-2,9127
158,3758	0,8169	-2,9585
158,6357	0,8174	-2,9662
158,8956	0,8179	-2,9050
159,1554	0,8184	-2,9152
159,4153	0,8190	-2,9050
159,6752	0,8195	-2,8897
159,9350	0,8200	-2,8642
160,1949	0,8205	-2,9305
160,4548	0,8210	-2,9254
160,7146	0,8216	-2,8999
160,9745	0,8221	-2,8974
161,2344	0,8226	-2,9381
161,4943	0,8231	-2,9687
161,7541	0,8236	-2,9662
162,0140	0,8242	-2,9101
162,2739	0,8247	-2,9101
162,5337	0,8252	-2,8617
162,7936	0,8257	-2,8082
163,0535	0,8262	-2,7852
163,3133	0,8268	-2,8617
163,5732	0,8273	-2,8668
163,8331	0,8278	-2,8566
164,0930	0,8283	-2,8974
164,3528	0,8288	-2,9738
164,6127	0,8294	-2,9636
164,8726	0,8299	-2,9611
165,1324	0,8304	-2,9891
165,3923	0,8309	-2,9178
165,6522	0,8314	-2,9432
165,9120	0,8320	-2,9229
166,1719	0,8325	-2,9662
166,4318	0,8330	-3,0095
166,6917	0,8335	-2,9840
166,9515	0,8340	-2,9432
167,2114	0,8346	-2,9483
167,4713	0,8351	-2,9534
167,7311	0,8356	-2,9025
167,9910	0,8361	-2,9280
168,2509	0,8366	-2,9917
168,5107	0,8372	-2,9483
168,7706	0,8377	-2,8642
169,0305	0,8382	-2,8923
169,2904	0,8387	-2,9611
169,5502	0,8392	-3,0172
169,8101	0,8398	-2,9917
170,0700	0,8403	-2,9458
170,3298	0,8408	-2,9662
170,5897	0,8413	-2,9942
170,8496	0,8418	-2,9713
171,1094	0,8424	-2,9381
171,3693	0,8429	-3,0401
171,6292	0,8434	-3,1318
171,8891	0,8439	-3,0605
172,1489	0,8444	-3,0605
172,4088	0,8450	-3,0095
172,6687	0,8455	-2,9764
172,9285	0,8460	-2,9585
173,1884	0,8465	-2,9560
173,4483	0,8470	-2,9815
173,7081	0,8476	-2,9789
173,9680	0,8481	-2,9432
174,2279	0,8486	-2,9407
174,4878	0,8491	-2,9942
174,7476	0,8496	-2,9993
175,0075	0,8502	-3,0044
175,2674	0,8507	-2,9560
175,5272	0,8512	-2,9687
175,7871	0,8517	-2,9636
176,0470	0,8522	-2,9458
176,3068	0,8528	-2,9840
176,5667	0,8533	-2,9815
176,8266	0,8538	-2,9840
177,0865	0,8543	-2,9840
177,3463	0,8548	-3,0095
177,6062	0,8554	-3,0401
177,8661	0,8559	-3,0656
178,1259	0,8564	-3,0350
178,3858	0,8569	-3,0834
178,6457	0,8574	-3,0095
178,9055	0,8580	-3,0809
179,1654	0,8585	-3,0452
179,4253	0,8590	-3,1064
179,6852	0,8595	-3,0681
179,9450	0,8600	-3,1293
180,2049	0,8606	-3,1217
180,4648	0,8611	-3,0656
180,7246	0,8616	-3,0070
180,9845	0,8621	-2,9815
181,2444	0,8626	-2,9789
181,5042	0,8632	-3,0019
181,7641	0,8637	-3,0223
182,0240	0,8642	-2,9993
182,2839	0,8647	-2,9713
182,5437	0,8652	-3,0579
182,8036	0,8658	-3,0732
183,0635	0,8663	-3,0197
183,3233	0,8668	-2,9815
183,5832	0,8673	-3,0197
183,8431	0,8678	-2,9611
184,1029	0,8684	-2,9407
184,3628	0,8689	-2,9738
184,6227	0,8694	-2,9534
184,8826	0,8699	-2,9815
185,1424	0,8704	-3,0273
185,4023	0,8710	-2,9738
185,6622	0,8715	-3,0732
185,9220	0,8720	-3,0707
186,1819	0,8725	-3,0860
186,4418	0,8730	-3,0885
186,7016	0,8736	-3,0630
186,9615	0,8741	-3,0350
187,2214	0,8746	-2,9611
187,4813	0,8751	-2,9381
187,7411	0,8756	-2,9866
188,0010	0,8762	-3,0197
188,2609	0,8767	-3,0070
188,5207	0,8772	-3,0121
188,7806	0,8777	-3,0019
189,0405	0,8782	-3,0248
189,3003	0,8788	-3,0197
189,5602	0,8793	-3,0707
189,8201	0,8798	-3,0962
190,0800	0,8803	-3,0528
190,3398	0,8808	-3,1242
190,5997	0,8814	-3,1089
190,8596	0,8819	-3,0707
191,1194	0,8824	-3,0528
191,3793	0,8829	-2,9942
191,6392	0,8834	-3,0350
191,8991	0,8840	-3,0503
192,1589	0,8845	-3,0707
192,4188	0,8850	-3,0401
192,6787	0,8855	-3,0477
192,9385	0,8860	-3,0273
193,1984	0,8866	-3,0019
193,4583	0,8871	-3,0299
193,7181	0,8876	-3,0146
193,9780	0,8881	-2,9866
194,2379	0,8886	-2,9891
194,4978	0,8892	-3,0299
194,7576	0,8897	-3,0758
195,0175	0,8902	-3,0936
195,2774	0,8907	-3,0732
195,5372	0,8912	-3,0095
195,7971	0,8918	-3,0554
196,0570	0,8923	-3,0656
196,3168	0,8928	-3,0401
196,5767	0,8933	-3,0070
196,8366	0,8938	-3,0350
197,0965	0,8944	-3,0121
197,3563	0,8949	-3,0223
197,6162	0,8954	-3,0324
197,8761	0,8959	-3,0936
198,1359	0,8964	-3,0987
198,3958	0,8970	-3,0860
198,6557	0,8975	-3,0554
198,9155	0,8980	-3,0707
199,1754	0,8985	-3,1242
199,4353	0,8990	-3,1013
199,6952	0,8996	-3,0197
199,9550	0,9001	-3,0834
200,2149	0,9006	-3,0401
200,4748	0,9011	-3,0681
200,7346	0,9016	-3,0273
200,9945	0,9022	-3,0197
201,2544	0,9027	-3,0223
201,5142	0,9032	-3,0299
201,7741	0,9037	-3,1013
202,0340	0,9042	-3,0860
202,2939	0,9048	-3,0707
202,5537	0,9053	-3,0962
202,8136	0,9058	-3,0885
203,0735	0,9063	-3,0809
203,3333	0,9068	-3,1344
203,5932	0,9074	-3,1548
203,8531	0,9079	-3,1293
204,1129	0,9084	-3,1650
204,3728	0,9089	-3,1242
204,6327	0,9094	-3,1675
204,8926	0,9100	-3,1013
205,1524	0,9105	-3,0809
205,4123	0,9110	-3,1013
205,6722	0,9115	-3,0911
205,9320	0,9120	-3,1140
206,1919	0,9126	-3,1599
206,4518	0,9131	-3,1548
206,7116	0,9136	-3,1395
206,9715	0,9141	-3,0324
207,2314	0,9146	-3,0044
207,4913	0,9152	-3,0095
207,7511	0,9157	-3,0197
208,0110	0,9162	-3,0605
208,2709	0,9167	-3,1140
208,5307	0,9172	-3,1038
208,7906	0,9178	-3,0375
209,0505	0,9183	-3,0605
209,3103	0,9188	-3,0783
209,5702	0,9193	-3,1064
209,8301	0,9198	-3,1217
210,0900	0,9204	-3,0528
210,3498	0,9209	-3,0172
210,6097	0,9214	-3,1115
210,8696	0,9219	-3,0783
211,1294	0,9224	-3,0885
211,3893	0,9230	-3,1140
211,6492	0,9235	-3,0707
211,9090	0,9240	-3,0732
212,1689	0,9245	-3,1369
212,4288	0,9250	-3,2058
212,6887	0,9256	-3,1166
212,9485	0,9261	-3,0834
213,2084	0,9266	-3,0579
213,4683	0,9271	-3,0681
213,7281	0,9276	-3,0707
213,9880	0,9282	-3,0732
214,2479	0,9287	-3,0630
214,5077	0,9292	-3,1166
214,7676	0,9297	-3,1038
215,0275	0,9302	-3,1293
215,2874	0,9308	-3,0936
215,5472	0,9313	-3,1446
215,8071	0,9318	-3,0477
216,0670	0,9323	-3,0630
216,3268	0,9328	-3,1522
216,5867	0,9334	-3,1522
216,8466	0,9339	-3,1905
217,1064	0,9344	-3,1217
217,3663	0,9349	-3,1064
217,6262	0,9354	-3,1115
217,8861	0,9360	-3,0707
218,1459	0,9365	-3,0477
218,4058	0,9370	-3,0452
218,6657	0,9375	-3,0962
218,9255	0,9380	-3,0860
219,1854	0,9386	-3,0911
219,4453	0,9391	-3,0860
219,7051	0,9396	-3,1140
219,9650	0,9401	-3,0936
220,2249	0,9406	-3,1675
220,4848	0,9412	-3,1318
220,7446	0,9417	-3,1879
221,0045	0,9422	-3,1318
221,2644	0,9427	-3,1115
221,5242	0,9432	-3,0452
221,7841	0,9438	-3,0911
222,0440	0,9443	-3,0223
222,3038	0,9448	-3,0605
222,5637	0,9453	-3,0987
222,8236	0,9458	-3,1369
223,0835	0,9464	-3,1471
223,3433	0,9469	-3,1650
223,6032	0,9474	-3,1420
223,8631	0,9479	-3,1217
224,1229	0,9484	-3,1115
224,3828	0,9490	-3,0732
224,6427	0,9495	-3,0834
224,9025	0,9500	-3,1318
225,1624	0,9505	-3,1038
225,4223	0,9510	-3,0630
225,6822	0,9516	-3,0707
225,9420	0,9521	-3,1140
226,2019	0,9526	-3,1599
226,4618	0,9531	-3,1471
226,7216	0,9536	-3,0962
226,9815	0,9542	-3,1064
227,2414	0,9547	-3,0528
227,5012	0,9552	-3,0860
227,7611	0,9557	-3,1089
228,0210	0,9562	-3,0732
228,2809	0,9568	-3,0223
228,5407	0,9573	-3,0223
228,8006	0,9578	-3,1013
229,0605	0,9583	-3,1803
229,3203	0,9588	-3,1089
229,5802	0,9594	-3,0783
229,8401	0,9599	-3,1013
230,1000	0,9604	-3,1217
230,3598	0,9609	-3,1038
230,6197	0,9614	-3,1166
230,8796	0,9620	-3,0681
231,1394	0,9625	-3,0758
231,3993	0,9630	-3,0528
231,6592	0,9635	-3,0809
231,9190	0,9640	-3,0834
232,1789	0,9646	-3,1522
232,4388	0,9651	-3,0528
232,6987	0,9656	-3,0172
232,9585	0,9661	-3,0401
233,2184	0,9666	-3,1089
233,4783	0,9672	-3,1038
233,7381	0,9677	-3,1115
233,9980	0,9682	-3,0834
234,2579	0,9687	-3,1140
234,5177	0,9692	-3,0681
234,7776	0,9698	-3,0707
235,0375	0,9703	-3,0656
235,2974	0,9708	-3,1064
235,5572	0,9713	-3,1267
235,8171	0,9718	-3,0885
236,0770	0,9724	-3,0834
236,3368	0,9729	-3,0707
236,5967	0,9734	-3,0503
236,8566	0,9739	-3,1497
237,1164	0,9744	-3,1267
237,3763	0,9750	-3,1548
237,6362	0,9755	-3,0885
237,8961	0,9760	-3,0911
238,1559	0,9765	-3,1318
238,4158	0,9770	-3,1446
238,6757	0,9776	-3,0758
238,9355	0,9781	-3,0732
239,1954	0,9786	-3,1420
239,4553	0,9791	-3,0962
239,7151	0,9796	-3,1013
239,9750	0,9802	-3,0681
240,2349	0,9807	-3,1471
240,4948	0,9812	-3,1318
240,7546	0,9817	-3,1115
241,0145	0,9822	-3,1369
241,2744	0,9828	-3,1599
241,5342	0,9833	-3,1548
241,7941	0,9838	-3,0987
242,0540	0,9843	-3,1038
242,3138	0,9848	-3,1140
242,5737	0,9854	-3,0605
242,8336	0,9859	-3,1369
243,0935	0,9864	-3,1369
243,3533	0,9869	-3,1115
243,6132	0,9874	-3,1115
243,8731	0,9880	-3,0528
244,1329	0,9885	-3,1140
244,3928	0,9890	-3,0758
244,6527	0,9895	-3,0503
244,9125	0,9900	-3,0834
245,1724	0,9906	-3,1038
245,4323	0,9911	-3,1573
245,6922	0,9916	-3,1217
245,9520	0,9921	-3,1064
246,2119	0,9926	-3,0783
246,4718	0,9932	-3,0885
246,7316	0,9937	-3,0707
246,9915	0,9942	-3,0299
247,2514	0,9947	-3,0299
247,5112	0,9952	-3,1064
247,7711	0,9958	-3,0732
248,0310	0,9963	-3,1064
248,2909	0,9968	-3,1217
248,5507	0,9973	-3,1013
248,8106	0,9978	-3,0885
249,0705	0,9984	-3,1038
249,3303	0,9989	-3,1267
249,5902	0,9994	-3,1115
249,8501	0,9999	-3,1166
250,1099	1,0004	-3,1217
250,3698	1,0010	-3,1217
250,6297	1,0015	-3,1064
250,8896	1,0020	-3,0758
251,1494	1,0025	-3,0834
251,4093	1,0030	-3,0783
251,6692	1,0036	-3,1064
251,9290	1,0041	-3,0987
252,1889	1,0046	-3,1497
252,4488	1,0051	-3,2185
252,7086	1,0056	-3,1140
252,9685	1,0062	-3,0426
253,2284	1,0067	-3,0299
253,4883	1,0072	-3,0732
253,7481	1,0077	-3,0656
254,0080	1,0082	-3,0707
254,2679	1,0088	-3,0962
254,5277	1,0093	-3,1548
254,7876	1,0098	-3,1701
255,0475	1,0103	-3,1522
255,3073	1,0108	-3,1166
255,5672	1,0114	-3,1956
255,8271	1,0119	-3,2210
256,0870	1,0124	-3,2287
256,3468	1,0129	-3,2338
256,6067	1,0134	-3,2312
256,8666	1,0140	-3,1803
257,1264	1,0145	-3,2312
257,3863	1,0150	-3,2593
257,6462	1,0155	-3,2669
257,9060	1,0160	-3,2109
258,1659	1,0166	-3,2822
258,4258	1,0171	-3,3179
258,6857	1,0176	-3,2465
258,9455	1,0181	-3,2797
259,2054	1,0186	-3,3052
259,4653	1,0192	-3,2950
259,7251	1,0197	-3,3077
259,9850	1,0202	-3,2644
260,2449	1,0207	-3,2160
260,5047	1,0212	-3,2516
260,7646	1,0218	-3,2873
261,0245	1,0223	-3,2797
261,2844	1,0228	-3,2797
261,5442	1,0233	-3,3383
261,8041	1,0238	-3,3281
262,0640	1,0244	-3,2465
262,3238	1,0249	-3,2873
262,5837	1,0254	-3,3001
262,8436	1,0259	-3,2695
263,1034	1,0264	-3,2261
263,3633	1,0270	-3,2363
263,6232	1,0275	-3,2873
263,8831	1,0280	-3,3052
264,1429	1,0285	-3,2848
264,4028	1,0290	-3,2950
264,6627	1,0296	-3,2440
264,9225	1,0301	-3,3154
265,1824	1,0306	-3,2516
265,4423	1,0311	-3,2491
265,7021	1,0316	-3,2414
265,9620	1,0322	-3,3103
266,2219	1,0327	-3,3154
266,4818	1,0332	-3,3154
266,7416	1,0337	-3,3103
267,0015	1,0342	-3,3459
267,2614	1,0348	-3,3154
267,5212	1,0353	-3,2873
267,7811	1,0358	-3,3255
268,0410	1,0363	-3,3816
268,3008	1,0368	-3,2873
268,5607	1,0374	-3,3103
268,8206	1,0379	-3,3052
269,0805	1,0384	-3,3077
269,3403	1,0389	-3,2771
269,6002	1,0394	-3,2950
269,8601	1,0400	-3,2899
270,1199	1,0405	-3,2720
270,3798	1,0410	-3,2567
270,6397	1,0415	-3,2797
270,8996	1,0420	-3,2644
271,1594	1,0426	-3,2975
271,4193	1,0431	-3,2644
271,6792	1,0436	-3,2797
271,9390	1,0441	-3,3128
272,1989	1,0446	-3,3154
272,4588	1,0452	-3,2822
272,7186	1,0457	-3,2414
272,9785	1,0462	-3,2109
273,2384	1,0467	-3,2644
273,4983	1,0472	-3,2210
273,7581	1,0478	-3,1930
274,0180	1,0483	-3,2746
274,2779	1,0488	-3,2746
274,5377	1,0493	-3,2465
274,7976	1,0498	-3,2542
275,0575	1,0504	-3,2516
275,3173	1,0509	-3,2058
275,5772	1,0514	-3,2287
275,8371	1,0519	-3,2210
276,0970	1,0524	-3,1905
276,3568	1,0530	-3,1854
276,6167	1,0535	-3,1879
276,8766	1,0540	-3,2465
277,1364	1,0545	-3,1650
277,3963	1,0550	-3,1395
277,6562	1,0556	-3,1777
277,9160	1,0561	-3,2185
278,1759	1,0566	-3,2491
278,4358	1,0571	-3,1803
278,6957	1,0576	-3,2491
278,9555	1,0582	-3,2185
279,2154	1,0587	-3,1497
279,4753	1,0592	-3,1624
279,7351	1,0597	-3,1726
279,9950	1,0602	-3,1879
280,2549	1,0608	-3,1166
280,5147	1,0613	-3,1013
280,7746	1,0618	-3,1013
281,0345	1,0623	-3,1981
281,2944	1,0628	-3,1599
281,5542	1,0634	-3,1420
281,8141	1,0639	-3,1497
282,0740	1,0644	-3,1369
282,3338	1,0649	-3,1395
282,5937	1,0654	-3,1650
282,8536	1,0660	-3,1752
283,1134	1,0665	-3,1318
283,3733	1,0670	-3,1599
283,6332	1,0675	-3,1446
283,8931	1,0680	-3,2312
284,1529	1,0686	-3,1879
284,4128	1,0691	-3,1828
284,6727	1,0696	-3,1701
284,9325	1,0701	-3,1726
285,1924	1,0706	-3,1548
285,4523	1,0712	-3,1497
285,7121	1,0717	-3,1726
285,9720	1,0722	-3,1981
286,2319	1,0727	-3,2032
286,4918	1,0732	-3,1879
286,7516	1,0738	-3,2516
287,0115	1,0743	-3,2542
287,2714	1,0748	-3,2236
287,5312	1,0753	-3,2160
287,7911	1,0758	-3,2363
288,0510	1,0764	-3,2160
288,3108	1,0769	-3,1777
288,5707	1,0774	-3,1930
288,8306	1,0779	-3,2491
289,0905	1,0784	-3,2593
289,3503	1,0790	-3,1981
289,6102	1,0795	-3,2236
289,8701	1,0800	-3,2440
290,1299	1,0805	-3,2644
290,3898	1,0810	-3,2618
290,6497	1,0816	-3,1726
290,9095	1,0821	-3,1777
291,1694	1,0826	-3,1573
291,4293	1,0831	-3,1726
291,6892	1,0836	-3,1726
291,9490	1,0842	-3,2338
292,2089	1,0847	-3,2160
292,4688	1,0852	-3,2338
292,7286	1,0857	-3,2440
292,9885	1,0862	-3,2389
293,2484	1,0868	-3,2032
293,5082	1,0873	-3,1497
293,7681	1,0878	-3,1726
294,0280	1,0883	-3,2236
294,2879	1,0888	-3,1777
294,5477	1,0894	-3,1267
294,8076	1,0899	-3,1166
295,0675	1,0904	-3,1369
295,3273	1,0909	-3,1115
295,5872	1,0914	-3,1981
295,8471	1,0920	-3,1879
296,1069	1,0925	-3,2032
296,3668	1,0930	-3,1191
296,6267	1,0935	-3,1217
296,8866	1,0940	-3,1777
297,1464	1,0946	-3,1726
297,4063	1,0951	-3,1369
297,6662	1,0956	-3,2185
297,9260	1,0961	-3,1956
298,1859	1,0966	-3,2032
298,4458	1,0972	-3,2160
298,7056	1,0977	-3,1981
298,9655	1,0982	-3,1981
299,2254	1,0987	-3,2567
299,4853	1,0992	-3,2109
299,7451	1,0998	-3,2185
300,0050	1,1003	-3,2287
300,2649	1,1008	-3,2210
300,5247	1,1013	-3,1344
300,7846	1,1018	-3,1548
301,0445	1,1024	-3,1726
301,3043	1,1029	-3,1573
301,5642	1,1034	-3,1930
301,8241	1,1039	-3,2363
302,0840	1,1044	-3,2746
302,3438	1,1050	-3,2210
302,6037	1,1055	-3,1573
302,8636	1,1060	-3,1420
303,1234	1,1065	-3,2160
303,3833	1,1070	-3,1956
303,6432	1,1076	-3,2414
303,9030	1,1081	-3,2363
304,1629	1,1086	-3,2389
304,4228	1,1091	-3,1471
304,6827	1,1096	-3,1650
304,9425	1,1102	-3,2312
305,2024	1,1107	-3,2185
305,4623	1,1112	-3,1548
305,7221	1,1117	-3,1930
305,9820	1,1122	-3,2542
306,2419	1,1128	-3,2261
306,5017	1,1133	-3,2032
306,7616	1,1138	-3,1701
307,0215	1,1143	-3,1573
307,2814	1,1148	-3,1115
307,5412	1,1154	-3,1267
307,8011	1,1159	-3,1599
308,0610	1,1164	-3,1981
308,3208	1,1169	-3,1905
308,5807	1,1174	-3,1369
308,8406	1,1180	-3,1726
309,1004	1,1185	-3,2134
309,3603	1,1190	-3,1726
309,6202	1,1195	-3,1140
309,8801	1,1200	-3,2338
310,1399	1,1206	-3,1446
310,3998	1,1211	-3,1166
310,6597	1,1216	-3,1191
310,9195	1,1221	-3,1318
311,1794	1,1226	-3,1930
311,4393	1,1232	-3,1752
311,6992	1,1237	-3,1726
311,9590	1,1242	-3,1930
312,2189	1,1247	-3,1930
312,4788	1,1252	-3,1624
312,7386	1,1258	-3,1777
312,9985	1,1263	-3,2287
313,2584	1,1268	-3,2542
313,5182	1,1273	-3,1956
313,7781	1,1278	-3,1548
314,0380	1,1284	-3,1930
314,2979	1,1289	-3,2414
314,5577	1,1294	-3,1701
314,8176	1,1299	-3,1624
315,0775	1,1304	-3,1726
315,3373	1,1310	-3,1624
315,5972	1,1315	-3,1242
315,8571	1,1320	-3,0936
316,1169	1,1325	-3,1344
316,3768	1,1330	-3,1854
316,6367	1,1336	-3,1420
316,8966	1,1341	-3,1497
317,1564	1,1346	-3,1318
317,4163	1,1351	-3,1318
317,6762	1,1356	-3,1318
317,9360	1,1362	-3,1879
318,1959	1,1367	-3,2058
318,4558	1,1372	-3,1242
318,7156	1,1377	-3,0936
318,9755	1,1382	-3,1166
319,2354	1,1388	-3,1293
319,4953	1,1393	-3,1267
319,7551	1,1398	-3,1828
320,0150	1,1403	-3,1879
320,2749	1,1408	-3,1981
320,5347	1,1414	-3,1140
320,7946	1,1419	-3,1956
321,0545	1,1424	-3,2083
321,3143	1,1429	-3,2363
321,5742	1,1434	-3,1981
321,8341	1,1440	-3,2109
322,0940	1,1445	-3,2287
322,3538	1,1450	-3,2058
322,6137	1,1455	-3,2160
322,8736	1,1460	-3,2134
323,1334	1,1466	-3,1956
323,3933	1,1471	-3,2542
323,6532	1,1476	-3,2695
323,9130	1,1481	-3,2644
324,1729	1,1486	-3,2720
324,4328	1,1492	-3,2746
324,6927	1,1497	-3,2414
324,9525	1,1502	-3,2822
325,2124	1,1507	-3,2593
325,4723	1,1512	-3,1828
325,7321	1,1518	-3,2134
325,9920	1,1523	-3,2542
326,2519	1,1528	-3,2440
326,5117	1,1533	-3,2542
326,7716	1,1538	-3,2516
327,0315	1,1544	-3,2389
327,2914	1,1549	-3,2160
327,5512	1,1554	-3,2032
327,8111	1,1559	-3,2287
328,0710	1,1564	-3,2083
328,3308	1,1570	-3,2134
328,5907	1,1575	-3,1879
328,8506	1,1580	-3,1981
329,1104	1,1585	-3,2109
329,3703	1,1590	-3,1726
329,6302	1,1596	-3,2185
329,8901	1,1601	-3,2491
330,1499	1,1606	-3,2160
330,4098	1,1611	-3,1879
330,6697	1,1616	-3,2389
330,9295	1,1622	-3,1930
331,1894	1,1627	-3,2593
331,4493	1,1632	-3,2440
331,7091	1,1637	-3,2873
331,9690	1,1642	-3,2542
332,2289	1,1648	-3,2210
332,4888	1,1653	-3,1930
332,7486	1,1658	-3,2414
333,0085	1,1663	-3,2058
333,2684	1,1668	-3,2185
333,5282	1,1674	-3,1905
333,7881	1,1679	-3,1828
334,0480	1,1684	-3,1854
334,3078	1,1689	-3,2032
334,5677	1,1694	-3,2287
334,8276	1,1700	-3,2363
335,0875	1,1705	-3,2236
335,3473	1,1710	-3,2185
335,6072	1,1715	-3,1777
335,8671	1,1720	-3,1930
336,1269	1,1726	-3,2236
336,3868	1,1731	-3,1650
336,6467	1,1736	-3,1446
336,9065	1,1741	-3,1777
337,1664	1,1746	-3,1650
337,4263	1,1752	-3,1420
337,6862	1,1757	-3,1573
337,9460	1,1762	-3,1369
338,2059	1,1767	-3,1522
338,4658	1,1772	-3,1242
338,7256	1,1778	-3,1293
338,9855	1,1783	-3,1573
339,2454	1,1788	-3,2160
339,5052	1,1793	-3,1752
339,7651	1,1798	-3,1217
340,0250	1,1804	-3,1650
340,2849	1,1809	-3,2185
340,5447	1,1814	-3,1930
340,8046	1,1819	-3,1650
341,0645	1,1824	-3,1217
341,3243	1,1830	-3,1446
341,5842	1,1835	-3,1267
341,8441	1,1840	-3,1242
342,1039	1,1845	-3,0758
342,3638	1,1850	-3,1242
342,6237	1,1856	-3,1140
342,8836	1,1861	-3,1038
343,1434	1,1866	-3,1140
343,4033	1,1871	-3,1242
343,6632	1,1876	-3,1905
343,9230	1,1882	-3,1879
344,1829	1,1887	-3,1828
344,4428	1,1892	-3,2083
344,7026	1,1897	-3,1981
344,9625	1,1902	-3,2669
345,2224	1,1908	-3,2312
345,4823	1,1913	-3,2134
345,7421	1,1918	-3,1777
346,0020	1,1923	-3,2287
346,2619	1,1928	-3,1828
346,5217	1,1934	-3,1726
346,7816	1,1939	-3,1522
347,0415	1,1944	-3,2185
347,3013	1,1949	-3,2160
347,5612	1,1954	-3,1930
347,8211	1,1960	-3,1956
348,0810	1,1965	-3,2109
348,3408	1,1970	-3,2720
348,6007	1,1975	-3,2873
348,8606	1,1980	-3,3052
349,1204	1,1986	-3,3001
349,3803	1,1991	-3,2644
349,6402	1,1996	-3,1879
349,9000	1,2001	-3,1701
350,1599	1,2006	-3,1726
350,4198	1,2012	-3,1548
350,6797	1,2017	-3,1522
350,9395	1,2022	-3,1650
351,1994	1,2027	-3,2338
351,4593	1,2032	-3,2109
351,7191	1,2038	-3,2109
351,9790	1,2043	-3,2261
352,2389	1,2048	-3,2160
352,4988	1,2053	-3,1981
352,7586	1,2058	-3,2210
353,0185	1,2064	-3,2593
353,2784	1,2069	-3,2975
353,5382	1,2074	-3,2822
353,7981	1,2079	-3,2440
354,0580	1,2084	-3,2338
354,3178	1,2090	-3,2389
354,5777	1,2095	-3,2440
354,8376	1,2100	-3,2414
355,0975	1,2105	-3,2134
355,3573	1,2110	-3,2160
355,6172	1,2116	-3,1471
355,8771	1,2121	-3,1522
356,1369	1,2126	-3,1650
356,3968	1,2131	-3,1752
356,6567	1,2136	-3,1522
356,9165	1,2142	-3,2287
357,1764	1,2147	-3,2312
357,4363	1,2152	-3,2134
357,6962	1,2157	-3,1701
357,9560	1,2162	-3,2160
358,2159	1,2168	-3,2134
358,4758	1,2173	-3,2032
358,7356	1,2178	-3,2567
358,9955	1,2183	-3,2083
359,2554	1,2188	-3,2975
359,5152	1,2194	-3,2414
359,7751	1,2199	-3,1471
360,0350	1,2204	-3,1650
360,2949	1,2209	-3,1981
360,5547	1,2214	-3,1395
360,8146	1,2220	-3,1140
361,0745	1,2225	-3,1752
361,3343	1,2230	-3,1828
361,5942	1,2235	-3,1344
361,8541	1,2240	-3,0554
362,1139	1,2246	-3,0554
362,3738	1,2251	-3,0911
362,6337	1,2256	-3,0707
362,8936	1,2261	-3,1166
363,1534	1,2266	-3,0911
363,4133	1,2272	-3,0630
363,6732	1,2277	-3,0401
363,9330	1,2282	-3,0783
364,1929	1,2287	-3,1267
364,4528	1,2292	-3,1242
364,7126	1,2298	-3,0936
364,9725	1,2303	-3,0681
365,2324	1,2308	-3,0962
365,4923	1,2313	-3,0681
365,7521	1,2318	-3,0554
366,0120	1,2324	-2,9840
366,2719	1,2329	-3,0885
366,5317	1,2334	-3,0248
366,7916	1,2339	-3,0070
367,0515	1,2344	-2,9840
367,3113	1,2350	-2,9815
367,5712	1,2355	-2,9611
367,8311	1,2360	-2,9611
368,0910	1,2365	-2,9509
368,3508	1,2370	-3,0121
368,6107	1,2376	-2,9942
368,8706	1,2381	-2,9305
369,1304	1,2386	-2,9305
369,3903	1,2391	-2,9356
369,6502	1,2396	-2,9509
369,9100	1,2402	-2,9483
370,1699	1,2407	-2,9815
370,4298	1,2412	-2,9432
370,6897	1,2417	-2,9432
370,9495	1,2422	-2,9662
371,2094	1,2428	-2,9611
371,4693	1,2433	-2,9968
371,7291	1,2438	-3,0223
371,9890	1,2443	-3,0401
372,2489	1,2448	-3,0452
372,5087	1,2454	-3,0885
372,7686	1,2459	-3,0860
373,0285	1,2464	-3,1497
373,2884	1,2469	-3,1599
373,5482	1,2474	-3,2007
373,8081	1,2480	-3,2363
374,0680	1,2485	-3,2644
374,3278	1,2490	-3,3255
374,5877	1,2495	-3,3383
374,8476	1,2500	-3,3740
375,1074	1,2506	-3,4504
375,3673	1,2511	-3,5091
375,6272	1,2516	-3,4759
375,8871	1,2521	-3,5014
376,1469	1,2526	-3,5549
376,4068	1,2532	-3,5498
376,6667	1,2537	-3,5728
376,9265	1,2542	-3,5626
377,1864	1,2547	-3,6008
377,4463	1,2552	-3,6212
377,7061	1,2558	-3,6518
377,9660	1,2563	-3,6237
378,2259	1,2568	-3,7282
378,4858	1,2573	-3,7690
378,7456	1,2578	-3,7078
379,0055	1,2584	-3,7614
379,2654	1,2589	-3,7410
379,5252	1,2594	-3,7435
379,7851	1,2599	-3,7512
380,0450	1,2604	-3,6875
380,3048	1,2610	-3,7359
380,5647	1,2615	-3,7716
380,8246	1,2620	-3,7129
381,0845	1,2625	-3,6824
381,3443	1,2630	-3,7486
381,6042	1,2636	-3,7282
381,8641	1,2641	-3,6977
382,1239	1,2646	-3,6696
382,3838	1,2651	-3,6696
382,6437	1,2656	-3,6365
382,9035	1,2662	-3,6084
383,1634	1,2667	-3,5702
383,4233	1,2672	-3,6339
383,6832	1,2677	-3,5677
383,9430	1,2682	-3,5167
384,2029	1,2688	-3,4734
384,4628	1,2693	-3,4963
384,7226	1,2698	-3,4097
384,9825	1,2703	-3,3842
385,2424	1,2708	-3,3893
385,5022	1,2714	-3,3663
385,7621	1,2719	-3,2542
386,0220	1,2724	-3,2542
386,2819	1,2729	-3,3383
386,5417	1,2734	-3,3306
386,8016	1,2740	-3,3434
387,0615	1,2745	-3,2618
387,3213	1,2750	-3,2160
387,5812	1,2755	-3,2032
387,8411	1,2760	-3,2720
388,1009	1,2766	-3,2771
388,3608	1,2771	-3,2695
388,6207	1,2776	-3,2618
388,8806	1,2781	-3,2287
389,1404	1,2786	-3,2797
389,4003	1,2792	-3,3179
389,6602	1,2797	-3,3077
389,9200	1,2802	-3,2440
390,1799	1,2807	-3,2338
390,4398	1,2812	-3,2822
390,6997	1,2818	-3,2287
390,9595	1,2823	-3,1854
391,2194	1,2828	-3,1930
391,4793	1,2833	-3,2236
391,7391	1,2838	-3,2465
391,9990	1,2844	-3,2109
392,2589	1,2849	-3,2287
392,5187	1,2854	-3,2848
392,7786	1,2859	-3,3128
393,0385	1,2864	-3,2746
393,2984	1,2870	-3,2924
393,5582	1,2875	-3,3001
393,8181	1,2880	-3,2160
394,0780	1,2885	-3,2058
394,3378	1,2890	-3,2567
394,5977	1,2896	-3,2899
394,8576	1,2901	-3,2567
395,1174	1,2906	-3,2363
395,3773	1,2911	-3,2160
395,6372	1,2916	-3,2109
395,8971	1,2922	-3,2338
396,1569	1,2927	-3,2440
396,4168	1,2932	-3,2746
396,6767	1,2937	-3,2287
396,9365	1,2942	-3,1726
397,1964	1,2948	-3,2058
397,4563	1,2953	-3,2338
397,7161	1,2958	-3,1981
397,9760	1,2963	-3,1624
398,2359	1,2968	-3,2160
398,4958	1,2974	-3,1905
398,7556	1,2979	-3,1115
399,0155	1,2984	-3,1064
399,2754	1,2989	-3,1369
399,5352	1,2994	-3,1624
399,7951	1,3000	-3,1395
400,0550	1,3005	-3,0885
400,3148	1,3010	-3,1726
400,5747	1,3015	-3,1854
400,8346	1,3020	-3,1446
401,0945	1,3026	-3,0860
401,3543	1,3031	-3,0299
401,6142	1,3036	-3,0630
401,8741	1,3041	-3,0197
402,1339	1,3046	-3,0477
402,3938	1,3052	-3,0707
402,6537	1,3057	-3,0605
402,9135	1,3062	-3,0503
403,1734	1,3067	-3,0350
403,4333	1,3072	-3,0223
403,6932	1,3078	-3,0426
403,9530	1,3083	-2,9942
404,2129	1,3088	-2,9764
404,4728	1,3093	-3,0375
404,7326	1,3098	-3,0324
404,9925	1,3104	-2,9662
405,2524	1,3109	-2,9993
405,5122	1,3114	-3,0146
405,7721	1,3119	-3,0503
406,0320	1,3124	-3,1369
406,2919	1,3130	-3,1344
406,5517	1,3135	-3,1726
406,8116	1,3140	-3,2210
407,0715	1,3145	-3,2058
407,3313	1,3150	-3,1777
407,5912	1,3156	-3,2109
407,8511	1,3161	-3,2644
408,1109	1,3166	-3,2618
408,3708	1,3171	-3,2822
408,6307	1,3176	-3,2924
408,8906	1,3182	-3,3001
409,1504	1,3187	-3,3740
409,4103	1,3192	-3,3842
409,6702	1,3197	-3,3663
409,9300	1,3202	-3,3663
410,1899	1,3208	-3,3969
410,4498	1,3213	-3,4173
410,7096	1,3218	-3,4377
410,9695	1,3223	-3,4249
411,2294	1,3228	-3,4249
411,4893	1,3234	-3,4275
411,7491	1,3239	-3,4989
412,0090	1,3244	-3,4632
412,2689	1,3249	-3,4326
412,5287	1,3254	-3,4122
412,7886	1,3260	-3,4530
413,0485	1,3265	-3,4275
413,3083	1,3270	-3,3612
413,5682	1,3275	-3,4097
413,8281	1,3280	-3,4249
414,0880	1,3286	-3,3561
414,3478	1,3291	-3,3561
414,6077	1,3296	-3,3969
414,8676	1,3301	-3,3561
415,1274	1,3306	-3,3485
415,3873	1,3312	-3,3893
415,6472	1,3317	-3,4683
415,9070	1,3322	-3,4020
416,1669	1,3327	-3,3842
416,4268	1,3332	-3,3612
416,6867	1,3338	-3,4173
416,9465	1,3343	-3,3918
417,2064	1,3348	-3,3077
417,4663	1,3353	-3,3154
417,7261	1,3358	-3,3281
417,9860	1,3364	-3,3154
418,2459	1,3369	-3,2950
418,5057	1,3374	-3,3001
418,7656	1,3379	-3,3485
419,0255	1,3384	-3,2950
419,2854	1,3390	-3,2771
419,5452	1,3395	-3,2771
419,8051	1,3400	-3,3077
420,0650	1,3405	-3,2848
420,3248	1,3410	-3,2465
420,5847	1,3416	-3,2007
420,8446	1,3421	-3,2134
421,1044	1,3426	-3,1828
421,3643	1,3431	-3,1828
421,6242	1,3436	-3,2338
421,8841	1,3442	-3,2210
422,1439	1,3447	-3,1726
422,4038	1,3452	-3,1318
422,6637	1,3457	-3,1905
422,9235	1,3462	-3,2210
423,1834	1,3468	-3,1828
423,4433	1,3473	-3,1777
423,7031	1,3478	-3,1803
423,9630	1,3483	-3,2338
424,2229	1,3488	-3,1726
424,4828	1,3494	-3,1675
424,7426	1,3499	-3,2873
425,0025	1,3504	-3,2236
425,2624	1,3509	-3,1956
425,5222	1,3514	-3,2058
425,7821	1,3520	-3,2134
426,0420	1,3525	-3,2465
426,3018	1,3530	-3,0911
426,5617	1,3535	-3,1293
426,8216	1,3540	-3,2083
427,0815	1,3546	-3,2134
427,3413	1,3551	-3,1650
427,6012	1,3556	-3,1905
427,8611	1,3561	-3,2134
428,1209	1,3566	-3,1650
428,3808	1,3572	-3,1701
428,6407	1,3577	-3,1930
428,9005	1,3582	-3,2058
429,1604	1,3587	-3,2236
429,4203	1,3592	-3,2134
429,6802	1,3598	-3,1956
429,9400	1,3603	-3,2746
430,1999	1,3608	-3,2109
430,4598	1,3613	-3,2058
430,7196	1,3618	-3,1497
430,9795	1,3624	-3,1956
431,2394	1,3629	-3,1675
431,4993	1,3634	-3,1573
431,7591	1,3639	-3,1905
432,0190	1,3644	-3,2261
432,2789	1,3650	-3,1471
432,5387	1,3655	-3,1166
432,7986	1,3660	-3,1879
433,0585	1,3665	-3,1675
433,3183	1,3670	-3,1064
433,5782	1,3676	-3,1115
433,8381	1,3681	-3,1318
434,0980	1,3686	-3,1675
434,3578	1,3691	-3,1420
434,6177	1,3696	-3,1777
434,8776	1,3702	-3,2032
435,1374	1,3707	-3,1956
435,3973	1,3712	-3,1828
435,6572	1,3717	-3,1650
435,9170	1,3722	-3,1854
436,1769	1,3728	-3,2338
436,4368	1,3733	-3,1599
436,6967	1,3738	-3,1854
436,9565	1,3743	-3,2032
437,2164	1,3748	-3,2160
437,4763	1,3754	-3,1191
437,7361	1,3759	-3,1395
437,9960	1,3764	-3,1624
438,2559	1,3769	-3,1267
438,5157	1,3774	-3,1395
438,7756	1,3780	-3,1395
439,0355	1,3785	-3,2160
439,2954	1,3790	-3,1930
439,5552	1,3795	-3,1624
439,8151	1,3800	-3,1344
440,0750	1,3806	-3,1573
440,3348	1,3811	-3,2210
440,5947	1,3816	-3,1752
440,8546	1,3821	-3,2109
441,1144	1,3826	-3,2236
441,3743	1,3832	-3,1905
441,6342	1,3837	-3,1573
441,8941	1,3842	-3,1522
442,1539	1,3847	-3,2465
442,4138	1,3852	-3,1854
442,6737	1,3858	-3,1854
442,9335	1,3863	-3,1726
443,1934	1,3868	-3,2185
443,4533	1,3873	-3,2134
443,7131	1,3878	-3,2160
443,9730	1,3884	-3,2389
444,2329	1,3889	-3,2516
444,4928	1,3894	-3,2058
444,7526	1,3899	-3,1879
445,0125	1,3904	-3,2593
445,2724	1,3910	-3,2440
445,5322	1,3915	-3,2363
445,7921	1,3920	-3,1726
446,0520	1,3925	-3,2338
446,3118	1,3930	-3,2389
446,5717	1,3936	-3,2491
446,8316	1,3941	-3,2414
447,0915	1,3946	-3,2287
447,3513	1,3951	-3,2058
447,6112	1,3956	-3,2007
447,8711	1,3962	-3,1752
448,1309	1,3967	-3,2236
448,3908	1,3972	-3,2236
448,6507	1,3977	-3,1777
448,9105	1,3982	-3,2185
449,1704	1,3988	-3,2695
449,4303	1,3993	-3,2363
449,6902	1,3998	-3,2109
449,9500	1,4003	-3,2160
450,2099	1,4008	-3,2516
450,4698	1,4014	-3,2083
450,7296	1,4019	-3,2236
450,9895	1,4024	-3,2083
451,2494	1,4029	-3,1981
451,5092	1,4034	-3,2109
451,7691	1,4040	-3,1777
452,0290	1,4045	-3,1624
452,2889	1,4050	-3,1650
452,5487	1,4055	-3,1318
452,8086	1,4060	-3,1497
453,0685	1,4066	-3,2109
453,3283	1,4071	-3,2261
453,5882	1,4076	-3,1854
453,8481	1,4081	-3,1548
454,1079	1,4086	-3,1650
454,3678	1,4092	-3,1828
454,6277	1,4097	-3,1650
454,8876	1,4102	-3,1624
455,1474	1,4107	-3,1981
455,4073	1,4112	-3,2287
455,6672	1,4118	-3,2083
455,9270	1,4123	-3,2032
456,1869	1,4128	-3,1956
456,4468	1,4133	-3,1701
456,7066	1,4138	-3,1242
456,9665	1,4144	-3,1369
457,2264	1,4149	-3,1267
457,4863	1,4154	-3,0911
457,7461	1,4159	-3,0936
458,0060	1,4164	-3,1828
458,2659	1,4170	-3,1624
458,5257	1,4175	-3,1318
458,7856	1,4180	-3,1497
459,0455	1,4185	-3,1828
459,3053	1,4190	-3,1956
459,5652	1,4196	-3,1140
459,8251	1,4201	-3,1522
460,0850	1,4206	-3,1981
460,3448	1,4211	-3,1777
460,6047	1,4216	-3,1650
460,8646	1,4222	-3,1599
461,1244	1,4227	-3,1777
461,3843	1,4232	-3,1701
461,6442	1,4237	-3,1369
461,9040	1,4242	-3,1217
462,1639	1,4248	-3,1318
462,4238	1,4253	-3,1599
462,6837	1,4258	-3,1726
462,9435	1,4263	-3,1905
463,2034	1,4268	-3,2236
463,4633	1,4274	-3,1981
463,7231	1,4279	-3,2261
463,9830	1,4284	-3,1930
464,2429	1,4289	-3,2236
464,5027	1,4294	-3,1548
464,7626	1,4300	-3,1420
465,0225	1,4305	-3,1064
465,2824	1,4310	-3,1701
465,5422	1,4315	-3,1726
465,8021	1,4320	-3,2032
466,0620	1,4326	-3,1675
466,3218	1,4331	-3,1395
466,5817	1,4336	-3,1522
466,8416	1,4341	-3,1038
467,1014	1,4346	-3,0936
467,3613	1,4352	-3,1064
467,6212	1,4357	-3,0834
467,8811	1,4362	-3,0936
468,1409	1,4367	-3,0860
468,4008	1,4372	-3,1166
468,6607	1,4378	-3,0936
468,9205	1,4383	-3,1064
469,1804	1,4388	-3,1369
469,4403	1,4393	-3,1701
469,7001	1,4398	-3,1573
469,9600	1,4404	-3,1471
470,2199	1,4409	-3,1573
470,4798	1,4414	-3,1267
470,7396	1,4419	-3,1522
470,9995	1,4424	-3,1726
471,2594	1,4430	-3,2185
471,5192	1,4435	-3,2236
471,7791	1,4440	-3,1828
472,0390	1,4445	-3,1905
472,2989	1,4450	-3,2363
472,5587	1,4456	-3,2389
472,8186	1,4461	-3,1930
473,0785	1,4466	-3,1777
473,3383	1,4471	-3,1905
473,5982	1,4476	-3,2389
473,8581	1,4482	-3,2542
474,1179	1,4487	-3,2695
474,3778	1,4492	-3,3255
474,6377	1,4497	-3,3255
474,8976	1,4502	-3,2414
475,1574	1,4508	-3,1956
475,4173	1,4513	-3,1981
475,6772	1,4518	-3,2465
475,9370	1,4523	-3,2058
476,1969	1,4528	-3,1420
476,4568	1,4534	-3,1089
476,7166	1,4539	-3,1013
476,9765	1,4544	-3,1471
477,2364	1,4549	-3,2160
477,4963	1,4554	-3,2210
477,7561	1,4560	-3,2312
478,0160	1,4565	-3,1752
478,2759	1,4570	-3,1318
478,5357	1,4575	-3,1726
478,7956	1,4580	-3,1650
479,0555	1,4586	-3,1522
479,3153	1,4591	-3,1777
479,5752	1,4596	-3,1522
479,8351	1,4601	-3,1446
480,0950	1,4606	-3,1446
480,3548	1,4612	-3,1548
480,6147	1,4617	-3,1318
480,8746	1,4622	-3,0962
481,1344	1,4627	-3,0656
481,3943	1,4632	-3,0911
481,6542	1,4638	-3,0885
481,9140	1,4643	-3,0758
482,1739	1,4648	-3,0936
482,4338	1,4653	-3,1013
482,6937	1,4658	-3,1267
482,9535	1,4664	-3,1242
483,2134	1,4669	-3,1675
483,4733	1,4674	-3,1522
483,7331	1,4679	-3,1701
483,9930	1,4684	-3,1318
484,2529	1,4690	-3,0860
484,5127	1,4695	-3,0758
484,7726	1,4700	-3,1140
485,0325	1,4705	-3,1828
485,2924	1,4710	-3,1573
485,5522	1,4716	-3,1573
485,8121	1,4721	-3,1879
486,0720	1,4726	-3,1777
486,3318	1,4731	-3,1548
486,5917	1,4736	-3,2007
486,8516	1,4742	-3,2134
487,1114	1,4747	-3,2695
487,3713	1,4752	-3,2261
487,6312	1,4757	-3,2593
487,8911	1,4762	-3,3128
488,1509	1,4768	-3,3255
488,4108	1,4773	-3,3536
488,6707	1,4778	-3,3485
488,9305	1,4783	-3,3714
489,1904	1,4788	-3,3842
489,4503	1,4794	-3,3510
489,7101	1,4799	-3,3536
489,9700	1,4804	-3,4198
490,2299	1,4809	-3,4046
490,4898	1,4814	-3,3408
490,7496	1,4820	-3,3510
491,0095	1,4825	-3,3332
491,2694	1,4830	-3,3408
491,5292	1,4835	-3,2389
491,7891	1,4840	-3,2058
492,0490	1,4846	-3,2465
492,3088	1,4851	-3,2720
492,5687	1,4856	-3,2160
492,8286	1,4861	-3,2032
493,0885	1,4866	-3,1726
493,3483	1,4872	-3,1650
493,6082	1,4877	-3,1318
493,8681	1,4882	-3,1777
494,1279	1,4887	-3,1395
494,3878	1,4892	-3,2160
494,6477	1,4898	-3,1675
494,9075	1,4903	-3,1522
495,1674	1,4908	-3,1548
495,4273	1,4913	-3,1828
495,6872	1,4918	-3,1369
495,9470	1,4924	-3,0936
496,2069	1,4929	-3,0579
496,4668	1,4934	-3,0885
496,7266	1,4939	-3,0172
496,9865	1,4944	-2,9891
497,2464	1,4950	-2,9942
497,5062	1,4955	-3,0019
497,7661	1,4960	-2,9229
498,0260	1,4965	-2,9229
498,2859	1,4970	-2,8897
498,5457	1,4976	-2,8642
498,8056	1,4981	-2,8464
499,0655	1,4986	-2,8387
499,3253	1,4991	-2,8133
499,5852	1,4996	-2,8311
499,8451	1,5002	-2,8082
500,1049	1,5007	-2,7495
500,3648	1,5012	-2,7164
500,6247	1,5017	-2,6833
500,8846	1,5022	-2,7342
501,1444	1,5028	-2,7393
501,4043	1,5033	-2,7470
501,6642	1,5038	-2,7011
501,9240	1,5043	-2,6705
502,1839	1,5048	-2,6782
502,4438	1,5054	-2,7572
502,7036	1,5059	-2,6935
502,9635	1,5064	-2,6960
503,2234	1,5069	-2,7903
503,4833	1,5074	-2,8795
503,7431	1,5080	-2,8387
504,0030	1,5085	-2,8591
504,2629	1,5090	-2,9050
504,5227	1,5095	-2,9713
504,7826	1,5100	-2,9917
505,0425	1,5106	-3,0273
505,3023	1,5111	-3,1166
505,5622	1,5116	-3,1650
505,8221	1,5121	-3,2465
506,0820	1,5126	-3,3459
506,3418	1,5132	-3,4020
506,6017	1,5137	-3,5218
506,8616	1,5142	-3,6288
507,1214	1,5147	-3,6773
507,3813	1,5152	-3,7486
507,6412	1,5158	-3,8939
507,9010	1,5163	-3,9678
508,1609	1,5168	-4,0468
508,4208	1,5173	-4,1946
508,6807	1,5178	-4,2176
508,9405	1,5184	-4,1819
509,2004	1,5189	-4,1692
509,4603	1,5194	-4,1743
509,7201	1,5199	-4,1284
509,9800	1,5204	-4,0468
510,2399	1,5210	-3,9806
510,4998	1,5215	-3,8990
510,7596	1,5220	-3,9066
511,0195	1,5225	-3,8327
511,2794	1,5230	-3,7767
511,5392	1,5236	-3,7741
511,7991	1,5241	-3,6773
512,0590	1,5246	-3,5906
512,3188	1,5251	-3,5014
512,5787	1,5256	-3,4632
512,8386	1,5262	-3,4989
513,0985	1,5267	-3,4785
513,3583	1,5272	-3,4734
513,6182	1,5277	-3,4810
513,8781	1,5282	-3,4708
514,1379	1,5288	-3,4198
514,3978	1,5293	-3,3969
514,6577	1,5298	-3,4173
514,9175	1,5303	-3,3255
515,1774	1,5308	-3,3485
515,4373	1,5314	-3,3332
515,6972	1,5319	-3,3230
515,9570	1,5324	-3,3663
516,2169	1,5329	-3,3485
516,4768	1,5334	-3,2873
516,7366	1,5340	-3,3154
516,9965	1,5345	-3,3103
517,2564	1,5350	-3,2644
517,5162	1,5355	-3,2465
517,7761	1,5360	-3,2695
518,0360	1,5366	-3,2542
518,2959	1,5371	-3,2109
518,5557	1,5376	-3,2058
518,8156	1,5381	-3,1701
519,0755	1,5386	-3,1675
519,3353	1,5392	-3,1726
519,5952	1,5397	-3,1777
519,8551	1,5402	-3,1803
520,1149	1,5407	-3,1420
520,3748	1,5412	-3,1420
520,6347	1,5418	-3,1267
520,8946	1,5423	-3,1395
521,1544	1,5428	-3,1624
521,4143	1,5433	-3,1726
521,6742	1,5438	-3,1369
521,9340	1,5444	-3,1879
522,1939	1,5449	-3,1879
522,4538	1,5454	-3,1548
522,7136	1,5459	-3,1981
522,9735	1,5464	-3,2338
523,2334	1,5470	-3,2185
523,4933	1,5475	-3,2389
523,7531	1,5480	-3,2134
524,0130	1,5485	-3,2134
524,2729	1,5490	-3,2236
524,5327	1,5496	-3,2109
524,7926	1,5501	-3,2134
525,0525	1,5506	-3,2287
525,3123	1,5511	-3,1701
525,5722	1,5516	-3,1777
525,8321	1,5522	-3,1752
526,0920	1,5527	-3,1522
526,3518	1,5532	-3,1573
526,6117	1,5537	-3,0911
526,8716	1,5542	-3,1191
527,1314	1,5548	-3,1064
527,3913	1,5553	-3,1497
527,6512	1,5558	-3,1446
527,9110	1,5563	-3,1828
528,1709	1,5568	-3,1293
528,4308	1,5574	-3,1140
528,6907	1,5579	-3,0885
528,9505	1,5584	-3,1446
529,2104	1,5589	-3,1803
529,4703	1,5594	-3,2109
529,7301	1,5600	-3,2160
529,9900	1,5605	-3,1879
530,2499	1,5610	-3,1599
530,5097	1,5615	-3,2210
530,7696	1,5620	-3,1803
531,0295	1,5626	-3,2312
531,2894	1,5631	-3,2032
531,5492	1,5636	-3,1752
531,8091	1,5641	-3,1828
532,0690	1,5646	-3,1318
532,3288	1,5652	-3,1420
532,5887	1,5657	-3,1675
532,8486	1,5662	-3,1395
533,1084	1,5667	-3,1242
533,3683	1,5672	-3,1854
533,6282	1,5678	-3,1777
533,8881	1,5683	-3,1318
534,1479	1,5688	-3,1803
534,4078	1,5693	-3,2058
534,6677	1,5698	-3,1650
534,9275	1,5704	-3,1318
535,1874	1,5709	-3,1369
535,4473	1,5714	-3,1548
535,7071	1,5719	-3,1573
535,9670	1,5724	-3,1548
536,2269	1,5730	-3,1548
536,4868	1,5735	-3,1217
536,7466	1,5740	-3,1828
537,0065	1,5745	-3,1471
537,2664	1,5750	-3,1599
537,5262	1,5756	-3,1981
537,7861	1,5761	-3,1726
538,0460	1,5766	-3,1497
538,3058	1,5771	-3,1471
538,5657	1,5776	-3,1497
538,8256	1,5782	-3,1522
539,0855	1,5787	-3,1293
539,3453	1,5792	-3,1166
539,6052	1,5797	-3,1726
539,8651	1,5802	-3,1548
540,1249	1,5808	-3,1522
540,3848	1,5813	-3,1267
540,6447	1,5818	-3,1242
540,9045	1,5823	-3,1752
541,1644	1,5828	-3,1318
541,4243	1,5834	-3,1267
541,6842	1,5839	-3,0911
541,9440	1,5844	-3,1650
542,2039	1,5849	-3,1548
542,4638	1,5854	-3,1624
542,7236	1,5860	-3,1701
542,9835	1,5865	-3,2338
543,2434	1,5870	-3,1803
543,5032	1,5875	-3,2058
543,7631	1,5880	-3,1752
544,0230	1,5886	-3,1854
544,2829	1,5891	-3,2083
544,5427	1,5896	-3,2160
544,8026	1,5901	-3,1726
545,0625	1,5906	-3,1726
545,3223	1,5912	-3,1420
545,5822	1,5917	-3,2440
545,8421	1,5922	-3,2109
546,1019	1,5927	-3,1956
546,3618	1,5932	-3,1497
546,6217	1,5938	-3,1267
546,8816	1,5943	-3,1497
547,1414	1,5948	-3,2109
547,4013	1,5953	-3,1956
547,6612	1,5958	-3,1446
547,9210	1,5964	-3,1624
548,1809	1,5969	-3,1930
548,4408	1,5974	-3,1956
548,7006	1,5979	-3,2440
548,9605	1,5984	-3,2363
549,2204	1,5990	-3,2160
549,4803	1,5995	-3,1650
549,7401	1,6000	-3,1089
