30,0000	0,5600	0,7167
30,2599	0,5605	0,1687
30,5197	0,5610	-0,4302
30,7796	0,5616	-0,7514
31,0395	0,5621	-1,0113
31,2994	0,5626	-1,0623
31,5592	0,5631	-1,0394
31,8191	0,5636	-0,8559
32,0790	0,5642	-0,7590
32,3388	0,5647	-0,5143
32,5987	0,5652	-0,3079
32,8586	0,5657	-0,2824
33,1184	0,5662	-0,0199
33,3783	0,5668	0,1713
33,6382	0,5673	0,2426
33,8981	0,5678	0,4363
34,1579	0,5683	0,6198
34,4178	0,5688	0,7778
34,6777	0,5694	0,8314
34,9375	0,5699	1,0174
35,1974	0,5704	1,2519
35,4573	0,5709	1,2850
35,7171	0,5714	1,6215
35,9770	0,5720	1,7107
36,2369	0,5725	1,8279
36,4968	0,5730	1,7361
36,7566	0,5735	1,6291
37,0165	0,5740	1,6189
37,2764	0,5746	1,5475
37,5362	0,5751	1,3538
37,7961	0,5756	1,1219
38,0560	0,5761	0,6096
38,3158	0,5766	0,5587
38,5757	0,5772	0,3165
38,8356	0,5777	0,0234
39,0955	0,5782	-0,3614
39,3553	0,5787	-0,7692
39,6152	0,5792	-1,2280
39,8751	0,5798	-1,5593
40,1349	0,5803	-1,8448
40,3948	0,5808	-2,0767
40,6547	0,5813	-2,2729
40,9145	0,5818	-2,4794
41,1744	0,5824	-2,5915
41,4343	0,5829	-2,7801
41,6942	0,5834	-3,0095
41,9540	0,5839	-3,0121
42,2139	0,5844	-3,0681
42,4738	0,5850	-2,9840
42,7336	0,5855	-2,7954
42,9935	0,5860	-2,5992
43,2534	0,5865	-2,5176
43,5132	0,5870	-2,4208
43,7731	0,5876	-2,4259
44,0330	0,5881	-2,3596
44,2929	0,5886	-2,2602
44,5527	0,5891	-2,2118
44,8126	0,5896	-2,0665
45,0725	0,5902	-2,0130
45,3323	0,5907	-1,9059
45,5922	0,5912	-1,8550
45,8521	0,5917	-1,9696
46,1119	0,5922	-1,8804
46,3718	0,5928	-1,9416
46,6317	0,5933	-1,9416
46,8916	0,5938	-1,8932
47,1514	0,5943	-1,8881
47,4113	0,5948	-2,0308
47,6712	0,5954	-1,9773
47,9310	0,5959	-2,0002
48,1909	0,5964	-2,0028
48,4508	0,5969	-2,0792
48,7106	0,5974	-1,9416
48,9705	0,5980	-1,8677
49,2304	0,5985	-1,8804
49,4903	0,5990	-1,8346
49,7501	0,5995	-1,8346
50,0100	0,6000	-1,7632
50,2699	0,6006	-1,7097
50,5297	0,6011	-1,5644
50,7896	0,6016	-1,5644
51,0495	0,6021	-1,6103
51,3093	0,6026	-1,5720
51,5692	0,6032	-1,4242
51,8291	0,6037	-1,4599
52,0890	0,6042	-1,4166
52,3488	0,6047	-1,2891
52,6087	0,6052	-1,3274
52,8686	0,6058	-1,3146
53,1284	0,6063	-1,2968
53,3883	0,6068	-1,3580
53,6482	0,6073	-1,4293
53,9080	0,6078	-1,4574
54,1679	0,6084	-1,4752
54,4278	0,6089	-1,4574
54,6877	0,6094	-1,4752
54,9475	0,6099	-1,5466
55,2074	0,6104	-1,6052
55,4673	0,6110	-1,6460
55,7271	0,6115	-1,6077
55,9870	0,6120	-1,6562
56,2469	0,6125	-1,6460
56,5067	0,6130	-1,6409
56,7666	0,6136	-1,6485
57,0265	0,6141	-1,7301
57,2864	0,6146	-1,7301
57,5462	0,6151	-1,6918
57,8061	0,6156	-1,6536
58,0660	0,6162	-1,4701
58,3258	0,6167	-1,3834
58,5857	0,6172	-1,3197
58,8456	0,6177	-1,2178
59,1054	0,6182	-1,1082
59,3653	0,6188	-1,0011
59,6252	0,6193	-0,8635
59,8851	0,6198	-0,7692
60,1449	0,6203	-0,7386
60,4048	0,6208	-0,5679
60,6647	0,6214	-0,5577
60,9245	0,6219	-0,5551
61,1844	0,6224	-0,4812
61,4443	0,6229	-0,4914
61,7041	0,6234	-0,4481
61,9640	0,6240	-0,4812
62,2239	0,6245	-0,5475
62,4838	0,6250	-0,5959
62,7436	0,6255	-0,7998
63,0035	0,6260	-1,0470
63,2634	0,6266	-1,2535
63,5232	0,6271	-1,5211
63,7831	0,6276	-1,6154
64,0430	0,6281	-1,7759
64,3028	0,6286	-2,0002
64,5627	0,6292	-2,1557
64,8226	0,6297	-2,3876
65,0825	0,6302	-2,4998
65,3423	0,6307	-2,5380
65,6022	0,6312	-2,6603
65,8621	0,6318	-2,6833
66,1219	0,6323	-2,7954
66,3818	0,6328	-2,7776
66,6417	0,6333	-2,8795
66,9015	0,6338	-2,9101
67,1614	0,6344	-2,8464
67,4213	0,6349	-2,7241
67,6812	0,6354	-2,6884
67,9410	0,6359	-2,6196
68,2009	0,6364	-2,6145
68,4608	0,6370	-2,6221
68,7206	0,6375	-2,5813
68,9805	0,6380	-2,4972
69,2404	0,6385	-2,4488
69,5002	0,6390	-2,4080
69,7601	0,6396	-2,3825
70,0200	0,6401	-2,3800
70,2799	0,6406	-2,4055
70,5397	0,6411	-2,3902
70,7996	0,6416	-2,4182
71,0595	0,6422	-2,2576
71,3193	0,6427	-2,2882
71,5792	0,6432	-2,2118
71,8391	0,6437	-2,1098
72,0990	0,6442	-2,2169
72,3588	0,6448	-2,3010
72,6187	0,6453	-2,2525
72,8786	0,6458	-2,2449
73,1384	0,6463	-2,2169
73,3983	0,6468	-2,1302
73,6582	0,6474	-2,1124
73,9180	0,6479	-2,0792
74,1779	0,6484	-1,9798
74,4378	0,6489	-2,0359
74,6977	0,6494	-1,9696
74,9575	0,6500	-1,8524
75,2174	0,6505	-1,8830
75,4773	0,6510	-1,8244
75,7371	0,6515	-1,8295
75,9970	0,6520	-1,7708
76,2569	0,6526	-1,7989
76,5167	0,6531	-1,7326
76,7766	0,6536	-1,7199
77,0365	0,6541	-1,6587
77,2964	0,6546	-1,5466
77,5562	0,6552	-1,5389
77,8161	0,6557	-1,5160
78,0760	0,6562	-1,5313
78,3358	0,6567	-1,3733
78,5957	0,6572	-1,2789
78,8556	0,6578	-1,1694
79,1154	0,6583	-1,0572
79,3753	0,6588	-1,0419
79,6352	0,6593	-1,0598
79,8951	0,6598	-0,9553
80,1549	0,6604	-0,8992
80,4148	0,6609	-0,8992
80,6747	0,6614	-0,8763
80,9345	0,6619	-0,8966
81,1944	0,6624	-0,8763
81,4543	0,6630	-0,7896
81,7141	0,6635	-0,8278
81,9740	0,6640	-0,9425
82,2339	0,6645	-1,0113
82,4938	0,6650	-1,1107
82,7536	0,6656	-1,2356
83,0135	0,6661	-1,3299
83,2734	0,6666	-1,4879
83,5332	0,6671	-1,6587
83,7931	0,6676	-1,7989
84,0530	0,6682	-1,8753
84,3128	0,6687	-2,0538
84,5727	0,6692	-2,1735
84,8326	0,6697	-2,1939
85,0925	0,6702	-2,4564
85,3523	0,6708	-2,5202
85,6122	0,6713	-2,6068
85,8721	0,6718	-2,7164
86,1319	0,6723	-2,8387
86,3918	0,6728	-2,8311
86,6517	0,6734	-2,8948
86,9115	0,6739	-2,9483
87,1714	0,6744	-3,0197
87,4313	0,6749	-3,0605
87,6912	0,6754	-2,9891
87,9510	0,6760	-2,9280
88,2109	0,6765	-2,8464
88,4708	0,6770	-2,8184
88,7306	0,6775	-2,8897
88,9905	0,6780	-2,7546
89,2504	0,6786	-2,7037
89,5102	0,6791	-2,7292
89,7701	0,6796	-2,5482
90,0300	0,6801	-2,4947
90,2899	0,6806	-2,4259
90,5497	0,6812	-2,3800
90,8096	0,6817	-2,3978
91,0695	0,6822	-2,4004
91,3293	0,6827	-2,3367
91,5892	0,6832	-2,2449
91,8491	0,6838	-2,2475
92,1089	0,6843	-2,2118
92,3688	0,6848	-2,1251
92,6287	0,6853	-2,0334
92,8886	0,6858	-2,1200
93,1484	0,6864	-2,1786
93,4083	0,6869	-2,2347
93,6682	0,6874	-2,2831
93,9280	0,6879	-2,2169
94,1879	0,6884	-2,1633
94,4478	0,6890	-2,2067
94,7076	0,6895	-2,2143
94,9675	0,6900	-2,1735
95,2274	0,6905	-2,1149
95,4873	0,6910	-2,0869
95,7471	0,6916	-2,0359
96,0070	0,6921	-1,9900
96,2669	0,6926	-1,9365
96,5267	0,6931	-2,0155
96,7866	0,6936	-1,9951
97,0465	0,6942	-2,0181
97,3063	0,6947	-2,0155
97,5662	0,6952	-1,9085
97,8261	0,6957	-1,7607
98,0860	0,6962	-1,7632
98,3458	0,6968	-1,6867
98,6057	0,6973	-1,6179
98,8656	0,6978	-1,6154
99,1254	0,6983	-1,5720
99,3853	0,6988	-1,4676
99,6452	0,6994	-1,3962
99,9050	0,6999	-1,3860
100,1649	0,7004	-1,3809
100,4248	0,7009	-1,3987
100,6847	0,7014	-1,3274
100,9445	0,7020	-1,4166
101,2044	0,7025	-1,4523
101,4643	0,7030	-1,4497
101,7241	0,7035	-1,5211
101,9840	0,7040	-1,5950
102,2439	0,7046	-1,6638
102,5037	0,7051	-1,7963
102,7636	0,7056	-1,9875
103,0235	0,7061	-2,1251
103,2834	0,7066	-2,2092
103,5432	0,7072	-2,2398
103,8031	0,7077	-2,3698
104,0630	0,7082	-2,5609
104,3228	0,7087	-2,6756
104,5827	0,7092	-2,8286
104,8426	0,7098	-2,9203
105,1024	0,7103	-2,9968
105,3623	0,7108	-3,0554
105,6222	0,7113	-3,0197
105,8821	0,7118	-3,0758
106,1419	0,7124	-3,1267
106,4018	0,7129	-3,1242
106,6617	0,7134	-3,0987
106,9215	0,7139	-3,0885
107,1814	0,7144	-3,0426
107,4413	0,7150	-2,9050
107,7011	0,7155	-2,8464
107,9610	0,7160	-2,7164
108,2209	0,7165	-2,6986
108,4808	0,7170	-2,6501
108,7406	0,7176	-2,5762
109,0005	0,7181	-2,4998
109,2604	0,7186	-2,4055
109,5202	0,7191	-2,3647
109,7801	0,7196	-2,3672
110,0400	0,7202	-2,3774
110,2999	0,7207	-2,3494
110,5597	0,7212	-2,2551
110,8196	0,7217	-2,2882
111,0795	0,7222	-2,3290
111,3393	0,7228	-2,4106
111,5992	0,7233	-2,3953
111,8591	0,7238	-2,4259
112,1189	0,7243	-2,5635
112,3788	0,7248	-2,6298
112,6387	0,7254	-2,5253
112,8986	0,7259	-2,5711
113,1584	0,7264	-2,6654
113,4183	0,7269	-2,6986
113,6782	0,7274	-2,7368
113,9380	0,7280	-2,7546
114,1979	0,7285	-2,7776
114,4578	0,7290	-2,8184
114,7176	0,7295	-2,7292
114,9775	0,7300	-2,6705
115,2374	0,7306	-2,6399
115,4973	0,7311	-2,5788
115,7571	0,7316	-2,5074
116,0170	0,7321	-2,4717
116,2769	0,7326	-2,4437
116,5367	0,7332	-2,5711
116,7966	0,7337	-2,5660
117,0565	0,7342	-2,5737
117,3163	0,7347	-2,4921
117,5762	0,7352	-2,4717
117,8361	0,7358	-2,3902
118,0960	0,7363	-2,4412
118,3558	0,7368	-2,4513
118,6157	0,7373	-2,4106
118,8756	0,7378	-2,4412
119,1354	0,7384	-2,4692
119,3953	0,7389	-2,5202
119,6552	0,7394	-2,4845
119,9150	0,7399	-2,4004
120,1749	0,7404	-2,3647
120,4348	0,7410	-2,4284
120,6947	0,7415	-2,3265
120,9545	0,7420	-2,3163
121,2144	0,7425	-2,2831
121,4743	0,7430	-2,2475
121,7341	0,7436	-2,3163
121,9940	0,7441	-2,3825
122,2539	0,7446	-2,3570
122,5137	0,7451	-2,3570
122,7736	0,7456	-2,3188
123,0335	0,7462	-2,3698
123,2934	0,7467	-2,3647
123,5532	0,7472	-2,4029
123,8131	0,7477	-2,4692
124,0730	0,7482	-2,5660
124,3328	0,7488	-2,5023
124,5927	0,7493	-2,4412
124,8526	0,7498	-2,4284
125,1124	0,7503	-2,5176
125,3723	0,7508	-2,6017
125,6322	0,7514	-2,6119
125,8921	0,7519	-2,5202
126,1519	0,7524	-2,4462
126,4118	0,7529	-2,4947
126,6717	0,7534	-2,4513
126,9315	0,7540	-2,4233
127,1914	0,7545	-2,5253
127,4513	0,7550	-2,5049
127,7111	0,7555	-2,4972
127,9710	0,7560	-2,5431
128,2309	0,7566	-2,5049
128,4908	0,7571	-2,5609
128,7506	0,7576	-2,5507
129,0105	0,7581	-2,4615
129,2704	0,7586	-2,5202
129,5302	0,7592	-2,4845
129,7901	0,7597	-2,5329
130,0500	0,7602	-2,4972
130,3098	0,7607	-2,3953
130,5697	0,7612	-2,4259
130,8296	0,7618	-2,5151
131,0895	0,7623	-2,5253
131,3493	0,7628	-2,5533
131,6092	0,7633	-2,5176
131,8691	0,7638	-2,5711
132,1289	0,7644	-2,5176
132,3888	0,7649	-2,5278
132,6487	0,7654	-2,6043
132,9085	0,7659	-2,6170
133,1684	0,7664	-2,6501
133,4283	0,7670	-2,5813
133,6882	0,7675	-2,5304
133,9480	0,7680	-2,5151
134,2079	0,7685	-2,5380
134,4678	0,7690	-2,4896
134,7276	0,7696	-2,5609
134,9875	0,7701	-2,6323
135,2474	0,7706	-2,6654
135,5072	0,7711	-2,6603
135,7671	0,7716	-2,5813
136,0270	0,7722	-2,5915
136,2869	0,7727	-2,6145
136,5467	0,7732	-2,6578
136,8066	0,7737	-2,7470
137,0665	0,7742	-2,7317
137,3263	0,7748	-2,6017
137,5862	0,7753	-2,5839
137,8461	0,7758	-2,5227
138,1059	0,7763	-2,5992
138,3658	0,7768	-2,5890
138,6257	0,7774	-2,6221
138,8856	0,7779	-2,6501
139,1454	0,7784	-2,6629
139,4053	0,7789	-2,6476
139,6652	0,7794	-2,6680
139,9250	0,7800	-2,6603
140,1849	0,7805	-2,6680
140,4448	0,7810	-2,6425
140,7046	0,7815	-2,5609
140,9645	0,7820	-2,5125
141,2244	0,7826	-2,4310
141,4843	0,7831	-2,5100
141,7441	0,7836	-2,4998
142,0040	0,7841	-2,4692
142,2639	0,7846	-2,6017
142,5237	0,7852	-2,5737
142,7836	0,7857	-2,5584
143,0435	0,7862	-2,5839
143,3033	0,7867	-2,6119
143,5632	0,7872	-2,6170
143,8231	0,7878	-2,6909
144,0830	0,7883	-2,6425
144,3428	0,7888	-2,6349
144,6027	0,7893	-2,5737
144,8626	0,7898	-2,5304
145,1224	0,7904	-2,5125
145,3823	0,7909	-2,4794
145,6422	0,7914	-2,5966
145,9020	0,7919	-2,6272
146,1619	0,7924	-2,6833
146,4218	0,7930	-2,6629
146,6817	0,7935	-2,6221
146,9415	0,7940	-2,5813
147,2014	0,7945	-2,6501
147,4613	0,7950	-2,6680
147,7211	0,7956	-2,6425
147,9810	0,7961	-2,7444
148,2409	0,7966	-2,6654
148,5007	0,7971	-2,6501
148,7606	0,7976	-2,6654
149,0205	0,7982	-2,6476
149,2804	0,7987	-2,6629
149,5402	0,7992	-2,6349
149,8001	0,7997	-2,6068
150,0600	0,8002	-2,6807
150,3198	0,8008	-2,7011
150,5797	0,8013	-2,6068
150,8396	0,8018	-2,6527
151,0995	0,8023	-2,6756
151,3593	0,8028	-2,8158
151,6192	0,8034	-2,7495
151,8791	0,8039	-2,7266
152,1389	0,8044	-2,7674
152,3988	0,8049	-2,7699
152,6587	0,8054	-2,7725
152,9185	0,8060	-2,7241
153,1784	0,8065	-2,7062
153,4383	0,8070	-2,6909
153,6982	0,8075	-2,6399
153,9580	0,8080	-2,6527
154,2179	0,8086	-2,6170
154,4778	0,8091	-2,6501
154,7376	0,8096	-2,6603
154,9975	0,8101	-2,6782
155,2574	0,8106	-2,6705
155,5172	0,8112	-2,7139
155,7771	0,8117	-2,7266
156,0370	0,8122	-2,6858
156,2969	0,8127	-2,5915
156,5567	0,8132	-2,5737
156,8166	0,8138	-2,6501
157,0765	0,8143	-2,7623
157,3363	0,8148	-2,7929
157,5962	0,8153	-2,6935
157,8561	0,8158	-2,7342
158,1159	0,8164	-2,7037
158,3758	0,8169	-2,7011
158,6357	0,8174	-2,6476
158,8956	0,8179	-2,6272
159,1554	0,8184	-2,7572
159,4153	0,8190	-2,7852
159,6752	0,8195	-2,7674
159,9350	0,8200	-2,7623
160,1949	0,8205	-2,7292
160,4548	0,8210	-2,6705
160,7146	0,8216	-2,7725
160,9745	0,8221	-2,7852
161,2344	0,8226	-2,8082
161,4943	0,8231	-2,8107
161,7541	0,8236	-2,7648
162,0140	0,8242	-2,7750
162,2739	0,8247	-2,7164
162,5337	0,8252	-2,7241
162,7936	0,8257	-2,7980
163,0535	0,8262	-2,7827
163,3133	0,8268	-2,7342
163,5732	0,8273	-2,7241
163,8331	0,8278	-2,7750
164,0930	0,8283	-2,7827
164,3528	0,8288	-2,8464
164,6127	0,8294	-2,8464
164,8726	0,8299	-2,7852
165,1324	0,8304	-2,7929
165,3923	0,8309	-2,7444
165,6522	0,8314	-2,7164
165,9120	0,8320	-2,7444
166,1719	0,8325	-2,7954
166,4318	0,8330	-2,8133
166,6917	0,8335	-2,7827
166,9515	0,8340	-2,8107
167,2114	0,8346	-2,8133
167,4713	0,8351	-2,8082
167,7311	0,8356	-2,7215
167,9910	0,8361	-2,6960
168,2509	0,8366	-2,7495
168,5107	0,8372	-2,7750
168,7706	0,8377	-2,7903
169,0305	0,8382	-2,7241
169,2904	0,8387	-2,7546
169,5502	0,8392	-2,7546
169,8101	0,8398	-2,8082
170,0700	0,8403	-2,7368
170,3298	0,8408	-2,8235
170,5897	0,8413	-2,8387
170,8496	0,8418	-2,8617
171,1094	0,8424	-2,8336
171,3693	0,8429	-2,7827
171,6292	0,8434	-2,7674
171,8891	0,8439	-2,8005
172,1489	0,8444	-2,8795
172,4088	0,8450	-2,8795
172,6687	0,8455	-2,8999
172,9285	0,8460	-2,9305
173,1884	0,8465	-2,8133
173,4483	0,8470	-2,7597
173,7081	0,8476	-2,7572
173,9680	0,8481	-2,8286
174,2279	0,8486	-2,8642
174,4878	0,8491	-2,8209
174,7476	0,8496	-2,8031
175,0075	0,8502	-2,8235
175,2674	0,8507	-2,8260
175,5272	0,8512	-2,8413
175,7871	0,8517	-2,8082
176,0470	0,8522	-2,8107
176,3068	0,8528	-2,8872
176,5667	0,8533	-2,8821
176,8266	0,8538	-2,8770
177,0865	0,8543	-2,8489
177,3463	0,8548	-2,9050
177,6062	0,8554	-2,8566
177,8661	0,8559	-2,8693
178,1259	0,8564	-2,8770
178,3858	0,8569	-2,7750
178,6457	0,8574	-2,6986
178,9055	0,8580	-2,7164
179,1654	0,8585	-2,8005
179,4253	0,8590	-2,8668
179,6852	0,8595	-2,8999
179,9450	0,8600	-2,8795
180,2049	0,8606	-2,8107
180,4648	0,8611	-2,8082
180,7246	0,8616	-2,8209
180,9845	0,8621	-2,8617
181,2444	0,8626	-2,9050
181,5042	0,8632	-2,9407
181,7641	0,8637	-3,0146
182,0240	0,8642	-3,0095
182,2839	0,8647	-2,8413
182,5437	0,8652	-2,8260
182,8036	0,8658	-2,7572
183,0635	0,8663	-2,8897
183,3233	0,8668	-2,9381
183,5832	0,8673	-3,0121
183,8431	0,8678	-2,9483
184,1029	0,8684	-2,9560
184,3628	0,8689	-2,9229
184,6227	0,8694	-2,9611
184,8826	0,8699	-2,9050
185,1424	0,8704	-2,9738
185,4023	0,8710	-3,0223
185,6622	0,8715	-2,9815
185,9220	0,8720	-2,8846
186,1819	0,8725	-2,8795
186,4418	0,8730	-2,8566
186,7016	0,8736	-2,8668
186,9615	0,8741	-2,8897
187,2214	0,8746	-2,9203
187,4813	0,8751	-2,9229
187,7411	0,8756	-2,8336
188,0010	0,8762	-2,8387
188,2609	0,8767	-2,8540
188,5207	0,8772	-2,8642
188,7806	0,8777	-2,9025
189,0405	0,8782	-2,8413
189,3003	0,8788	-2,8260
189,5602	0,8793	-2,8821
189,8201	0,8798	-2,8999
190,0800	0,8803	-2,9330
190,3398	0,8808	-2,8591
190,5997	0,8814	-2,8464
190,8596	0,8819	-2,9330
191,1194	0,8824	-2,9178
191,3793	0,8829	-2,8821
191,6392	0,8834	-2,8693
191,8991	0,8840	-2,8082
192,1589	0,8845	-2,8821
192,4188	0,8850	-2,9407
192,6787	0,8855	-2,9101
192,9385	0,8860	-2,9305
193,1984	0,8866	-2,9611
193,4583	0,8871	-2,8362
193,7181	0,8876	-2,8413
193,9780	0,8881	-2,9127
194,2379	0,8886	-3,0477
194,4978	0,8892	-3,0605
194,7576	0,8897	-3,0503
195,0175	0,8902	-2,9560
195,2774	0,8907	-2,8795
195,5372	0,8912	-2,8286
195,7971	0,8918	-2,7801
196,0570	0,8923	-2,8948
196,3168	0,8928	-2,8515
196,5767	0,8933	-2,8286
196,8366	0,8938	-2,9127
197,0965	0,8944	-2,9738
197,3563	0,8949	-2,8795
197,6162	0,8954	-2,9152
197,8761	0,8959	-2,9993
198,1359	0,8964	-3,1013
198,3958	0,8970	-3,1166
198,6557	0,8975	-3,0834
198,9155	0,8980	-2,9483
199,1754	0,8985	-3,0019
199,4353	0,8990	-3,1115
199,6952	0,8996	-3,0860
199,9550	0,9001	-3,0324
200,2149	0,9006	-3,0095
200,4748	0,9011	-2,9942
200,7346	0,9016	-3,0223
200,9945	0,9022	-2,9917
201,2544	0,9027	-2,9101
201,5142	0,9032	-2,8719
201,7741	0,9037	-2,9254
202,0340	0,9042	-2,8693
202,2939	0,9048	-2,8846
202,5537	0,9053	-2,9101
202,8136	0,9058	-2,8642
203,0735	0,9063	-2,8464
203,3333	0,9068	-2,8617
203,5932	0,9074	-2,8897
203,8531	0,9079	-2,9458
204,1129	0,9084	-2,9050
204,3728	0,9089	-2,7623
204,6327	0,9094	-2,7546
204,8926	0,9100	-2,7470
205,1524	0,9105	-2,7368
205,4123	0,9110	-2,7037
205,6722	0,9115	-2,7546
205,9320	0,9120	-2,7878
206,1919	0,9126	-2,8005
206,4518	0,9131	-2,7419
206,7116	0,9136	-2,6705
206,9715	0,9141	-2,6807
207,2314	0,9146	-2,7470
207,4913	0,9152	-2,7903
207,7511	0,9157	-2,8133
208,0110	0,9162	-2,9025
208,2709	0,9167	-2,8948
208,5307	0,9172	-2,8846
208,7906	0,9178	-2,8999
209,0505	0,9183	-2,9458
209,3103	0,9188	-2,9993
209,5702	0,9193	-3,0172
209,8301	0,9198	-3,0911
210,0900	0,9204	-3,1242
210,3498	0,9209	-3,1395
210,6097	0,9214	-3,1420
210,8696	0,9219	-3,1675
211,1294	0,9224	-3,2032
211,3893	0,9230	-3,2669
211,6492	0,9235	-3,3230
211,9090	0,9240	-3,3204
212,1689	0,9245	-3,2669
212,4288	0,9250	-3,2950
212,6887	0,9256	-3,3510
212,9485	0,9261	-3,3154
213,2084	0,9266	-3,2924
213,4683	0,9271	-3,2210
213,7281	0,9276	-3,2236
213,9880	0,9282	-3,2593
214,2479	0,9287	-3,2873
214,5077	0,9292	-3,2465
214,7676	0,9297	-3,2287
215,0275	0,9302	-3,2287
215,2874	0,9308	-3,1293
215,5472	0,9313	-3,0401
215,8071	0,9318	-2,9280
216,0670	0,9323	-2,9178
216,3268	0,9328	-3,0273
216,5867	0,9334	-3,0324
216,8466	0,9339	-2,9789
217,1064	0,9344	-3,0223
217,3663	0,9349	-3,0477
217,6262	0,9354	-3,0911
217,8861	0,9360	-3,0477
218,1459	0,9365	-2,9917
218,4058	0,9370	-2,9662
218,6657	0,9375	-2,9560
218,9255	0,9380	-2,9534
219,1854	0,9386	-3,0070
219,4453	0,9391	-2,9738
219,7051	0,9396	-2,9483
219,9650	0,9401	-2,9025
220,2249	0,9406	-2,9866
220,4848	0,9412	-3,0299
220,7446	0,9417	-3,0758
221,0045	0,9422	-3,1089
221,2644	0,9427	-3,0885
221,5242	0,9432	-3,0987
221,7841	0,9438	-3,0732
222,0440	0,9443	-3,0528
222,3038	0,9448	-3,1242
222,5637	0,9453	-3,0885
222,8236	0,9458	-3,0223
223,0835	0,9464	-3,0299
223,3433	0,9469	-2,9942
223,6032	0,9474	-2,9585
223,8631	0,9479	-3,0146
224,1229	0,9484	-3,0605
224,3828	0,9490	-3,1166
224,6427	0,9495	-3,0911
224,9025	0,9500	-3,0630
225,1624	0,9505	-2,9611
225,4223	0,9510	-2,9942
225,6822	0,9516	-2,9917
225,9420	0,9521	-2,9280
226,2019	0,9526	-2,9764
226,4618	0,9531	-3,0426
226,7216	0,9536	-2,9789
226,9815	0,9542	-3,0324
227,2414	0,9547	-3,0146
227,5012	0,9552	-3,0197
227,7611	0,9557	-3,0146
228,0210	0,9562	-3,0426
228,2809	0,9568	-3,0860
228,5407	0,9573	-3,0783
228,8006	0,9578	-3,0707
229,0605	0,9583	-3,0452
229,3203	0,9588	-3,1267
229,5802	0,9594	-3,1344
229,8401	0,9599	-3,0911
230,1000	0,9604	-3,1497
230,3598	0,9609	-3,1395
230,6197	0,9614	-3,0579
230,8796	0,9620	-3,0656
231,1394	0,9625	-3,1166
231,3993	0,9630	-3,0809
231,6592	0,9635	-3,1522
231,9190	0,9640	-3,1242
232,1789	0,9646	-3,1318
232,4388	0,9651	-3,0503
232,6987	0,9656	-3,0809
232,9585	0,9661	-3,0579
233,2184	0,9666	-3,0248
233,4783	0,9672	-3,0019
233,7381	0,9677	-2,9713
233,9980	0,9682	-2,9942
234,2579	0,9687	-2,9993
234,5177	0,9692	-2,9280
234,7776	0,9698	-2,8489
235,0375	0,9703	-2,9127
235,2974	0,9708	-2,9789
235,5572	0,9713	-3,0324
235,8171	0,9718	-3,0503
236,0770	0,9724	-3,0630
236,3368	0,9729	-3,0248
236,5967	0,9734	-2,9968
236,8566	0,9739	-3,0044
237,1164	0,9744	-3,0197
237,3763	0,9750	-2,9458
237,6362	0,9755	-2,9585
237,8961	0,9760	-2,9993
238,1559	0,9765	-3,0172
238,4158	0,9770	-3,0350
238,6757	0,9776	-3,0350
238,9355	0,9781	-3,0172
239,1954	0,9786	-2,9585
239,4553	0,9791	-2,9662
239,7151	0,9796	-3,0273
239,9750	0,9802	-3,0809
240,2349	0,9807	-3,0172
240,4948	0,9812	-3,0197
240,7546	0,9817	-3,0758
241,0145	0,9822	-3,0962
241,2744	0,9828	-3,1217
241,5342	0,9833	-3,0146
241,7941	0,9838	-3,0070
242,0540	0,9843	-2,9942
242,3138	0,9848	-3,0503
242,5737	0,9854	-3,0987
242,8336	0,9859	-3,0936
243,0935	0,9864	-3,0121
243,3533	0,9869	-3,0783
243,6132	0,9874	-3,0477
243,8731	0,9880	-3,0223
244,1329	0,9885	-3,0070
244,3928	0,9890	-3,0605
244,6527	0,9895	-3,0783
244,9125	0,9900	-3,0554
245,1724	0,9906	-3,0503
245,4323	0,9911	-3,0223
245,6922	0,9916	-3,0681
245,9520	0,9921	-3,0223
246,2119	0,9926	-3,0299
246,4718	0,9932	-3,0681
246,7316	0,9937	-3,0834
246,9915	0,9942	-3,0758
247,2514	0,9947	-3,0019
247,5112	0,9952	-2,9356
247,7711	0,9958	-2,9764
248,0310	0,9963	-2,9662
248,2909	0,9968	-3,0936
248,5507	0,9973	-3,1752
248,8106	0,9978	-3,1038
249,0705	0,9984	-3,0707
249,3303	0,9989	-3,0783
249,5902	0,9994	-3,0299
249,8501	0,9999	-3,0554
250,1099	1,0004	-3,0579
250,3698	1,0010	-3,0324
250,6297	1,0015	-3,0426
250,8896	1,0020	-3,0401
251,1494	1,0025	-3,0324
251,4093	1,0030	-2,9866
251,6692	1,0036	-3,0121
251,9290	1,0041	-3,0172
252,1889	1,0046	-3,0605
252,4488	1,0051	-3,0426
252,7086	1,0056	-3,0477
252,9685	1,0062	-3,0783
253,2284	1,0067	-3,1013
253,4883	1,0072	-3,0554
253,7481	1,0077	-3,1369
254,0080	1,0082	-3,1777
254,2679	1,0088	-3,1726
254,5277	1,0093	-3,1522
254,7876	1,0098	-3,1013
255,0475	1,0103	-3,0121
255,3073	1,0108	-2,9127
255,5672	1,0114	-3,0273
255,8271	1,0119	-3,0834
256,0870	1,0124	-3,0962
256,3468	1,0129	-3,0095
256,6067	1,0134	-2,9713
256,8666	1,0140	-3,0350
257,1264	1,0145	-3,1217
257,3863	1,0150	-3,0860
257,6462	1,0155	-3,1599
257,9060	1,0160	-3,1420
258,1659	1,0166	-3,1828
258,4258	1,0171	-3,0528
258,6857	1,0176	-3,0783
258,9455	1,0181	-3,0452
259,2054	1,0186	-3,0834
259,4653	1,0192	-3,0758
259,7251	1,0197	-3,0426
259,9850	1,0202	-3,0834
260,2449	1,0207	-3,0732
260,5047	1,0212	-3,0146
260,7646	1,0218	-3,0426
261,0245	1,0223	-2,9662
261,2844	1,0228	-3,0477
261,5442	1,0233	-3,1242
261,8041	1,0238	-3,1650
262,0640	1,0244	-3,0503
262,3238	1,0249	-2,9993
262,5837	1,0254	-2,9458
262,8436	1,0259	-3,0324
263,1034	1,0264	-3,0758
263,3633	1,0270	-3,0707
263,6232	1,0275	-3,1013
263,8831	1,0280	-3,0885
264,1429	1,0285	-2,9917
264,4028	1,0290	-3,0707
264,6627	1,0296	-3,1522
264,9225	1,0301	-3,1726
265,1824	1,0306	-3,1701
265,4423	1,0311	-3,1318
265,7021	1,0316	-3,0197
265,9620	1,0322	-2,9509
266,2219	1,0327	-3,0401
266,4818	1,0332	-3,0248
266,7416	1,0337	-3,0656
267,0015	1,0342	-3,1140
267,2614	1,0348	-3,1140
267,5212	1,0353	-3,2007
267,7811	1,0358	-3,1497
268,0410	1,0363	-3,1038
268,3008	1,0368	-3,0707
268,5607	1,0374	-3,1038
268,8206	1,0379	-3,1395
269,0805	1,0384	-3,1675
269,3403	1,0389	-3,0528
269,6002	1,0394	-2,9942
269,8601	1,0400	-2,9025
270,1199	1,0405	-2,9840
270,3798	1,0410	-3,0273
270,6397	1,0415	-3,0605
270,8996	1,0420	-3,1089
271,1594	1,0426	-3,0579
271,4193	1,0431	-3,1446
271,6792	1,0436	-3,0273
271,9390	1,0441	-3,1064
272,1989	1,0446	-3,1115
272,4588	1,0452	-3,1344
272,7186	1,0457	-3,1038
272,9785	1,0462	-3,0273
273,2384	1,0467	-3,0987
273,4983	1,0472	-3,0681
273,7581	1,0478	-3,0834
274,0180	1,0483	-3,1166
274,2779	1,0488	-3,1726
274,5377	1,0493	-3,1854
274,7976	1,0498	-3,0885
275,0575	1,0504	-3,0681
275,3173	1,0509	-3,1038
275,5772	1,0514	-3,1038
275,8371	1,0519	-2,9891
276,0970	1,0524	-3,1497
276,3568	1,0530	-3,1726
276,6167	1,0535	-3,1013
276,8766	1,0540	-3,0503
277,1364	1,0545	-3,0911
277,3963	1,0550	-3,0681
277,6562	1,0556	-3,1573
277,9160	1,0561	-3,1828
278,1759	1,0566	-3,2083
278,4358	1,0571	-3,1573
278,6957	1,0576	-3,1242
278,9555	1,0582	-3,0503
279,2154	1,0587	-3,0630
279,4753	1,0592	-3,0707
279,7351	1,0597	-3,0987
279,9950	1,0602	-3,1318
280,2549	1,0608	-3,1726
280,5147	1,0613	-3,0834
280,7746	1,0618	-3,1242
281,0345	1,0623	-3,1573
281,2944	1,0628	-3,1217
281,5542	1,0634	-3,1191
281,8141	1,0639	-3,1344
282,0740	1,0644	-3,0962
282,3338	1,0649	-3,1115
282,5937	1,0654	-3,0707
282,8536	1,0660	-3,0579
283,1134	1,0665	-3,0223
283,3733	1,0670	-3,0834
283,6332	1,0675	-3,0273
283,8931	1,0680	-3,1115
284,1529	1,0686	-3,0962
284,4128	1,0691	-3,1115
284,6727	1,0696	-3,0885
284,9325	1,0701	-3,0248
285,1924	1,0706	-3,1191
285,4523	1,0712	-3,1650
285,7121	1,0717	-3,0809
285,9720	1,0722	-3,1267
286,2319	1,0727	-3,0273
286,4918	1,0732	-3,1140
286,7516	1,0738	-3,1318
287,0115	1,0743	-3,0248
287,2714	1,0748	-3,0936
287,5312	1,0753	-3,1420
287,7911	1,0758	-3,0834
288,0510	1,0764	-3,0630
288,3108	1,0769	-3,0273
288,5707	1,0774	-3,1217
288,8306	1,0779	-3,1115
289,0905	1,0784	-3,1115
289,3503	1,0790	-3,0962
289,6102	1,0795	-2,9942
289,8701	1,0800	-2,9764
290,1299	1,0805	-2,9076
290,3898	1,0810	-2,9713
290,6497	1,0816	-3,0758
290,9095	1,0821	-3,0452
291,1694	1,0826	-3,1217
291,4293	1,0831	-2,9585
291,6892	1,0836	-3,0401
291,9490	1,0842	-3,0656
292,2089	1,0847	-2,9866
292,4688	1,0852	-2,9789
292,7286	1,0857	-2,9662
292,9885	1,0862	-2,9917
293,2484	1,0868	-3,0477
293,5082	1,0873	-3,0197
293,7681	1,0878	-3,0477
294,0280	1,0883	-3,0911
294,2879	1,0888	-3,0732
294,5477	1,0894	-3,0707
294,8076	1,0899	-3,0477
295,0675	1,0904	-3,1497
295,3273	1,0909	-3,1522
295,5872	1,0914	-3,1115
295,8471	1,0920	-3,0911
296,1069	1,0925	-3,0707
296,3668	1,0930	-3,0452
296,6267	1,0935	-3,0172
296,8866	1,0940	-2,9993
297,1464	1,0946	-2,9815
297,4063	1,0951	-3,0477
297,6662	1,0956	-3,0630
297,9260	1,0961	-3,0554
298,1859	1,0966	-3,1115
298,4458	1,0972	-3,1115
298,7056	1,0977	-3,1089
298,9655	1,0982	-3,0732
299,2254	1,0987	-3,0834
299,4853	1,0992	-3,0987
299,7451	1,0998	-3,0579
300,0050	1,1003	-3,0528
300,2649	1,1008	-3,1446
300,5247	1,1013	-3,1217
300,7846	1,1018	-3,1038
301,0445	1,1024	-3,0987
301,3043	1,1029	-3,0630
301,5642	1,1034	-3,0477
301,8241	1,1039	-3,1497
302,0840	1,1044	-3,1803
302,3438	1,1050	-3,1905
302,6037	1,1055	-3,1318
302,8636	1,1060	-3,0707
303,1234	1,1065	-3,0146
303,3833	1,1070	-3,1267
303,6432	1,1076	-3,0656
303,9030	1,1081	-3,0375
304,1629	1,1086	-3,1166
304,4228	1,1091	-3,0707
304,6827	1,1096	-3,0273
304,9425	1,1102	-3,0095
305,2024	1,1107	-3,0860
305,4623	1,1112	-3,1166
305,7221	1,1117	-3,1777
305,9820	1,1122	-3,2261
306,2419	1,1128	-3,1318
306,5017	1,1133	-3,0987
306,7616	1,1138	-3,0477
307,0215	1,1143	-2,9789
307,2814	1,1148	-3,0350
307,5412	1,1154	-3,0426
307,8011	1,1159	-3,0401
308,0610	1,1164	-3,0019
308,3208	1,1169	-3,0273
308,5807	1,1174	-3,0299
308,8406	1,1180	-3,0962
309,1004	1,1185	-3,1242
309,3603	1,1190	-3,1726
309,6202	1,1195	-3,2058
309,8801	1,1200	-3,1854
310,1399	1,1206	-3,1064
310,3998	1,1211	-3,0146
310,6597	1,1216	-3,0044
310,9195	1,1221	-3,0579
311,1794	1,1226	-3,0911
311,4393	1,1232	-3,0834
311,6992	1,1237	-3,0503
311,9590	1,1242	-2,9789
312,2189	1,1247	-3,0070
312,4788	1,1252	-2,9636
312,7386	1,1258	-3,0146
312,9985	1,1263	-3,1828
313,2584	1,1268	-3,1267
313,5182	1,1273	-3,0605
313,7781	1,1278	-3,0503
314,0380	1,1284	-3,0681
314,2979	1,1289	-3,0528
314,5577	1,1294	-3,0172
314,8176	1,1299	-3,0656
315,0775	1,1304	-3,0452
315,3373	1,1310	-3,1395
315,5972	1,1315	-3,1369
315,8571	1,1320	-3,0911
316,1169	1,1325	-3,0962
316,3768	1,1330	-3,1089
316,6367	1,1336	-3,0656
316,8966	1,1341	-3,0758
317,1564	1,1346	-2,9942
317,4163	1,1351	-2,9611
317,6762	1,1356	-3,0121
317,9360	1,1362	-2,9483
318,1959	1,1367	-3,0095
318,4558	1,1372	-3,0095
318,7156	1,1377	-3,0248
318,9755	1,1382	-3,1191
319,2354	1,1388	-3,1777
319,4953	1,1393	-3,1191
319,7551	1,1398	-3,0605
320,0150	1,1403	-3,1752
320,2749	1,1408	-3,1395
320,5347	1,1414	-3,1293
320,7946	1,1419	-3,1038
321,0545	1,1424	-3,0911
321,3143	1,1429	-3,1217
321,5742	1,1434	-3,1191
321,8341	1,1440	-3,1038
322,0940	1,1445	-3,1293
322,3538	1,1450	-3,0987
322,6137	1,1455	-3,0911
322,8736	1,1460	-3,0426
323,1334	1,1466	-3,0579
323,3933	1,1471	-3,0911
323,6532	1,1476	-3,0656
323,9130	1,1481	-3,1369
324,1729	1,1486	-3,1599
324,4328	1,1492	-3,1420
324,6927	1,1497	-3,1344
324,9525	1,1502	-3,2007
325,2124	1,1507	-3,1013
325,4723	1,1512	-3,1013
325,7321	1,1518	-3,1293
325,9920	1,1523	-3,0707
326,2519	1,1528	-3,0299
326,5117	1,1533	-3,1064
326,7716	1,1538	-3,1599
327,0315	1,1544	-3,1013
327,2914	1,1549	-3,1318
327,5512	1,1554	-3,0834
327,8111	1,1559	-3,0579
328,0710	1,1564	-3,1038
328,3308	1,1570	-3,0197
328,5907	1,1575	-3,0273
328,8506	1,1580	-3,0656
329,1104	1,1585	-3,0681
329,3703	1,1590	-3,1013
329,6302	1,1596	-3,0758
329,8901	1,1601	-3,0885
330,1499	1,1606	-3,1013
330,4098	1,1611	-3,0554
330,6697	1,1616	-3,1675
330,9295	1,1622	-3,0656
331,1894	1,1627	-3,1446
331,4493	1,1632	-3,1446
331,7091	1,1637	-3,1242
331,9690	1,1642	-3,1217
332,2289	1,1648	-3,0579
332,4888	1,1653	-3,0070
332,7486	1,1658	-2,9891
333,0085	1,1663	-3,0299
333,2684	1,1668	-3,0681
333,5282	1,1674	-3,0962
333,7881	1,1679	-3,0911
334,0480	1,1684	-3,0248
334,3078	1,1689	-3,0019
334,5677	1,1694	-3,0834
334,8276	1,1700	-2,9942
335,0875	1,1705	-2,9764
335,3473	1,1710	-3,0477
335,6072	1,1715	-3,0197
335,8671	1,1720	-3,0630
336,1269	1,1726	-3,0605
336,3868	1,1731	-3,0350
336,6467	1,1736	-3,0375
336,9065	1,1741	-3,0809
337,1664	1,1746	-3,1115
337,4263	1,1752	-3,1217
337,6862	1,1757	-3,0681
337,9460	1,1762	-2,9713
338,2059	1,1767	-3,0503
338,4658	1,1772	-3,1344
338,7256	1,1778	-3,1115
338,9855	1,1783	-3,1140
339,2454	1,1788	-3,0987
339,5052	1,1793	-3,0605
339,7651	1,1798	-3,0121
340,0250	1,1804	-3,0477
340,2849	1,1809	-3,1395
340,5447	1,1814	-3,1420
340,8046	1,1819	-3,1242
341,0645	1,1824	-3,1599
341,3243	1,1830	-3,0834
341,5842	1,1835	-3,0554
341,8441	1,1840	-3,0197
342,1039	1,1845	-2,9636
342,3638	1,1850	-3,0350
342,6237	1,1856	-3,0732
342,8836	1,1861	-3,0681
343,1434	1,1866	-2,9942
343,4033	1,1871	-2,9687
343,6632	1,1876	-2,9840
343,9230	1,1882	-2,9101
344,1829	1,1887	-3,0452
344,4428	1,1892	-3,0375
344,7026	1,1897	-3,0962
344,9625	1,1902	-3,1854
345,2224	1,1908	-3,0758
345,4823	1,1913	-3,0350
345,7421	1,1918	-3,0299
346,0020	1,1923	-3,0579
346,2619	1,1928	-3,1675
346,5217	1,1934	-3,1675
346,7816	1,1939	-3,2287
347,0415	1,1944	-3,1318
347,3013	1,1949	-3,1599
347,5612	1,1954	-3,1115
347,8211	1,1960	-3,1675
348,0810	1,1965	-3,1752
348,3408	1,1970	-3,1599
348,6007	1,1975	-3,1369
348,8606	1,1980	-3,0426
349,1204	1,1986	-2,9815
349,3803	1,1991	-3,0273
349,6402	1,1996	-3,0452
349,9000	1,2001	-3,0860
350,1599	1,2006	-3,1293
350,4198	1,2012	-3,0962
350,6797	1,2017	-3,0375
350,9395	1,2022	-3,1395
351,1994	1,2027	-3,1242
351,4593	1,2032	-3,0732
351,7191	1,2038	-3,0707
351,9790	1,2043	-3,1369
352,2389	1,2048	-3,2032
352,4988	1,2053	-3,0528
352,7586	1,2058	-3,0019
353,0185	1,2064	-2,9840
353,2784	1,2069	-3,0375
353,5382	1,2074	-3,0554
353,7981	1,2079	-3,0758
354,0580	1,2084	-3,1013
354,3178	1,2090	-3,1242
354,5777	1,2095	-3,1318
354,8376	1,2100	-3,0885
355,0975	1,2105	-3,1013
355,3573	1,2110	-3,1191
355,6172	1,2116	-3,1777
355,8771	1,2121	-3,0401
356,1369	1,2126	-3,0070
356,3968	1,2131	-3,0962
356,6567	1,2136	-3,0911
356,9165	1,2142	-3,0656
357,1764	1,2147	-3,0401
357,4363	1,2152	-3,0223
357,6962	1,2157	-3,0656
357,9560	1,2162	-3,0426
358,2159	1,2168	-3,0324
358,4758	1,2173	-3,0197
358,7356	1,2178	-3,0936
358,9955	1,2183	-3,1166
359,2554	1,2188	-3,1013
359,5152	1,2194	-3,0630
359,7751	1,2199	-3,0758
360,0350	1,2204	-3,0070
360,2949	1,2209	-3,0426
360,5547	1,2214	-3,1064
360,8146	1,2220	-3,0579
361,0745	1,2225	-2,9789
361,3343	1,2230	-2,9280
361,5942	1,2235	-2,9917
361,8541	1,2240	-2,9483
362,1139	1,2246	-2,9840
362,3738	1,2251	-2,9636
362,6337	1,2256	-3,0070
362,8936	1,2261	-2,9942
363,1534	1,2266	-2,9025
363,4133	1,2272	-2,8770
363,6732	1,2277	-2,9280
363,9330	1,2282	-2,9076
364,1929	1,2287	-2,8846
364,4528	1,2292	-2,8821
364,7126	1,2298	-2,9229
364,9725	1,2303	-2,9178
365,2324	1,2308	-2,8821
365,4923	1,2313	-2,9280
365,7521	1,2318	-2,8872
366,0120	1,2324	-2,9203
366,2719	1,2329	-2,8872
366,5317	1,2334	-2,9534
366,7916	1,2339	-2,9178
367,0515	1,2344	-2,9025
367,3113	1,2350	-2,9713
367,5712	1,2355	-2,9891
367,8311	1,2360	-2,9483
368,0910	1,2365	-2,8821
368,3508	1,2370	-2,8515
368,6107	1,2376	-2,9280
368,8706	1,2381	-2,9050
369,1304	1,2386	-2,8005
369,3903	1,2391	-2,8107
369,6502	1,2396	-2,9330
369,9100	1,2402	-2,9891
370,1699	1,2407	-3,0299
370,4298	1,2412	-2,9534
370,6897	1,2417	-2,9076
370,9495	1,2422	-2,8286
371,2094	1,2428	-2,8438
371,4693	1,2433	-2,9738
371,7291	1,2438	-3,0426
371,9890	1,2443	-3,0375
372,2489	1,2448	-3,0452
372,5087	1,2454	-3,0758
372,7686	1,2459	-3,0758
373,0285	1,2464	-3,0197
373,2884	1,2469	-3,0834
373,5482	1,2474	-3,1013
373,8081	1,2480	-3,1905
374,0680	1,2485	-3,2312
374,3278	1,2490	-3,2414
374,5877	1,2495	-3,2440
374,8476	1,2500	-3,2261
375,1074	1,2506	-3,3791
375,3673	1,2511	-3,4147
375,6272	1,2516	-3,3714
375,8871	1,2521	-3,4097
376,1469	1,2526	-3,4249
376,4068	1,2532	-3,5167
376,6667	1,2537	-3,4683
376,9265	1,2542	-3,4377
377,1864	1,2547	-3,5473
377,4463	1,2552	-3,5192
377,7061	1,2558	-3,5294
377,9660	1,2563	-3,5167
378,2259	1,2568	-3,5600
378,4858	1,2573	-3,5906
378,7456	1,2578	-3,6288
379,0055	1,2584	-3,6314
379,2654	1,2589	-3,6798
379,5252	1,2594	-3,7078
379,7851	1,2599	-3,6416
380,0450	1,2604	-3,5575
380,3048	1,2610	-3,5396
380,5647	1,2615	-3,6977
380,8246	1,2620	-3,6849
381,0845	1,2625	-3,7639
381,3443	1,2630	-3,7512
381,6042	1,2636	-3,7282
381,8641	1,2641	-3,5677
382,1239	1,2646	-3,5294
382,3838	1,2651	-3,4785
382,6437	1,2656	-3,4275
382,9035	1,2662	-3,5345
383,1634	1,2667	-3,4785
383,4233	1,2672	-3,4530
383,6832	1,2677	-3,4173
383,9430	1,2682	-3,3893
384,2029	1,2688	-3,3740
384,4628	1,2693	-3,4377
384,7226	1,2698	-3,4836
384,9825	1,2703	-3,3995
385,2424	1,2708	-3,3816
385,5022	1,2714	-3,3434
385,7621	1,2719	-3,3510
386,0220	1,2724	-3,3230
386,2819	1,2729	-3,2236
386,5417	1,2734	-3,2440
386,8016	1,2740	-3,1318
387,0615	1,2745	-3,1650
387,3213	1,2750	-3,1318
387,5812	1,2755	-3,0860
387,8411	1,2760	-3,0809
388,1009	1,2766	-3,1701
388,3608	1,2771	-3,2160
388,6207	1,2776	-3,1956
388,8806	1,2781	-3,1115
389,1404	1,2786	-3,0681
389,4003	1,2792	-3,1013
389,6602	1,2797	-3,0426
389,9200	1,2802	-3,1038
390,1799	1,2807	-3,1369
390,4398	1,2812	-3,0605
390,6997	1,2818	-3,0324
390,9595	1,2823	-3,0554
391,2194	1,2828	-3,0936
391,4793	1,2833	-3,1726
391,7391	1,2838	-3,2236
391,9990	1,2844	-3,2236
392,2589	1,2849	-3,1573
392,5187	1,2854	-3,1471
392,7786	1,2859	-3,1879
393,0385	1,2864	-3,2160
393,2984	1,2870	-3,2287
393,5582	1,2875	-3,2109
393,8181	1,2880	-3,2134
394,0780	1,2885	-3,1956
394,3378	1,2890	-3,1013
394,5977	1,2896	-3,0987
394,8576	1,2901	-3,0732
395,1174	1,2906	-3,1905
395,3773	1,2911	-3,2414
395,6372	1,2916	-3,1854
395,8971	1,2922	-3,1217
396,1569	1,2927	-3,1217
396,4168	1,2932	-3,1650
396,6767	1,2937	-3,0911
396,9365	1,2942	-3,1293
397,1964	1,2948	-3,1344
397,4563	1,2953	-3,1115
397,7161	1,2958	-3,0834
397,9760	1,2963	-3,0936
398,2359	1,2968	-3,1573
398,4958	1,2974	-3,1318
398,7556	1,2979	-3,1064
399,0155	1,2984	-3,0681
399,2754	1,2989	-3,0783
399,5352	1,2994	-3,0707
399,7951	1,3000	-3,0172
400,0550	1,3005	-3,0299
400,3148	1,3010	-3,0477
400,5747	1,3015	-3,0554
400,8346	1,3020	-2,9789
401,0945	1,3026	-2,9534
401,3543	1,3031	-2,9764
401,6142	1,3036	-2,9203
401,8741	1,3041	-3,0121
402,1339	1,3046	-3,0197
402,3938	1,3052	-3,0070
402,6537	1,3057	-2,9050
402,9135	1,3062	-2,9738
403,1734	1,3067	-2,8770
403,4333	1,3072	-2,8744
403,6932	1,3078	-2,8566
403,9530	1,3083	-2,8464
404,2129	1,3088	-2,9280
404,4728	1,3093	-2,9076
404,7326	1,3098	-2,9229
404,9925	1,3104	-2,9280
405,2524	1,3109	-2,9229
405,5122	1,3114	-2,9178
405,7721	1,3119	-3,0044
406,0320	1,3124	-3,1115
406,2919	1,3130	-3,0783
406,5517	1,3135	-3,0630
406,8116	1,3140	-3,0426
407,0715	1,3145	-3,0452
407,3313	1,3150	-3,1395
407,5912	1,3156	-3,1038
407,8511	1,3161	-3,1420
408,1109	1,3166	-3,2160
408,3708	1,3171	-3,2210
408,6307	1,3176	-3,2312
408,8906	1,3182	-3,3281
409,1504	1,3187	-3,3332
409,4103	1,3192	-3,2822
409,6702	1,3197	-3,4173
409,9300	1,3202	-3,3791
410,1899	1,3208	-3,3612
410,4498	1,3213	-3,2924
410,7096	1,3218	-3,3154
410,9695	1,3223	-3,3536
411,2294	1,3228	-3,4275
411,4893	1,3234	-3,3893
411,7491	1,3239	-3,3842
412,0090	1,3244	-3,3944
412,2689	1,3249	-3,3485
412,5287	1,3254	-3,3638
412,7886	1,3260	-3,3281
413,0485	1,3265	-3,3740
413,3083	1,3270	-3,3077
413,5682	1,3275	-3,3001
413,8281	1,3280	-3,2924
414,0880	1,3286	-3,2746
414,3478	1,3291	-3,2822
414,6077	1,3296	-3,2771
414,8676	1,3301	-3,2593
415,1274	1,3306	-3,2542
415,3873	1,3312	-3,2899
415,6472	1,3317	-3,2746
415,9070	1,3322	-3,2873
416,1669	1,3327	-3,3077
416,4268	1,3332	-3,3230
416,6867	1,3338	-3,2950
416,9465	1,3343	-3,2797
417,2064	1,3348	-3,2771
417,4663	1,3353	-3,1650
417,7261	1,3358	-3,2516
417,9860	1,3364	-3,1854
418,2459	1,3369	-3,2644
418,5057	1,3374	-3,3204
418,7656	1,3379	-3,2720
419,0255	1,3384	-3,2669
419,2854	1,3390	-3,2567
419,5452	1,3395	-3,2695
419,8051	1,3400	-3,2210
420,0650	1,3405	-3,1369
420,3248	1,3410	-3,1369
420,5847	1,3416	-3,1803
420,8446	1,3421	-3,1573
421,1044	1,3426	-3,1318
421,3643	1,3431	-3,1522
421,6242	1,3436	-3,1803
421,8841	1,3442	-3,1803
422,1439	1,3447	-3,1522
422,4038	1,3452	-3,0375
422,6637	1,3457	-3,0554
422,9235	1,3462	-3,0019
423,1834	1,3468	-3,1446
423,4433	1,3473	-3,2083
423,7031	1,3478	-3,0987
423,9630	1,3483	-3,0860
424,2229	1,3488	-3,0758
424,4828	1,3494	-3,0477
424,7426	1,3499	-2,9789
425,0025	1,3504	-3,0095
425,2624	1,3509	-3,0299
425,5222	1,3514	-3,1242
425,7821	1,3520	-3,0834
426,0420	1,3525	-3,1650
426,3018	1,3530	-3,1599
426,5617	1,3535	-3,1522
426,8216	1,3540	-3,1166
427,0815	1,3546	-3,2032
427,3413	1,3551	-3,1166
427,6012	1,3556	-3,0860
427,8611	1,3561	-3,1140
428,1209	1,3566	-3,0962
428,3808	1,3572	-3,0223
428,6407	1,3577	-3,1701
428,9005	1,3582	-3,1854
429,1604	1,3587	-3,1522
429,4203	1,3592	-3,2007
429,6802	1,3598	-3,1471
429,9400	1,3603	-3,1140
430,1999	1,3608	-3,1752
430,4598	1,3613	-3,1191
430,7196	1,3618	-3,1318
430,9795	1,3624	-3,1930
431,2394	1,3629	-3,2185
431,4993	1,3634	-3,1115
431,7591	1,3639	-3,0732
432,0190	1,3644	-3,1293
432,2789	1,3650	-3,1573
432,5387	1,3655	-3,1879
432,7986	1,3660	-3,0885
433,0585	1,3665	-3,0962
433,3183	1,3670	-3,1013
433,5782	1,3676	-3,1242
433,8381	1,3681	-3,0554
434,0980	1,3686	-3,1446
434,3578	1,3691	-3,2185
434,6177	1,3696	-3,1471
434,8776	1,3702	-3,0987
435,1374	1,3707	-3,1344
435,3973	1,3712	-3,1267
435,6572	1,3717	-3,0860
435,9170	1,3722	-3,0350
436,1769	1,3728	-3,1064
436,4368	1,3733	-3,1930
436,6967	1,3738	-3,0732
436,9565	1,3743	-3,0834
437,2164	1,3748	-3,0019
437,4763	1,3754	-3,0630
437,7361	1,3759	-3,0783
437,9960	1,3764	-3,0223
438,2559	1,3769	-3,0172
438,5157	1,3774	-3,0197
438,7756	1,3780	-3,0350
439,0355	1,3785	-3,1064
439,2954	1,3790	-3,2083
439,5552	1,3795	-3,2542
439,8151	1,3800	-3,2287
440,0750	1,3806	-3,1267
440,3348	1,3811	-3,0783
440,5947	1,3816	-3,0656
440,8546	1,3821	-3,0452
441,1144	1,3826	-3,0375
441,3743	1,3832	-3,0860
441,6342	1,3837	-3,1293
441,8941	1,3842	-3,1064
442,1539	1,3847	-3,0095
442,4138	1,3852	-3,0936
442,6737	1,3858	-3,1267
442,9335	1,3863	-3,1115
443,1934	1,3868	-3,0758
443,4533	1,3873	-3,0987
443,7131	1,3878	-3,0681
443,9730	1,3884	-3,0401
444,2329	1,3889	-3,0121
444,4928	1,3894	-3,1064
444,7526	1,3899	-3,1956
445,0125	1,3904	-3,2312
445,2724	1,3910	-3,2109
445,5322	1,3915	-3,1115
445,7921	1,3920	-3,1140
446,0520	1,3925	-2,9993
446,3118	1,3930	-3,0375
446,5717	1,3936	-3,1420
446,8316	1,3941	-3,0987
447,0915	1,3946	-3,1089
447,3513	1,3951	-3,1115
447,6112	1,3956	-3,1038
447,8711	1,3962	-3,1675
448,1309	1,3967	-3,2032
448,3908	1,3972	-3,2389
448,6507	1,3977	-3,1879
448,9105	1,3982	-3,1803
449,1704	1,3988	-3,0783
449,4303	1,3993	-3,0809
449,6902	1,3998	-3,2032
449,9500	1,4003	-3,2134
450,2099	1,4008	-3,1905
450,4698	1,4014	-3,1777
450,7296	1,4019	-3,1395
450,9895	1,4024	-3,1038
451,2494	1,4029	-3,0554
451,5092	1,4034	-3,0962
451,7691	1,4040	-3,1369
452,0290	1,4045	-3,1981
452,2889	1,4050	-3,2465
452,5487	1,4055	-3,1395
452,8086	1,4060	-2,9968
453,0685	1,4066	-2,9993
453,3283	1,4071	-3,0401
453,5882	1,4076	-3,0681
453,8481	1,4081	-3,0911
454,1079	1,4086	-3,0707
454,3678	1,4092	-3,0707
454,6277	1,4097	-3,0732
454,8876	1,4102	-3,0605
455,1474	1,4107	-3,0375
455,4073	1,4112	-3,2312
455,6672	1,4118	-3,1752
455,9270	1,4123	-3,2058
456,1869	1,4128	-3,2109
456,4468	1,4133	-3,2669
456,7066	1,4138	-3,1395
456,9665	1,4144	-3,1752
457,2264	1,4149	-3,1930
457,4863	1,4154	-3,2542
457,7461	1,4159	-3,1446
458,0060	1,4164	-2,9866
458,2659	1,4170	-2,9534
458,5257	1,4175	-3,0146
458,7856	1,4180	-3,0809
459,0455	1,4185	-3,1267
459,3053	1,4190	-3,1854
459,5652	1,4196	-3,1548
459,8251	1,4201	-3,1497
460,0850	1,4206	-3,0656
460,3448	1,4211	-3,1064
460,6047	1,4216	-3,0911
460,8646	1,4222	-3,0324
461,1244	1,4227	-3,0554
461,3843	1,4232	-3,0656
461,6442	1,4237	-2,9432
461,9040	1,4242	-2,9687
462,1639	1,4248	-2,9432
462,4238	1,4253	-3,0707
462,6837	1,4258	-3,1115
462,9435	1,4263	-3,0273
463,2034	1,4268	-3,0426
463,4633	1,4274	-3,0248
463,7231	1,4279	-3,0146
463,9830	1,4284	-3,0681
464,2429	1,4289	-3,1624
464,5027	1,4294	-3,2236
464,7626	1,4300	-3,1548
465,0225	1,4305	-3,1089
465,2824	1,4310	-2,9891
465,5422	1,4315	-3,0503
465,8021	1,4320	-3,0554
466,0620	1,4326	-3,1267
466,3218	1,4331	-3,1115
466,5817	1,4336	-3,0223
466,8416	1,4341	-2,9942
467,1014	1,4346	-2,9815
467,3613	1,4352	-3,0477
467,6212	1,4357	-3,0019
467,8811	1,4362	-3,0401
468,1409	1,4367	-3,0528
468,4008	1,4372	-3,0299
468,6607	1,4378	-3,0605
468,9205	1,4383	-3,0324
469,1804	1,4388	-3,0554
469,4403	1,4393	-3,0987
469,7001	1,4398	-3,0732
469,9600	1,4404	-3,0299
470,2199	1,4409	-3,0477
470,4798	1,4414	-3,0172
470,7396	1,4419	-2,9993
470,9995	1,4424	-3,0630
471,2594	1,4430	-3,0936
471,5192	1,4435	-3,1369
471,7791	1,4440	-3,1675
472,0390	1,4445	-3,1446
472,2989	1,4450	-3,1293
472,5587	1,4456	-3,0426
472,8186	1,4461	-3,1573
473,0785	1,4466	-3,1726
473,3383	1,4471	-3,1420
473,5982	1,4476	-3,1344
473,8581	1,4482	-3,1038
474,1179	1,4487	-3,0809
474,3778	1,4492	-3,0732
474,6377	1,4497	-3,0834
474,8976	1,4502	-3,1548
475,1574	1,4508	-3,1956
475,4173	1,4513	-3,0783
475,6772	1,4518	-3,0987
475,9370	1,4523	-3,0707
476,1969	1,4528	-3,0962
476,4568	1,4534	-3,1701
476,7166	1,4539	-3,2160
476,9765	1,4544	-3,2389
477,2364	1,4549	-3,1854
477,4963	1,4554	-3,0707
477,7561	1,4560	-2,9611
478,0160	1,4565	-2,9534
478,2759	1,4570	-2,9815
478,5357	1,4575	-3,0783
478,7956	1,4580	-2,9917
479,0555	1,4586	-2,9917
479,3153	1,4591	-3,0324
479,5752	1,4596	-3,0299
479,8351	1,4601	-3,0044
480,0950	1,4606	-3,0223
480,3548	1,4612	-3,0579
480,6147	1,4617	-3,0681
480,8746	1,4622	-3,0579
481,1344	1,4627	-3,0019
481,3943	1,4632	-2,9993
481,6542	1,4638	-2,8974
481,9140	1,4643	-2,9611
482,1739	1,4648	-2,9560
482,4338	1,4653	-3,0503
482,6937	1,4658	-3,0299
482,9535	1,4664	-3,0223
483,2134	1,4669	-3,0299
483,4733	1,4674	-3,1573
483,7331	1,4679	-3,1522
483,9930	1,4684	-3,0936
484,2529	1,4690	-3,0732
484,5127	1,4695	-3,0172
484,7726	1,4700	-2,9483
485,0325	1,4705	-2,9050
485,2924	1,4710	-2,9585
485,5522	1,4716	-3,0758
485,8121	1,4721	-3,1242
486,0720	1,4726	-3,1191
486,3318	1,4731	-3,1599
486,5917	1,4736	-3,1548
486,8516	1,4742	-3,1981
487,1114	1,4747	-3,3485
487,3713	1,4752	-3,4275
487,6312	1,4757	-3,3281
487,8911	1,4762	-3,3128
488,1509	1,4768	-3,2516
488,4108	1,4773	-3,1803
488,6707	1,4778	-3,2644
488,9305	1,4783	-3,3154
489,1904	1,4788	-3,2414
489,4503	1,4794	-3,2567
489,7101	1,4799	-3,2134
489,9700	1,4804	-3,1930
490,2299	1,4809	-3,2950
490,4898	1,4814	-3,2593
490,7496	1,4820	-3,1930
491,0095	1,4825	-3,1726
491,2694	1,4830	-3,2465
491,5292	1,4835	-3,2109
491,7891	1,4840	-3,2134
492,0490	1,4846	-3,2465
492,3088	1,4851	-3,2363
492,5687	1,4856	-3,2644
492,8286	1,4861	-3,2465
493,0885	1,4866	-3,2058
493,3483	1,4872	-3,1293
493,6082	1,4877	-3,0656
493,8681	1,4882	-3,0273
494,1279	1,4887	-3,1115
494,3878	1,4892	-3,1089
494,6477	1,4898	-3,1369
494,9075	1,4903	-3,0426
495,1674	1,4908	-3,0426
495,4273	1,4913	-3,0809
495,6872	1,4918	-3,1293
495,9470	1,4924	-3,1956
496,2069	1,4929	-3,2134
496,4668	1,4934	-3,1446
496,7266	1,4939	-3,0630
496,9865	1,4944	-2,9662
497,2464	1,4950	-2,8872
497,5062	1,4955	-2,8387
497,7661	1,4960	-2,8158
498,0260	1,4965	-2,9305
498,2859	1,4970	-2,9330
498,5457	1,4976	-2,7368
498,8056	1,4981	-2,7648
499,0655	1,4986	-2,7903
499,3253	1,4991	-2,7444
499,5852	1,4996	-2,7342
499,8451	1,5002	-2,5992
500,1049	1,5007	-2,6425
500,3648	1,5012	-2,6705
500,6247	1,5017	-2,6196
500,8846	1,5022	-2,6349
501,1444	1,5028	-2,6272
501,4043	1,5033	-2,6527
501,6642	1,5038	-2,6884
501,9240	1,5043	-2,6425
502,1839	1,5048	-2,6221
502,4438	1,5054	-2,7037
502,7036	1,5059	-2,6986
502,9635	1,5064	-2,6705
503,2234	1,5069	-2,7088
503,4833	1,5074	-2,7317
503,7431	1,5080	-2,8082
504,0030	1,5085	-2,7292
504,2629	1,5090	-2,8184
504,5227	1,5095	-2,8642
504,7826	1,5100	-2,8744
505,0425	1,5106	-2,9636
505,3023	1,5111	-3,0528
505,5622	1,5116	-3,0962
505,8221	1,5121	-3,1089
506,0820	1,5126	-3,2848
506,3418	1,5132	-3,3740
506,6017	1,5137	-3,4453
506,8616	1,5142	-3,5498
507,1214	1,5147	-3,6390
507,3813	1,5152	-3,7282
507,6412	1,5158	-3,7869
507,9010	1,5163	-3,7996
508,1609	1,5168	-3,9576
508,4208	1,5173	-4,2074
508,6807	1,5178	-4,2456
508,9405	1,5184	-4,3093
509,2004	1,5189	-4,2635
509,4603	1,5194	-4,1870
509,7201	1,5199	-4,1590
509,9800	1,5204	-4,1156
510,2399	1,5210	-4,0290
510,4998	1,5215	-3,9780
510,7596	1,5220	-3,9627
511,0195	1,5225	-3,9194
511,2794	1,5230	-3,7639
511,5392	1,5236	-3,6212
511,7991	1,5241	-3,6441
512,0590	1,5246	-3,5728
512,3188	1,5251	-3,5014
512,5787	1,5256	-3,4046
512,8386	1,5262	-3,4173
513,0985	1,5267	-3,4224
513,3583	1,5272	-3,3918
513,6182	1,5277	-3,3867
513,8781	1,5282	-3,3995
514,1379	1,5288	-3,3918
514,3978	1,5293	-3,3383
514,6577	1,5298	-3,3179
514,9175	1,5303	-3,3230
515,1774	1,5308	-3,3103
515,4373	1,5314	-3,3001
515,6972	1,5319	-3,3179
515,9570	1,5324	-3,3306
516,2169	1,5329	-3,2542
516,4768	1,5334	-3,2032
516,7366	1,5340	-3,1293
516,9965	1,5345	-3,1318
517,2564	1,5350	-3,1471
517,5162	1,5355	-3,2007
517,7761	1,5360	-3,2236
518,0360	1,5366	-3,2185
518,2959	1,5371	-3,1675
518,5557	1,5376	-3,1446
518,8156	1,5381	-3,0783
519,0755	1,5386	-3,1369
519,3353	1,5392	-3,1497
519,5952	1,5397	-3,1318
519,8551	1,5402	-3,0962
520,1149	1,5407	-3,1548
520,3748	1,5412	-3,1446
520,6347	1,5418	-3,1267
520,8946	1,5423	-3,1318
521,1544	1,5428	-3,1318
521,4143	1,5433	-3,1013
521,6742	1,5438	-3,1242
521,9340	1,5444	-3,0732
522,1939	1,5449	-2,9866
522,4538	1,5454	-2,9942
522,7136	1,5459	-2,9968
522,9735	1,5464	-3,0860
523,2334	1,5470	-3,1115
523,4933	1,5475	-3,0783
523,7531	1,5480	-3,1140
524,0130	1,5485	-3,0962
524,2729	1,5490	-3,1522
524,5327	1,5496	-3,2261
524,7926	1,5501	-3,1217
525,0525	1,5506	-3,1293
525,3123	1,5511	-3,0656
525,5722	1,5516	-3,0172
525,8321	1,5522	-3,0223
526,0920	1,5527	-3,0401
526,3518	1,5532	-3,0350
526,6117	1,5537	-3,1013
526,8716	1,5542	-3,0579
527,1314	1,5548	-3,0732
527,3913	1,5553	-3,0809
527,6512	1,5558	-3,1522
527,9110	1,5563	-3,0707
528,1709	1,5568	-3,1064
528,4308	1,5574	-3,1497
528,6907	1,5579	-3,0579
528,9505	1,5584	-3,0936
529,2104	1,5589	-3,0987
529,4703	1,5594	-3,0681
529,7301	1,5600	-3,1956
529,9900	1,5605	-3,1650
530,2499	1,5610	-3,1089
530,5097	1,5615	-3,0987
530,7696	1,5620	-3,0324
531,0295	1,5626	-3,0070
531,2894	1,5631	-2,9483
531,5492	1,5636	-3,0707
531,8091	1,5641	-3,1013
532,0690	1,5646	-3,1624
532,3288	1,5652	-3,2109
532,5887	1,5657	-3,1471
532,8486	1,5662	-3,0630
533,1084	1,5667	-3,1701
533,3683	1,5672	-3,0987
533,6282	1,5678	-3,1624
533,8881	1,5683	-3,0732
534,1479	1,5688	-3,0783
534,4078	1,5693	-3,1777
534,6677	1,5698	-3,1115
534,9275	1,5704	-3,1395
535,1874	1,5709	-3,1395
535,4473	1,5714	-3,1420
535,7071	1,5719	-3,1140
535,9670	1,5724	-3,0911
536,2269	1,5730	-3,0248
536,4868	1,5735	-3,0605
536,7466	1,5740	-3,0324
537,0065	1,5745	-3,0503
537,2664	1,5750	-3,0656
537,5262	1,5756	-3,1420
537,7861	1,5761	-3,1140
538,0460	1,5766	-3,0452
538,3058	1,5771	-3,0630
538,5657	1,5776	-3,0758
538,8256	1,5782	-3,0605
539,0855	1,5787	-3,1089
539,3453	1,5792	-3,1166
539,6052	1,5797	-3,0223
539,8651	1,5802	-3,0146
540,1249	1,5808	-3,0911
540,3848	1,5813	-3,0936
540,6447	1,5818	-3,1064
540,9045	1,5823	-3,1420
541,1644	1,5828	-3,1675
541,4243	1,5834	-3,1777
541,6842	1,5839	-3,0146
541,9440	1,5844	-3,0477
542,2039	1,5849	-3,0987
542,4638	1,5854	-3,1038
542,7236	1,5860	-3,0401
542,9835	1,5865	-3,0732
543,2434	1,5870	-3,0401
543,5032	1,5875	-3,0401
543,7631	1,5880	-3,0809
544,0230	1,5886	-3,0095
544,2829	1,5891	-3,0477
544,5427	1,5896	-3,0962
544,8026	1,5901	-3,1115
545,0625	1,5906	-3,0707
545,3223	1,5912	-3,1064
545,5822	1,5917	-3,1217
545,8421	1,5922	-3,0834
546,1019	1,5927	-3,1930
546,3618	1,5932	-3,1420
546,6217	1,5938	-3,1318
546,8816	1,5943	-3,1599
547,1414	1,5948	-3,0630
547,4013	1,5953	-3,1318
547,6612	1,5958	-3,1522
547,9210	1,5964	-3,2134
548,1809	1,5969	-3,2236
548,4408	1,5974	-3,2414
548,7006	1,5979	-3,1395
548,9605	1,5984	-3,0860
549,2204	1,5990	-3,0477
549,4803	1,5995	-2,9789
549,7401	1,6000	-3,0579
